spsp
14
2
500
27 9 36 7 40 50 7 32 10 10 13 45 18 37 
115 122 151 88 148 137 77 144 112 109 93 149 99 113 
10 10 
0.002 0.002 0.002 0.002 0.002 0.002 0.002 0.002 0.002 0.002 0.002 0.002 0.002 0.002 0.002 0.002 0.002 0.002 0.002 0.002 0.002 0.002 0.002 0.002 0.002 0.002 0.002 0.002 0.002 0.002 0.002 0.002 0.002 0.002 0.002 0.002 0.002 0.002 0.002 0.002 0.002 0.002 0.002 0.002 0.002 0.002 0.002 0.002 0.002 0.002 0.002 0.002 0.002 0.002 0.002 0.002 0.002 0.002 0.002 0.002 0.002 0.002 0.002 0.002 0.002 0.002 0.002 0.002 0.002 0.002 0.002 0.002 0.002 0.002 0.002 0.002 0.002 0.002 0.002 0.002 0.002 0.002 0.002 0.002 0.002 0.002 0.002 0.002 0.002 0.002 0.002 0.002 0.002 0.002 0.002 0.002 0.002 0.002 0.002 0.002 0.002 0.002 0.002 0.002 0.002 0.002 0.002 0.002 0.002 0.002 0.002 0.002 0.002 0.002 0.002 0.002 0.002 0.002 0.002 0.002 0.002 0.002 0.002 0.002 0.002 0.002 0.002 0.002 0.002 0.002 0.002 0.002 0.002 0.002 0.002 0.002 0.002 0.002 0.002 0.002 0.002 0.002 0.002 0.002 0.002 0.002 0.002 0.002 0.002 0.002 0.002 0.002 0.002 0.002 0.002 0.002 0.002 0.002 0.002 0.002 0.002 0.002 0.002 0.002 0.002 0.002 0.002 0.002 0.002 0.002 0.002 0.002 0.002 0.002 0.002 0.002 0.002 0.002 0.002 0.002 0.002 0.002 0.002 0.002 0.002 0.002 0.002 0.002 0.002 0.002 0.002 0.002 0.002 0.002 0.002 0.002 0.002 0.002 0.002 0.002 0.002 0.002 0.002 0.002 0.002 0.002 0.002 0.002 0.002 0.002 0.002 0.002 0.002 0.002 0.002 0.002 0.002 0.002 0.002 0.002 0.002 0.002 0.002 0.002 0.002 0.002 0.002 0.002 0.002 0.002 0.002 0.002 0.002 0.002 0.002 0.002 0.002 0.002 0.002 0.002 0.002 0.002 0.002 0.002 0.002 0.002 0.002 0.002 0.002 0.002 0.002 0.002 0.002 0.002 0.002 0.002 0.002 0.002 0.002 0.002 0.002 0.002 0.002 0.002 0.002 0.002 0.002 0.002 0.002 0.002 0.002 0.002 0.002 0.002 0.002 0.002 0.002 0.002 0.002 0.002 0.002 0.002 0.002 0.002 0.002 0.002 0.002 0.002 0.002 0.002 0.002 0.002 0.002 0.002 0.002 0.002 0.002 0.002 0.002 0.002 0.002 0.002 0.002 0.002 0.002 0.002 0.002 0.002 0.002 0.002 0.002 0.002 0.002 0.002 0.002 0.002 0.002 0.002 0.002 0.002 0.002 0.002 0.002 0.002 0.002 0.002 0.002 0.002 0.002 0.002 0.002 0.002 0.002 0.002 0.002 0.002 0.002 0.002 0.002 0.002 0.002 0.002 0.002 0.002 0.002 0.002 0.002 0.002 0.002 0.002 0.002 0.002 0.002 0.002 0.002 0.002 0.002 0.002 0.002 0.002 0.002 0.002 0.002 0.002 0.002 0.002 0.002 0.002 0.002 0.002 0.002 0.002 0.002 0.002 0.002 0.002 0.002 0.002 0.002 0.002 0.002 0.002 0.002 0.002 0.002 0.002 0.002 0.002 0.002 0.002 0.002 0.002 0.002 0.002 0.002 0.002 0.002 0.002 0.002 0.002 0.002 0.002 0.002 0.002 0.002 0.002 0.002 0.002 0.002 0.002 0.002 0.002 0.002 0.002 0.002 0.002 0.002 0.002 0.002 0.002 0.002 0.002 0.002 0.002 0.002 0.002 0.002 0.002 0.002 0.002 0.002 0.002 0.002 0.002 0.002 0.002 0.002 0.002 0.002 0.002 0.002 0.002 0.002 0.002 0.002 0.002 0.002 0.002 0.002 0.002 0.002 0.002 0.002 0.002 0.002 0.002 0.002 0.002 0.002 0.002 0.002 0.002 0.002 0.002 0.002 0.002 0.002 0.002 0.002 0.002 0.002 0.002 0.002 0.002 0.002 0.002 0.002 0.002 0.002 0.002 0.002 0.002 0.002 0.002 0.002 0.002 0.002 0.002 0.002 0.002 0.002 0.002 0.002 0.002 0.002 0.002 0.002 0.002 0.002 0.002 
  27   24   26   28   27   24   18   25   18   27   17   18   17   28
  28   53   31   38   42   36   48   48   43   38   54   41   50   51
   5   10    2    9    6    5    9    4    3    6    4    7    8    3
  10    9    6    3    6   10    2    7    7    7    9    9    8    6
  13   13    6   21   14    9    4    8   14    3    7   18   22   13
   9    6    7   10   12    3    8    5   12   10   15   14    4    5
  18   15   13   17   18   13   13   18   18   17   16   13   28   31   17   13   17   17   18   16   13   14   13   17   14   19   14   18   15   29   13   15   13   31   13   17   16   13   14   15   12   15   20   18   17   19   17   14   15   16   16   15   12   12   14   17   13   19   16   31   29   18   14   14   15   16   27   16   16   20   20   15   17   16   15   19   16   16   18   13   15   17   15   16   19   13   12   17   18   19   18   15   13   13   17   14   31   18   20   30   14   19   18   15   17   18   28   31   19   15   18   15   14   17   19   16   19   18   17   19   20   18   30   13   19   17   13   15   19   18   13   19   16   13   14   27   16   14   13   15   18   19   20   32   28   12   13   13   16   14   13   15   15   29   18   13   32   12   15   13   14   15   14   17   17   17   17   32   16   28   13   13   13   19   18   30   27   19   13   18   14   18   12   19   16   17   12   32   15   18   20   17   18   13   20   14   19   14   15   18   16   16   14   19   16   13   33   13   12   13   20   14   20   16   27   14   16   27   14   18   15   15   15   19   20   13   18   14   18   14   17   15   16   17   18   13   14   19   12   18   18   18   19   30   17   15   18   15   12   19   15   15   19   15   13   15   15   19   16   19   13   15   13   14   18   13   18   13   13   17   15   13   14   17   20   15   13   17   14   19   15   14   14   12   30   14   14   27   28   18   15   19   15   16   15   15   17   17   15   30   20   18   13   14   19   19   18   13   18   32   17   19   14   33   15   14   19   30   17   27   19   18   15   13   19   14   14   12   17   33   19   19   20   19   15   13   20   15   17   14   27   15   17   14   13   13   18   16   19   15   15   16   19   15   15   18   14   14   18   16   20   17   19   15   15   20   32   18   13   16   15   14   18   20   18   13   18   14   16   16   17   18   18   17   30   12   18   14   14   14   13   18   18   16   15   16   18   19   18   17   17   14   32   18   17   17   17   13   15   20   15   17   14   15   16   13   18   17   15   19   14   29   16   17   17   31   17   19   16   20   18   15   13   16   28   13   14   13   16   15   18   17   15   19   31   15   15   17   32   29   18   13   16   13   16   15   17   13   14   17   12   32   18   13   13   15   13   16   16   18   20   13   14   18   13   27   20   29   29   19   15   15   15   19   15   13   20   13   16   14   15   14   19   17   13   15   15   27   19   30
  18   13   16   18   13   16   19   28   17   19   19   20   14   17   16   18   14   28   14   18   16   15   14   15   15   16   17   31   17   15   19   17   14   20   19   12   17   32   14   14   19   19   17   28   12   15   14   30   13   13   13   18   27   19   16   19   19   18   28   18   33   20   15   19   13   14   12   18   12   17   18   15   16   12   15   17   13   19   16   13   16   14   18   16   14   13   13   20   16   14   17   17   31   14   17   20   13   14   18   13   17   15   16   17   30   28   18   16   15   19   14   18   14   33   17   16   15   16   18   17   19   15   18   12   14   15   14   20   19   19   32   20   18   16   15   32   14   19   29   20   16   14   15   18   17   20   15   17   14   14   13   13   16   15   15   17   14   14   15   20   14   16   18   15   16   13   15   16   20   16   15   13   20   19   14   18   13   15   12   13   19   18   12   19   14   32   15   19   20   20   16   13   17   14   13   28   19   14   13   17   32   20   16   15   16   18   20   15   28   16   19   31   29   14   17   15   15   17   30   17   30   14   13   14   27   16   15   18   16   14   15   18   14   14   32   18   15   18   14   14   15   17   16   14   18   17   13   18   14   15   15   16   17   14   14   20   20   17   31   15   17   16   14   15   16   15   18   17   17   19   15   14   14   17   18   18   15   17   14   17   13   16   14   13   19   20   29   17   14   20   15   15   19   15   14   15   15   19   16   16   17   20   20   17   17   27   15   28   16   18   14   15   16   19   18   15   17   15   18   13   29   17   15   16   14   16   16   13   12   13   17   20   15   15   13   19   31   16   13   17   20   14   27   13   18   13   19   16   20   18   19   33   16   30   17   17   16   17   15   17   17   15   15   15   29   17   15   13   20   17   13   13   18   28   16   18   14   30   16   19   13   15   19   20   15   14   14   15   18   17   15   17   14   13   13   18   14   13   15   17   17   31   30   19   17   17   13   14   14   17   14   19   19   17   16   17   15   15   27   13   14   13   19   19   18   15   19   19   20   16   15   31   15   19   16   16   13   16   16   19   17   18   18   16   13   15   14   17   19   14   12   17   13   19   15   14   18   18   15   16   14   19   18   15   20   17   29   15   15   16   15   14   17   13   13   12   19   14   13   28   18   19   15   15   20   17   31   19   13   13   14   19   18   32   14   16   32   13   14   19
   6    9    7    7    6    6    7    9    6    6    7    7    9    7    9    9    7    6    7    8    7    6    6    7    9    6    7    7    8    8   13    9    9    7    9   14    7   14    9    6    8    9    7    7    8   14    8   13    6   15    8    8    9    9    6    7    7    6    8    6    9    8    8    9    6    8    7    8    7    7    6    7    6    6    8    8   15    8    6   13    9    8    8    6    6    9    9    6    7    7    6    6    8    7    6    9    7    7    9    8    9    9    6    7    8    7    7    6    8    7    9    9    6    6    7    9   14    6    7    6    8   15   13    9    6    6    8   13    9    8    8    9    9    6    9    7   14    7    9   15    6    6   15    9   15    8    7    7    8    8    7    9    6    8    7    7    9    7    9    8    7    6    7    7    7    9    8    9   14    9    7    8    7   14    9    9    7    9   14    6    7    7    7    9    9    8    7    6    9    7    6    9    7    9    8    7    6   14    7    6    8    8    7    6   15    8    8   15    7    6    8   15    6    6    9    7    7    8    8    9    7   15    9    6    8    7    6    9    9    9    6    6    6    6    9    9    9    9   13    8    9    7    8    8   13    9    8    9    7    9    9    9    7    9    6    9    8    9    8    7   14    7    8   15    8    8    9    7    8   13    6    7    7    7   15    6    7    8    7    8    9    7    9    7    8    8    7    7    7    7    8    7    8    7   15    7    8    9    8    7    9   14   14    9    9    7    7    7   13    8    7    6    7    9    6    9    7    6    7   14    8    7   15   14    9    8    7    8    9    6    9    8    7    9    8    8   13    9    9    6    7    9    7    7    6    9    8    8    9    7    8    7    9    7    6    9    8    7    8   15    9    7    7    6    9    6    8    8    9    7    9    8   14   13    8    7    7    8    7    6    9    8    6    8    8    9   13    9    7    9   13    7    9    9    7   15    7    8    6    8    6    6    9    8    9    7    6    6    9    9    7    7    8   15    7    7    7    9    9   14    7    7   15    9    8    6    7    8    9    8    8    7    6    7    8    9    6    6    7   14    8    8    7    7    8    6    7    6    8    9   14   15    9    7    8    8    9    9    7    8    6    8    9    7    7    8    9    9    7    9    9    7    9    8    9    8    6    7   15    9    8   14    9    9   13    9    9    8    7    8    7    8    6    8    9    8    8    9    8    9
  24   30   21   27   27   26   26   29   28   29   27   22   20   31   24   26   82   28   26   30   26   27   22   25   28   28   25   32   26   26   26   24   31   23   27   66   74   19   22   19   31   22   20   23   72   25   22   23   29   28   24   21   30   25   27   79   31   25   21   20   20   27   31   28   68   25   28   25   26   22   21   21   24   21   30   20   25   30   29   22   69   27   25   31   29   31   31   79   24   21   28   21   22   27   24   74   20   21   26   20   73   29   29   31   26   22   26   24   73   24   24   26   31   22   20   32   22   22   30   29   25   27   22   30   32   20   21   28   28   27   22   21   29   30   77   26   27   26   32   20   27   25   21   79   22   24   25   29   31   26   22   21   22   25   25   27   26   26   74   30   27   31   27   25   25   68   25   22   21   25   24   28   22   26   27   23   28   28   22   24   28   23   31   27   29   22   75   67   77   25   25   22   23   24   27   22   23   28   83   29   21   32   27   29   32   23   23   28   25   31   32   25   25   31   27   21   24   32   23   72   31   21   26   27   20   21   31   20   24   31   27   30   28   27   23   21   26   24   26   26   30   19   24   26   32   24   30   29   25   25   27   23   82   21   23   72   25   23   28   28   31   30   23   30   24   26   21   31   31   23   27   22   24   30   30   72   30   22   25   22   28   27   22   24   28   26   25   30   28   26   28   24   24   25   26   83   27   30   67   24   28   19   22   31   26   25   22   27   22   25   31   22   23   27   29   21   24   22   20   22   26   25   31   21   30   32   24   25   21   78   32   24   23   31   24   76   26   23   26   28   24   28   25   23   19   28   26   27   20   30   26   26   21   31   26   31   28   30   22   29   20   26   24   27   32   29   22   32   27   28   21   23   30   22   20   31   24   76   32   21   29   21   26   31   28   24   23   30   25   21   27   24   24   20   21   29   31   83   20   19   24   22   21   69   26   24   74   31   24   25   72   22   22   30   20   24   28   19   31   25   26   24   20   22   30   32   31   78   21   29   26   31   21   21   24   27   84   21   22   26   26   25   23   20   67   30   65   30   19   24   68   83   20   24   29   31   30   24   27   31   23   29   26   28   28   30   22   32   30   27   21   29   28   29   22   81   30   26   23   22   30   31   27   24   20   77   69   30   29   22   20   29   23   20   64   29   21   27   25   20
  20   16   14   20   16   15   16   19   14   15   17   15   20   18   17   16   14   17   19   16   13   13   17   15   30   14   35   15   34   33   16   15   20   20   17   16   16   19   13   16   31   17   15   19   17   21   21   16   15   15   19   17   20   20   15   15   15   14   17   14   20   19   20   16   16   14   18   15   14   20   19   20   16   16   21   16   17   14   15   14   19   14   20   15   14   17   16   20   29   18   16   17   19   33   19   18   35   21   19   19   18   17   18   20   16   15   35   14   18   21   20   20   17   18   15   35   17   17   17   13   16   14   20   15   18   21   19   18   16   21   17   32   33   20   33   20   31   18   16   16   17   16   17   18   18   14   21   21   17   21   17   20   30   15   30   18   19   13   19   15   20   19   17   19   20   18   18   17   20   18   18   21   21   17   17   19   19   33   18   20   17   20   21   21   21   18   19   20   16   19   19   18   21   15   17   19   16   15   14   20   34   21   16   18   16   16   16   19   33   16   17   18   18   21   30   13   15   17   21   18   19   21   15   15   18   20   34   16   20   19   14   18   15   19   14   18   17   21   15   16   21   32   19   18   21   15   20   18   13   14   19   21   17   20   30   19   21   14   30   16   19   20   16   16   18   33   15   16   20   16   29   17   21   34   16   17   18   14   17   17   17   35   17   15   16   19   20   15   18   18   13   30   33   19   19   35   21   15   19   18   14   14   16   20   18   16   18   31   16   14   18   15   14   19   20   20   19   15   13   17   16   18   21   16   30   18   14   16   14   17   16   17   18   19   14   17   20   33   18   35   18   13   29   17   15   21   21   20   16   30   19   19   15   14   32   20   16   14   20   17   17   34   16   13   33   14   17   29   19   29   20   17   17   20   32   16   15   14   16   18   14   14   18   18   21   18   13   18   17   31   16   35   13   18   15   18   21   19   18   15   15   18   20   14   19   21   15   19   15   15   19   21   21   14   19   20   15   20   16   14   15   30   18   15   20   16   32   16   18   20   13   14   33   16   29   21   18   20   18   17   21   19   15   14   16   19   19   20   31   15   20   21   21   14   32   14   13   31   17   21   14   20   16   20   13   17   20   14   20   14   21   20   14   18   21   14   20   33   33   14   14   14   20   19   18   18   17   16   19   31   13   21   16   18   17   18   17   17   14   16
  10   13   13   11   21   10   20   10   11    9   11    9    9   12   11   14   11   13   11   11   13   11   11   10   12   10   10   10   22   14    9    9   21   10    9   10   11    9    9    9    9   13   14   12   13   19   11   10    9   13   12   22   21   13   23   10   11   13   14   13   19   20   11    9   14   10   12   14   19   12   14   13   12   12   13   12   10   13   13    9   14   12   12    9    9   12   13    9   13   12   11   14    9   11    9   11   13   10   12   13    9   13   14   13    9   19    9   11    9   12    9   14   11    9   10    9   12   12   10   12   13   10    9    9   14    9   10   19   10   13   10   12   13    9   12   20   14    9   13   20    9    9   10   12   10   12   13   10   13   13   10   13   13   14   10   23   10   13    9   10   13   23    9   14   13   11   12   11   13   12   11   12   10   11   10   13   10   11    9   12   11   11    9   11   11   12   11   11   12   14   12   10   10   12    9   12   13   11   12    9   21   11   11   13   22   12   10   20   10   13   12   13   14   13   12   10   11   12   10   12   12   12   14   23   12   10   13   13    9   10   19   12    9    9   11   11    9   12   12   12   11   13   12   12   10   11   11    9   10   21   10   10   12   12   11   14   11   12   13    9    9   11   13   10   10   14   13   14    9    9   13   12    9   10   23   13   13   10    9   22   11   12   10    9   11   11   10   12   10   13   13   22   10   13   20   11   10   12   13   12   13   12   12   13   10   10    9   13   11   10   10   11   14   10   10   13   13   10    9   12   19   13   12   12   10   12   11    9   14   19   20   10   11    9   11   14   12   23   13   10   10   13   10   12   13   11    9   10   10   22   11   14   10   10    9   13   13   12   20   12   22    9   11   10    9   11   21   10   12   13   13   13   11   11   19   12    9    9   13   14    9   10   10    9   12   12   14   21   13   11   10   21   10   20    9   12   11   12   11   11   20   12   13   12   12   13   10   14   12   13   14    9   13   13   13   11   20   12   12   13    9   11   13    9   10   11   12   19   11    9    9   10   11   10   10   14   11    9   13   13   14   14   22    9   10   13   12   11   10   11   13   14   10   11    9   11    9    9   13   11   11    9   13   12   12   21   10   11   10   22   10   14   12   20   12   13   10   10   10   13   11   20   10   12   19   11   10   12   14   10    9   14   12   10   12   11   14   12   10   10
   6    5    5   10    5    4    6    5    4    5    5    6    5    5    5    5    6    6    5    5    6    4    6    5    6    6    5    6    4    6    6    5    6    5    5    5    5    6    4    5    6    6    5    6    4    6   10    5    6    6    5    9    5    4    6    4    5    6    6    6    5    9    6    6    5    6    5    6    4    6    5    5    4    6    6    6    6    6    4    4    5    6    6    5    9   10    4    5    6    5    6    6    6    6    6    6    9    6    4    5    6    4    4    5    5    6    6    6    6    5    6    6    5    5    6    6    5    5    4    4    5    4    5    6    6    6    4    5    4    4    5    4    6    4    9    6    5    6    6    4    5    9   10    5    6    6    4    6    4    4    5    5    6    5   10    4    6    5    6    5    6    6    6    5    5   10    5   10   10   10    5    5    9    5    5    4    6    6   10    5    5    6    5    5    5    5    5    5    5    4    6    6    4    5    5    4    5    5    5    6    4    5    5   10    6    5    6    6    4    5    6    5    5    5    9    5    6    4    5    4    5    6    6    4    4    4    9    6   10    5    6    6    6    6    5    5    5    6   10    5    6    5    5    4    6    4    5   10    6    6    9    6    4    5    6    4    4    5    5    6    5    6    6    5    6    6    5    5    6    6    9    5    6    5    4    5    6    5    4    4    6    5    4    5    6    4    6   10    4    6    5    5    5    5    5    6    6    6    5    5    6    4    4    5    5    6    5    4    5    5    5    4    6    5    4    5    4    4    6    4    6   10    5    6    6    5   10    6    6    6    4    6    4   10    6    6    5    4    9    4    6    6    5    5    4    6    6    5    6    5    5    4    6    5    5    9    5    5    5    6    5    6    5    6    5   10    5    6    4    5    4   10    6    5    5    6    6    4    5    6    6    5    5    4   10    5    5    6    5    5    6    6    4    5    4    4    5    4    6    6    6    6    9    4    5    5   10    5    5    5    5    4    6    6    5    6    5    4    6    6    6    5    5    5    6    5    6    4    6    5    5    5   10    5    5    6    4    6    5    6    5    5    5    5    5    4    6    6    6    4    5    6    5    6    4    4    4    5    5    6    5    5    6    5    9    4    5    5    6    9    5    5    6    6    5    4    6    6    5    9    5    5    5    6    5    5    4    4   10    6    5    5    9    6    4    6    5    5   10    5
  12   10   19    8   12   11   11    9   12   11   11   10   11   11    8    9   11   11   11   10   12   11   12   17   11    8   11    8   11   11    9    9    9   12   20    9   11   10   12    9   11    9    9    9   12   17    8   11   10    9   12   12   11   12   11   10    9   11    8   10    8    8    9   12    9   11   10    9    8   11    9    9    9   11   11    8   10   12   11   10    8   12   11    9   12    9   18   10    9   11   11    9    9    9    8   11    9    8    9   18   17   12   10   12    9   11   10   10    9    9   11   12    9   12   12   11    8   11   10   12   11    9    9   10   11   10   11   10    9    9   10   11   11    9    9    9   11   10   12    9    9    8   11    9   12   18   12    8   10   19   12   10   10   11   10   12   10    8   19    8    9    8   11   10   12    9   10    9    8   10   18   11   10   11   12   10   10   10   12   12    9    8   12   12    8   18    9   10   12   12   17   11   11    8   11    9   12    8    9   12   11   11   10   12    9   11   10   12    9   10   10   10   10    9    9    9   10   10   12   20    8   17   12   12    8    9   10    9   11    9    9    8   10   12   12   11    8    9   12    8   11   10    9   11   11    9   12   10   11   17   12   10   10   12   10   10   12   12   12   11   11    8   12    9   11    9   11   12   11   11    9   11    9   11   12   11   12   12   11   10   11   17   10   12    9   12   12   10    8    8   11   11   10   12   11   10   20    9    9   20   11   12   12    9   12    8    9    9   11    8   11   11    8   12   10   12   12   10   12    8   12   18   12    8   12   12    8    8   20    8   11   11    9   11   12   11   11   11   12    8    8   10   12    8   12    9   10   18    8   11    8   12    8    9   12   11    9   12   11   10   10    9   10    8    9   12   12   12   11   12    8   10   12   10    9   12    8   11   11   11    9   11   10    8   11   19   11   10   12   18   10   10    9   20    9    9   19   12    9    8   10   17   19   12    8   10   11   10   11   10    9   11    8   10   10   11   12   12    9    8    8    9   17    9    8    9   11   10    9    9   12   11   11   12   10   10    9   11    9    9    9   10   10    9   12   10   11   12   11   11    9   20   19    9   12    9   12   10   12    9    8   11   12   11   12   10    9   11    9   12    8   10    9    9    9   18   12    9   10   17   10    8   12   12   11   12   18   10   12    9   19   17    8    9    8    9    8   12    8   10
  19   16   19   16   16   14   16   17   14   14   21   19   15   21   14   16   13   34   13   15   18   17   14   20   20   17   19   17   15   14   18   19   33   19   16   35   16   15   17   15   16   18   18   18   32   13   18   20   17   34   17   20   15   18   17   18   14   29   34   17   14   15   19   15   16   15   21   34   14   15   13   31   16   18   17   13   21   17   16   19   16   14   21   15   16   16   16   21   30   20   14   16   21   15   18   16   21   14   18   34   21   19   19   30   19   15   30   21   16   15   20   17   19   14   16   14   18   14   14   15   15   17   14   13   14   21   20   16   13   14   21   20   18   17   16   21   19   31   20   21   31   18   13   15   16   18   14   31   17   21   16   21   14   19   16   20   17   18   18   16   14   20   17   21   16   21   19   14   15   13   18   18   17   18   14   14   15   13   20   16   21   20   21   18   13   32   21   17   15   16   17   17   19   17   19   14   17   19   16   21   31   17   15   19   20   34   15   16   18   13   20   15   14   17   17   21   20   15   20   20   19   17   19   14   15   35   17   17   18   15   19   19   21   34   20   15   13   17   18   30   19   19   19   16   31   21   15   34   15   16   20   21   16   20   16   13   18   17   18   17   15   14   14   21   21   19   13   17   15   20   30   15   30   20   20   17   17   19   34   35   15   13   16   21   18   17   15   19   17   16   19   15   33   14   15   18   21   17   20   20   17   18   16   19   20   15   21   32   16   16   19   18   17   21   33   18   21   15   15   16   15   14   14   20   14   13   14   21   19   16   17   14   16   20   20   18   15   18   19   33   18   17   17   20   19   19   20   20   16   15   35   17   15   34   32   19   13   14   19   15   15   21   19   21   21   21   18   18   21   21   18   21   20   18   21   20   16   30   21   20   16   13   32   19   14   20   33   15   21   18   15   13   18   17   16   16   21   19   15   14   29   20   21   20   29   14   17   20   13   20   21   19   18   16   13   14   21   14   13   15   16   17   21   16   18   15   17   21   16   14   17   16   15   34   21   17   16   16   17   18   14   21   31   15   30   19   21   19   16   15   14   19   17   19   14   15   19   16   21   32   17   17   16   21   20   30   17   20   19   15   15   21   18   30   15   14   33   19   20   16   21   13   13   17   15   14   14   15   20   20   19   18   14   20   17   19   16   16   20   21
   7    5    4    4    7    3    3    3    5    4    4    4    4    4    7    4    5    4    8    4    4    4    7    5    5    4    5    4    3    4    4    3    8    4    4    5    3    5    4    4    4    7    4    3    5    4    4    4    3    4    8    5    4    4    4    4    4    5    4    3    4    4    4    5    4    4    5    5    4    4    4    4    4    4    4    4    3    4    3    5    4    4    4    5    5    5    4    4    5    5    8    4    3    5    5    4    4    3    7    5    5    4    7    4    5    5    5    5    4    5    8    4    4    4    4    3    4    5    5    8    4    4    4    4    4    3    4    4    4    4    3    4    4    5    7    4    4    8    7    4    5    4    5    5    4    4    3    7    3    4    3    8    4    5    5    5    5    7    5    4    5    3    7    4    4    4    4    4    4    4    4    3    3    4    3    5    4    4    5    5    4    5    4    4    5    4    7    5    4    4    4    5    5    4    3    4    4    4    3    7    4    4    5    5    4    4    4    4    5    4    3    4    4    4    5    5    3    4    3    4    4    4    4    5    4    3    4    4    3    5    4    5    4    4    4    4    3    3    5    5    4    4    5    3    5    7    4    4    5    4    4    3    3    5    4    4    5    3    4    4    5    4    4    4    3    5    8    3    4    4    5    4    5    5    4    5    5    5    3    4    7    4    4    3    3    4    5    4    4    4    5    4    3    3    4    3    5    4    5    4    4    5    4    4    4    7    5    4    4    4    5    4    4    3    5    4    4    4    4    4    4    4    4    4    4    5    4    5    5    4    4    4    4    4    4    4    5    4    3    4    4    4    5    4    4    4    4    4    5    5    4    4    4    7    4    5    4    4    4    4    4    7    4    8    5    4    4    4    5    3    3    4    4    5    3    7    4    4    5    4    7    5    4    4    7    4    5    4    3    4    7    5    5    4    4    4    4    4    4    4    4    3    5    4    4    4    5    5    4    8    5    4    5    4    4    3    4    3    4    3    3    7    3    4    7    5    4    4    5    4    5    7    5    7    8    4    5    5    3    5    4    4    4    4    5    4    4    4    4    4    3    3    4    3    5    4    5    5    4    4    5    5    4    4    5    4    3    4    3    4    4    5    4    3    5    5    3    8    5    4    4    3    4    4    4    4    4    4    5    4    3    5    4    4    5    5    4    5    3    3
   7    9    8    7   10   18    8   11    7    9    9    9   10    7   10   10   16    7   17    7   10    7   18   10   11   10    7    8    8    8   17    7    8   10    8    8    7    7    9   11   10   18    7   10    7   10    8   10    8   10   10    7    8    9   10    9   11    8   10   10    9   10    9    8    9    8   10    8    8    9    7    8    8   18   18   10   10    8   15   10    9    9   10   10    8   10    9    9    7    7   11    9    9    9    7    9   10   10   11    8    8    7   18   10   11    9   10    7    8   10   10   10    7   10    8    8   15   11    9   18    9   10    9    8    8    7   11    7    8   10    9   17    7   10    7    7   11   10    8    8   15   15   10    9    7    9    8    8   11   10   16    9   11    9    9   11   10    7   10    8    8   11   15    8   11    8    7    9    9   10   17   16    7   15    9   15    8    8    8   10   10    8   11   16    9   10   11   10   11   16    9    8    7   10    7    7    7    8    9    9    9   10    7    7    7    8    8   11    9    7    7   10   10   10    8   11    7    8    9   11   11   10    7    8   17    9   16    9    7   10    7   10   11    9   11    8   10    8    9   10   11    7   11    8   10    8   10    9   11   10   10   11    8    7    7    7    7    9    8   15    9    8    8   10    8    8   10   10   10    8    8    8    8   10   10    9   11    7    7    8   10   10    7    8   15   17   17    9    9    9    8    7   11   11    9   16   11    7    9    7    8   11    8    9   10    7   10    8    7    7   10    8   10    7    7    8   11   15    8    8    9    9    8   11    8    7    9    7   10   17   10    8   11    9   18    8   10   10    7    9   10    9    9    7    8    9   16   15   10   11    8    8    8   10    8   10    9    9    7    9    7   10   10   10   11   10   10    9   11    9    8   10    8   11   10    9    9    9    8   10   11    9   16    9   11    8    9   10   10   11    9   10   10   10    8    9    7   17    7    9   11   18    9   11   10    7    8   10   17   16    7   11    9    8   11   17    9   10   11    7    9   16    8   11    9   10    7    8   16    9    7    8    8    9   10   11    7    8    9   10    8    7   10   15   10    8   10    7   17    8    9    8    8    8    7    9    9    7   10   10   10   11   15    8   17    7   11    9   17    9    8   15   11    7   10    7    9   11    8    8    8   15   15    7    7    7   16    7    9    9    8    8    8   11   10   11    7    9    7    7
  20   27   17   27   61   19   24   23   26   56   23   26   18   22   20   23   22   22   25   18   19   21   21   21   21   24   26   20   17   17   17   22   17   26   21   17   21   27   18   17   25   23   22   26   27   19   17   27   66   22   26   23   17   24   21   22   21   20   27   17   22   21   18   20   18   22   25   26   65   22   23   25   18   58   23   70   21   25   27   22   27   25   19   27   18   26   61   26   22   24   25   27   23   18   20   23   22   25   27   20   21   19   26   26   21   23   58   20   22   24   17   18   20   17   17   72   19   27   26   17   24   27   24   25   27   22   21   21   19   26   27   27   19   20   25   26   25   25   19   22   22   26   21   27   17   27   23   55   23   22   20   25   25   25   25   26   25   22   18   17   27   26   26   24   27   20   22   21   24   25   25   71   23   19   27   59   17   21   22   27   25   27   24   22   20   26   25   17   58   20   27   20   23   18   22   17   18   22   24   20   26   23   17   18   26   22   24   65   21   17   21   23   25   17   66   26   24   18   25   23   56   70   20   24   19   25   18   27   19   18   27   18   24   27   26   25   22   24   24   26   18   21   27   20   26   25   21   27   19   18   17   27   17   22   23   17   19   24   22   67   22   19   26   19   23   23   21   23   18   25   19   20   24   27   20   17   25   20   27   24   17   21   64   27   17   24   18   17   20   27   22   19   58   18   21   59   26   18   22   19   23   19   19   19   25   19   23   20   27   18   19   21   19   22   24   23   18   70   23   19   56   22   21   17   18   27   27   20   27   26   59   22   26   17   27   19   20   27   19   25   23   21   25   70   22   65   17   17   26   17   19   24   18   27   21   19   69   22   59   20   27   22   27   65   24   19   25   25   23   23   27   27   27   17   18   25   20   19   23   21   18   19   20   27   55   26   18   27   27   19   68   21   67   21   21   20   18   17   25   20   18   25   19   25   69   18   20   27   17   26   24   67   20   19   66   26   20   17   70   23   19   20   22   64   26   26   24   22   20   21   19   18   26   22   22   26   19   19   18   22   27   17   20   17   22   24   68   26   19   20   27   69   18   19   57   72   20   67   22   26   18   26   26   24   19   26   23   72   23   25   21   22   23   24   20   17   25   18   23   23   22   22   25   22   60   23   21   23   19   18   24   21   20   23   22   17   17   17   19   25
  33   33   28   32   32   30   26   24   31   84   21   23   23   33   21   30   33   29   28   24   32   23   23   22   27   31   29   25   81   27   22   82   21   22   24   28   21   21   33   32   28   27   28   27   31   26   26   29   88   26   30   29   33   21   22   32   29   23   31   33   31   30   27   83   24   28   32   81   31   29   31   32   26   24   25   20   25   26   31   25   27   24   71   24   88   32   31   28   21   26   22   30   27   28   25   29   23   24   33   28   32   84   22   75   81   32   33   26   21   32   30   31   25   29   29   25   33   23   27   24   26   21   73   27   30   76   30   32   30   27   31   28   26   30   69   25   25   21   87   71   32   32   26   30   30   27   32   31   33   29   79   22   31   33   77   32   21   23   22   24   30   27   22   30   25   82   73   26   24   28   23   73   23   27   73   24   24   26   25   25   26   33   32   33   25   28   31   27   33   21   31   87   33   29   30   24   29   30   29   29   25   83   84   31   31   24   32   33   32   24   25   24   31   31   22   25   33   21   23   21   31   24   29   24   25   22   21   26   26   72   22   27   24   29   74   25   88   25   31   32   29   28   21   33   26   26   21   32   25   29   27   25   24   32   81   24   28   26   30   28   32   32   77   27   30   22   30   72   31   30   23   21   24   23   32   25   26   29   22   25   24   23   74   23   22   88   23   31   30   26   23   81   25   24   33   31   30   83   21   20   24   27   33   28   69   27   80   29   23   27   23   28   26   30   27   27   70   29   74   29   24   23   28   28   25   23   26   27   72   22   27   33   25   31   24   23   21   33   80   24   27   29   22   24   73   25   31   28   74   33   25   23   21   30   24   22   20   21   25   32   68   26   70   21   26   29   24   32   25   22   26   29   23   30   27   26   71   29   25   23   31   88   29   26   20   30   29   22   33   67   30   23   23   33   25   30   29   21   24   26   21   23   28   24   30   21   24   70   33   30   26   22   33   23   26   30   22   28   27   31   22   72   22   21   29   26   25   21   20   26   31   32   33   28   27   29   88   28   26   22   28   23   80   23   21   32   26   28   28   22   27   32   29   28   29   23   33   20   25   27   27   77   23   32   21   28   31   21   20   27   79   28   70   28   32   21   28   27   26   25   29   23   32   31   77   29   26   32   24   75   30   29   78   28   30   25   33   31   26   29
  13   13   18   16   17   15   14   13   15   16   15   31   14   15   14   16   15   19   19   14   18   14   17   14   19   17   13   17   20   15   17   13   15   17   30   20   13   12   31   19   17   16   13   19   19   16   19   28   29   29   16   15   13   12   19   13   30   30   14   15   13   14   13   15   17   17   14   12   19   12   19   15   18   20   16   18   19   28   18   15   16   12   13   14   19   18   19   20   16   14   31   13   30   13   16   12   19   16   13   13   20   16   13   29   16   15   13   15   16   17   31   18   15   13   19   18   16   16   17   16   17   20   14   17   20   14   18   13   17   13   15   15   12   29   19   17   15   14   17   12   28   29   20   19   30   12   17   31   15   19   16   20   19   13   13   19   28   18   30   14   16   15   15   19   14   14   27   19   16   16   17   32   13   18   14   32   17   14   19   14   16   17   17   18   13   15   18   13   14   14   19   15   18   19   18   18   15   16   15   15   12   15   13   13   15   19   18   13   14   16   18   30   16   19   32   18   14   18   17   17   14   20   17   18   16   19   19   17   15   14   19   19   15   13   13   19   14   19   28   14   15   16   13   14   20   16   13   15   19   32   19   16   19   17   20   19   17   13   13   20   15   13   14   19   12   15   19   19   18   15   19   17   17   16   14   13   15   17   15   16   13   20   20   13   32   17   13   15   15   16   19   15   16   18   15   14   17   18   14   13   15   13   19   18   20   15   20   19   16   13   32   14   19   13   16   18   13   13   19   20   16   13   32   18   16   19   18   27   13   13   17   20   19   27   16   32   32   20   13   20   17   13   20   13   15   13   16   18   13   17   20   18   15   17   14   20   15   27   13   17   18   20   14   13   14   14   14   17   17   15   15   18   14   15   17   17   16   19   19   17   19   19   18   20   17   14   16   19   14   19   20   15   12   32   29   20   16   18   19   28   20   19   28   32   20   19   16   18   13   12   13   18   27   14   17   15   13   13   27   18   19   18   17   19   16   19   18   15   13   19   18   16   15   16   13   19   18   15   17   16   32   15   18   17   12   16   15   14   20   15   15   20   14   13   17   18   14   29   20   19   14   16   18   20   19   19   18   32   29   16   16   17   17   18   16   18   18   12   19   19   14   15   13   18   20   12   16   31   13   28   28   15   16   14   27   15   14   27   17   13
  12   12   10   10   21   12   14   11    9   11   13   10   13   13   11   10   13   11   11   13   22    9   21   13   11   10    9   10   10   11   10   12   12   14   11   13    9   11   12   10   12   13   13   13   11   22    9   13   12   13    9   14   11   11   13   10   11   11   11   13   10   23   14   20   13   12   11   22   11   12   11   12   10   11   12   13   11   13    9   10   20   11   13   11   11   14    9    9    9   13   11   13   10   12   14   19   13   20   11   12   11   12   14   13    9   12   19   13   13   10   10   10   11   10   14   20   10    9   11   11   10   12   14   20    9   14   10   19   10    9   12   10   14    9   19   13   10   12   21   11    9    9   10   13    9   19   13   12   13   13   10    9   14   10   12    9    9   10    9   13   13   13   10   11   10   11   13   11   12   14   14   10   12   12   11   10   10    9   11   12    9    9   10   10    9   23    9   13   14   13   12   13   10    9   13   12   10    9   12   13   10   10   11   22   11   11   10   12    9   14   10   14   14   19   14   12   13   13   10   12   12   12   20   11   14   12    9   11   13   12   10   13   10   13   10   13   12   14   14   12   14   10   14   11   10   22   12   11   11   10   13   10    9   12   10   13   11   12    9   13   10   12   10   13   22   14   13    9    9    9   11   10    9   20   14   10    9   12    9   21    9   11   12    9   14    9   12    9   10   11   13   13   23   13   10   10   11   13   10   11   13   10   12   13   10   10    9   14   13   10   12    9   23   11   13   12   10   11   13    9   20   12   11   13   13   10   10   13   23   22   11   12   12   11   12   13    9   10   10   14   12   12   13   12   11   11   11   10   20    9    9    9   22   10   13   12   11   12   10   11   10   12    9   12   11    9   12   12   13   20   20   20   11    9   10    9   13   12   13   13   22   11   13   11   12   12   11   12   11   14   12   20   11   14   13   10   10    9   11   10    9   12    9   10   11   12   13   10   13   11   11    9   11   10   11   23   11   11   12   12   11    9   13   10   12   13   19   10   13   20    9   13   14   11   21   11   14   11    9    9   10   10   11   10   22    9   12   12   12   13   10   11   11   12    9   12   13   11   11   12   11   10   10    9   11   10   13    9   10   14   11   12   23    9   12    9   11   11   12   22   10   14   14   11   14   12   12   11   10   13    9   12    9   10    9   14   11   11   10    9
   7    7    8   13   14    9    8    7    7   14    9    8    8    9    7    8    8    9    8    6   13    7    6    8    6    6    9    9    8    7    7    9    9   14    9    7    9   14    8    9   14    9    9   14    9    8    9    8   15    9    6    8    9    7    7    9    7    7    8    7    6    8    8    8    6    6    7    9    8    6    9    8    9    9    8    9    7    8    7    7    9    6    8   14    8    8    8   14    7    8    8    8    8    7    6    9    7    9    9    9    7    6    9    7    9    9    8   14   13    8   15   14    7    9    6    6    8    9    9    8    7    8    6    7    9    8    9    9    9    7    8    7    6    9    7    8    8    6    7   15    9    8    9    9    8    7    7    8    8    7   13    9    9    8    8    8    9    6    9    9    9    7    9    8    7    7    8    9    6    8    8   15    9    8    7   13    6    8    8    6    8    8    6   15    8    7    8    8    8    8    9    8    9    7    8    8    8    7    6    9    8    7    6    7    6    8    6    9    7    7   15    8    6    9    9    7    6   15    8    7    7    7    9    6    8    9    7    6    6    6    7    7    6    9    8    7    7    9    7    6    7   14    9    8    7    7    8    9    9    8    9    9   14    7    8    6    8    6    9    8    7    7    9    8    7    9   15    6    9    8   14    8    7    9   14    9    7    9    7    7   15    6    6    7   13    9   14    8    9    9    7    7    8    8    8    6    7   13    8   13   15    6    8    9    8   13    9    7    8    9    7    9    9    8    6    7    9    7    8    7    9    6    9    6   14    9    8    8    7    9    9    7    6    8    9    6    9   15    8    9    8   15    9    6    8    7    7    7    8    9    7   15    6    7    7    7    8    9    6    7    9    7    6    8    7    9    7    9    9    7    6    9   15    8   14    8   13    6    9    9    9    8    6    9    6    6   15    8    9    8    8    6   15    9    9    7    7    9    7    7    7    9    8    7    9    9    9   14    9    8   14   14    7    7    9   15    8    7    9    6    9    8    9    7    7    7    9    7    7    6    8    9    6    9    9    8    8    7    6    7    9    8    8    6    7    7    7    9    8    6    9    8    7    9    6    8    7    6    7    8    9    6   14    6    8   15    7   14    8    9    7    7    8    7    9    9    9    7    9    7    6    7    8    6    8    8    7    7    9    7    7    9    6    7    9   14    8    8    7    6
  17    8    9   10   11    9    8    8    8    8    7    7   11    7   11    7    7   11    7   10    9    7   10    8   16    7   18   11    9    7    7    7    8   15    8   11    8   10    9   16    9    7   10    8   16   10    8   10   10    7    8    7    8    7   10   10   10    9   10   18   10   11    7    8    9    9   11    9   10    7   18   10    8    8   17    8   11    8    7   10   10    9   18    7    7   10    8   10    8    9    8    8   11    9    7    9    8    7    9    7    9   18   10   10   11    8    7    8   10   11    7    8    9    8    9    9   10    7    8    7   15   10    9    8   10   11    8   10    7   10   10    8    8   10    7    9   17   10   11   10    9   17   10   10   11    8    9   10    9    7    8    9    7    9    7    9   10    8   10    9    9    7    8    7   10    8    9    9   10   10   16    8    8    8   10    9    8   10    8   11   11    7    8    7    9    7    8   15   10   11    7   15    9    9    7    8    9   11   10   10    9   10    8    8    9   10    8    9    8    9   10   11    9   10   10    7    9    9    8    7    8    7    7    8   11   11    9    8   11    7   16   11   17    7   17   16   10    9    8   17    7    7    9   10   11    7    9    7    9    7    9   10    9   17    8   15   10    9    8   10   18   16   11    9   15   11   10   10    9    8    8   16   11   10   11    8    9   16   10   16    7    8   15   11   10   11    7    8   11   11    7   10   10    8   11   10   10   18   11   10    7   10   10   10   18   11   10    7   17    8   11    9    9   16   11   16   16   11    8    7   11    9   15   16    8   15   10    9    9   17    9   11    9   15    9   10   10    8    8   10    8    9    8    7   10    9    9    9   10   15    8    9    9    7   11   17    9    9    8   10   16   11    9    8    9    7   11    8    8   10    8    9    9    9    9   18    8    7   10    7   10    8   10    9   10   10    9   10   15   10   17    7   10    9   18   10    8    7    8    7    8   11    9    9   11    7   10   11    8   11    9    8   10   10    8   18    7    9   16    8    7    9    7    9    7   17   11    9    8    9    7   16   10    8    8    9   16    8    7    8   10   10   10    7    8    9    8    8    7    8   10    7   11    8   17    8   10    9    8    8   16   11    8    7    9    9    9   10    9    9   10    8   10    7   10    8    9    9    7   11    9    7    9   10   10    7    8   10   10   11    7    7    9    8    9    9    9    8   18    7
  11   15   10   14   14   10   10   13   12   14   15   12   23   11   14   12   15   21   10   11   14   11   23   14   13   10   10   13   11   11   15   21   10   10   14   10   11   10   12   15   10   14   10   15   15   14   11   11   13   13   13   10   12   14   13   12   10   11   11   15   10   14   11   10   11   11   15   10   11   11   14   11   13   13   23   12   10   13   14   14   21   12   15   10   11   10   13   15   13   13   10   13   14   15   24   13   12   13   12   12   15   14   14   12   11   11   14   15   11   15   15   15   12   12   12   11   11   13   14   24   14   15   24   21   14   10   15   14   12   15   14   15   14   13   13   13   11   10   15   11   15   15   14   13   11   10   15   15   13   10   12   13   15   12   12   15   12   10   15   11   12   10   12   10   12   10   13   13   14   12   25   15   10   13   10   13   13   14   11   12   10   14   22   10   14   11   12   13   11   15   11   10   11   15   14   10   14   11   10   11   11   13   15   12   12   13   13   14   14   11   13   12   21   12   12   14   14   10   11   15   13   15   25   13   22   14   11   24   13   12   14   10   14   15   12   15   23   12   11   12   10   12   13   12   25   12   14   21   15   12   15   15   14   22   14   11   15   14   15   13   11   13   15   15   10   13   14   10   14   13   23   25   13   14   15   13   10   22   11   25   12   10   11   11   15   15   14   12   12   13   14   12   13   13   21   15   15   14   13   15   11   12   13   13   11   12   13   11   13   24   10   10   10   13   14   14   15   12   11   13   11   14   10   12   12   13   13   15   11   14   11   15   13   12   12   15   15   11   14   10   11   11   11   11   15   15   13   10   13   14   14   14   22   10   14   15   13   10   13   12   12   10   14   14   14   15   12   12   13   13   14   14   10   10   15   14   11   15   11   14   10   13   13   13   12   23   11   14   10   12   10   22   12   15   10   11   15   24   13   11   15   12   15   12   13   11   23   25   22   12   13   15   10   14   14   12   13   24   12   12   11   11   14   10   11   12   24   15   13   14   25   14   10   10   11   15   13   14   13   13   15   11   12   13   15   11   14   23   25   14   12   10   14   15   15   14   13   24   15   11   10   12   12   12   11   14   11   11   10   12   12   24   12   15   14   13   14   25   10   10   21   12   14   11   13   22   24   15   13   13   15   15   11   11   10   15   23   14   13   13
  12   18   11   12   11   14   16   18   16   16   14   13   15   27   15   16   15   13   17   16   14   16   16   12   17   13   12   12   13   17   18   14   13   18   15   18   12   12   18   16   14   16   26   25   16   15   14   12   14   13   12   17   29   13   15   25   16   26   14   15   18   17   14   15   16   13   16   12   16   16   15   25   18   16   15   18   16   17   16   13   12   15   13   15   13   17   12   16   13   14   12   16   16   17   14   28   15   17   11   30   29   16   15   13   12   18   15   14   15   17   15   12   14   17   13   16   13   29   13   17   12   26   18   13   17   16   14   17   12   16   12   13   18   12   13   14   12   13   15   12   18   15   18   18   12   15   18   12   29   18   13   16   17   28   12   14   14   16   13   12   26   18   28   13   12   14   13   13   13   16   13   26   28   13   16   18   16   12   12   13   17   11   16   17   14   16   18   16   17   13   11   14   14   14   18   13   11   18   15   17   15   15   16   13   11   13   12   13   17   26   14   25   12   16   15   13   15   17   16   26   17   12   16   14   14   18   12   12   12   18   29   14   29   17   14   29   17   13   14   16   26   12   16   11   14   17   13   14   15   13   12   30   17   12   17   12   13   17   15   18   18   13   13   26   16   12   16   12   14   13   15   18   18   14   17   16   12   14   27   16   17   12   14   14   18   12   17   27   14   12   14   27   17   15   12   14   13   15   15   15   17   13   11   18   14   25   12   17   12   14   13   25   14   17   16   12   18   18   16   25   14   16   16   12   13   15   12   17   13   13   17   18   13   29   16   18   17   18   16   25   12   16   13   14   15   18   16   14   14   13   13   17   17   12   12   16   13   14   17   13   12   27   15   13   17   14   13   15   29   18   17   13   17   17   14   17   16   13   12   16   13   13   13   26   12   15   13   18   13   15   16   14   13   12   16   13   18   14   12   17   25   15   16   15   15   11   12   18   15   17   16   30   13   18   18   17   13   14   12   27   17   14   12   16   17   13   12   16   13   14   27   18   14   18   13   16   16   16   17   18   17   13   14   28   16   17   13   17   30   17   15   13   14   16   18   17   15   25   17   18   13   16   18   14   17   26   18   11   28   12   15   12   17   15   14   13   13   12   17   17   15   15   15   18   17   12   15   18   16   17   29   12   16   12   12   15   12   18   18   30
   4    5    3    7    5    4    3    3    5    3    4    3    5    4    3    8    4    4    5    4    7    4    3    7    4    4    5    5    4    4    4    3    3    7    4    5    4    5    3    3    4    4    4    5    5    4    4    5    4    4    4    4    4    4    4    3    5    4    4    5    4    4    4    5    4    4    5    4    5    4    3    3    5    7    5    3    4    5    5    4    4    3    4    7    4    5    5    4    3    5    3    4    3    4    4    4    4    5    4    3    5    5    4    4    4    4    4    4    8    5    4    4    4    4    3    4    4    4    5    5    5    5    4    4    4    4    3    5    5    3    4    5    5    4    4    4    4    4    4    3    4    3    4    4    5    4    3    4    5    4    5    4    5    5    4    5    4    4    4    4    8    3    4    4    5    4    3    5    5    5    5    3    4    4    4    4    8    4    7    5    4    4    4    4    5    5    4    4    4    3    4    3    4    3    4    3    5    7    3    5    4    4    5    3    3    3    4    4    5    4    3    4    4    5    3    4    4    4    4    4    4    3    4    3    4    4    4    3    5    4    3    3    3    5    3    5    7    5    8    5    3    4    4    4    3    4    5    4    4    4    3    5    4    4    4    4    4    7    4    5    5    4    3    5    4    5    4    4    3    5    3    5    4    4    4    3    3    4    4    3    4    3    8    4    3    5    3    8    4    3    4    5    5    4    5    5    4    4    3    4    3    5    4    5    4    4    7    4    4    4    4    4    4    5    4    3    5    4    3    4    5    3    3    5    5    3    5    5    3    7    4    5    7    5    4    4    3    5    7    3    4    3    4    4    5    4    7    8    5    4    4    8    3    5    4    7    4    4    4    7    7    3    4    4    3    5    3    4    7    5    4    3    5    7    4    4    5    4    5    4    4    5    4    4    5    5    4    5    5    4    3    4    4    4    7    3    4    4    4    4    5    7    3    5    7    4    4    4    5    5    4    4    3    3    5    4    4    4    4    3    5    4    8    4    4    3    4    5    4    3    5    4    5    7    4    4    5    7    4    4    4    4    3    4    4    3    5    7    5    4    4    3    8    7    7    4    4    4    4    3    4    4    3    4    4    5    4    4    4    4    5    4    4    4    3    3    7    4    4    5    4    4    5    4    3    4    3    3    5    8    4    4    4    4    4    4    4    4    4    5
  12   10    9   11    9    9   12    9   12   12   10    8    8    9   12   11    8   12    8    9   11   12   12   20   17    9   12   11    9   12   10   10   10   11   11    9   20   10   10   11    8    9    8    9   11    9   11    8    9    9   11   12    8   11   12   12    8   12   11    8   12   11    9   11   12   11   11    8   12   19    8   10    9    9   19   10   11   10    9    9   20    8   18   12   10    8    8    8    8   10   11   11   12    8   10    9    9   10   10   11   11   11   12   11   11    8   10   12   20   11    8    9   11   12    9    9   19   11   11   11   12   12   11   18    9    9   12   11   11   12   20   12    9   11    9   11   11    8   12    8    9   10   12   10    9   12   12   10   10    9   20   11   11   11   10   11   11    9    9   10   10   19    8   10    9    9   10   19   17   10   10   10    8   12   11   11    8   10   11    8   11   10   12    9    9   12    8    9   12    8   10    9    9   10   12   10   10   11   11   12   10   10   11    9   12    8   11   19   20    9   10   10    8   10    8    9   11   12   10    9   12    9   10   12   10   11   11    8   10   10    9   10   12   10   10    9   10   11   12    8   12    8   11   11    9   17   12   12   10   10    9   11   18    9   11   10   11   11   10   12   11    8    9    8    9   11   11   11   10   11   10    9   11    9   12    8   11   10   20    9    9   12    9    9   11    9    9    9   11   17    9    8    9    9   10   11   10   11    9   10   20   11    9   11   11   18   10   12   11   20    9    8   10   18   11   10    9   12    9    8    9    9   11   11    8   10   20   11   12    9    9   11   12   10    8   11    8    8    9   10    9   12   10    9   10   11   12   10    9   11   11   20   12   11    9   10   12   12   10   11   20   12    9   10    9   11   11   18    8   10   11    9   10   10    9   10   12    8   10   11   20   11   10   19   10    9   12   17   10    9   11   11    9   11    8   11   19   11    9   10    9   12    8   10   12   12    8   12   11   11   10    9    8    8   17   10    9   12   12   12    8   10   10   20   17   12   10   12    9   12   19   12    9   12   12    9    8   12   11   11   11   11   12   17   11   12   17   11   12   12    8    9   10   12    9    8   12   11   12   11   11    8   11    9   12   10    9   10    8   11   10   10   12   18   12   11   20    8   17   12    9   10    9   10    8    9   17   12   10   12   10    9   10   10    9    9   12    9   11   10
   6    5    6    7    8    5    6    6    6   11    8    6    8   13    5    6    7    7    8    5    7    7    8   13   13   11    5   13    7   12    8    5    6    7    8    8    6    7    7    6    7    5    6    6    6    6    7   13    7    6    5    5    6    7    8    5    6    7   11    7    7    7    8    6    7    6    5    7    6    5    7    8    6    5    6    8    5    7    6    7    5   13    6    7    7    7    6    6    8    8    6    6    7    7    5    6    8    5    6   12    8    7    6    5    6    7    7    7    6    7    6    6   11    6    6    6    7    5    6    6    6   12    8    8    8    5    7   12    8    5    7    8    7   11    6    7    6   13    7    5    6    6    8    5    5    6    7    6    6    6    5    5   11    6    7    7    6    7    6    6    6    6    5    6    6    7    7    6    7    6   11    5    5    8    5   11    7    6    8    7   12    8    5    6    7    7    6    8    6    7    6   12    8    8   11    5    7    8    7    7    7    6    7   12   12    8    7    6    7    8    5    6    7   12    5    5    8    5    6    7    8    6    7    6    6    6    7    7    8   12   11    6    5    6    7    8   13    8   12    6    7    5    7    6    7    5    8    5    7    6    6    8    7    6    8    6    7    8    8   12    6   11    7    6    7   12    5    6   13    6    7    6    5    8    8    5    7    7    6    6    7    6   11    8    8    6    6    7    6    7    7    6    8    5    8    6    7    5    7    6   13    8    7    7    7    7    8    7    7    8    7    6    8   12    8    5    5    6    5    5   13   12    8    5    8    7    6   13    7    7    8   13   12    6    7    5    8    7    6    6    7    7    7    7    5   12    6   11    6    7    7   11    5    6    6    5    5    6    7    8    5    6    8    7    6    7    6    7    6    6    6    6   11    8    6    8    5   11    6   11    5    6   11    8   11    8    6    6    7    6    5    7    7    6    7    8    6   11    7    6    7    7    6    5    6    6    6    8    6   12    6    7    7   12    8    6    7    8    8    8    8   11    7    8    6    5    7    7    7    7    5   11    8    7    8    7    7    7   11    5    6    5   12    6    5    7    8    5    6    6    6    8    8    5    7    6    6    6    6    5    7    6    6    7    5    5    8   12    6    7    6    8   11    8    7    5    5   12    8    5    6    8    5    6   11    8    8    6    6    6    7   12    7    7    5    5    7    7    7    6
  17   14   12   14   18   13   13   16   12   13   16   17   12   16   16   13   26   17   12   12   18   15   12   26   15   15   14   12   16   15   26   12   17   12   16   12   12   14   15   18   18   16   13   14   14   17   14   11   12   18   16   12   14   15   18   17   17   12   16   15   17   15   18   12   15   28   17   17   18   16   16   12   17   13   30   16   15   13   27   16   14   14   15   18   16   15   17   18   15   16   11   12   17   14   18   16   12   18   25   14   16   12   14   17   15   17   15   15   13   18   11   28   29   14   17   29   27   17   28   13   29   15   12   16   12   16   14   16   15   14   13   15   14   12   16   13   12   15   15   17   16   28   17   15   12   15   29   16   28   14   25   14   12   12   18   11   18   18   12   16   16   11   25   17   18   13   14   16   14   17   17   13   11   17   17   12   25   13   16   15   14   17   26   14   16   15   14   13   17   14   14   17   27   18   13   16   12   17   13   17   26   15   15   15   14   15   18   14   18   16   16   12   14   14   15   28   17   14   15   17   28   12   18   17   15   30   29   15   15   16   17   16   18   17   13   18   13   12   16   14   18   16   13   17   12   12   14   14   12   17   17   12   15   13   18   18   18   15   15   17   13   18   17   12   25   15   16   15   17   15   18   12   12   18   12   17   13   13   18   14   11   14   12   18   25   11   17   11   16   13   13   18   18   13   14   18   12   17   14   16   29   25   16   13   15   14   14   14   17   17   15   13   14   13   18   12   17   17   11   17   16   16   16   18   27   14   16   28   17   14   18   14   14   17   18   17   17   11   25   25   30   13   17   18   29   15   25   15   16   13   12   18   17   12   18   15   16   13   12   15   13   13   13   14   18   18   28   18   17   18   16   13   17   18   18   11   15   13   18   16   18   12   15   15   14   13   14   27   18   29   17   16   17   16   14   12   17   18   16   13   16   15   18   13   17   18   12   12   17   13   12   15   13   30   18   18   14   17   16   17   13   14   17   13   14   16   28   18   15   12   26   12   16   18   16   16   18   18   16   18   15   15   15   16   14   14   14   14   18   12   12   14   13   13   17   14   12   12   16   16   12   28   12   14   14   12   14   12   18   18   16   13   14   16   17   13   18   15   12   13   18   12   16   12   13   13   13   15   18   15   12   18   12   12   12   16   15   18   18   16
  14   22   10   11   22   14   10   15   13   13   13   24   14   14   15   22   11   25   12   15   13   13   25   14   10   10   14   10   11   15   15   12   14   11   13   24   10   10   14   12   13   12   14   10   15   22   15   14   22   15   15   12   14   12   12   10   10   15   12   23   15   11   13   12   11   14   12   14   12   10   10   10   23   12   12   13   12   14   12   11   11   12   24   10   11   12   12   14   10   13   14   15   23   24   11   13   12   11   22   15   22   24   13   14   10   14   10   14   11   13   11   14   11   15   10   25   14   25   25   21   23   12   13   12   15   14   11   11   11   12   12   10   24   12   10   13   24   14   12   13   13   10   15   13   10   15   13   12   13   25   11   15   15   23   11   12   14   10   12   13   15   15   15   13   13   10   12   21   14   12   11   13   11   12   14   11   12   21   14   13   13   14   13   14   14   25   12   13   10   11   12   11   15   10   15   14   12   11   11   15   13   15   13   11   12   12   15   25   12   22   11   11   15   10   12   15   12   12   10   11   10   15   14   14   10   21   15   10   12   14   11   10   11   13   11   12   15   11   14   15   14   10   11   11   25   14   13   11   15   15   23   15   11   13   12   10   14   15   13   14   12   12   21   13   12   15   15   12   12   15   14   14   14   12   11   15   23   14   10   10   23   15   13   10   13   14   15   14   10   12   12   13   14   12   14   22   12   10   14   15   11   10   14   11   14   13   12   10   13   13   25   14   21   13   14   12   12   10   13   11   21   10   13   11   14   10   10   25   14   14   13   10   11   11   10   13   15   14   14   15   14   11   14   12   14   15   11   10   14   13   14   12   23   11   15   13   11   15   10   10   24   12   22   13   12   12   10   14   13   13   10   14   14   14   10   15   12   15   10   11   23   13   23   11   11   11   12   15   12   21   14   24   14   13   13   11   13   14   14   10   11   14   10   11   14   13   12   12   10   12   24   15   11   15   10   12   12   14   25   13   14   15   14   11   23   11   13   10   11   11   14   12   15   12   22   12   12   24   13   13   14   24   11   10   10   13   13   12   14   14   12   15   13   21   14   13   14   13   12   15   13   23   21   15   13   15   13   14   25   10   12   11   10   10   12   13   25   12   14   15   14   24   23   13   12   11   11   10   13   15   11   15   15   15   14   13   11   14   11   12
  22   37   16   15   19   19   35   21   20   33   33   15   19   19   15   18   18   34   17   23   16   15   16   18   17   20   22   19   18   20   20   22   14   23   17   14   17   21   15   19   19   22   20   38   22   20   16   18   16   19   16   22   20   37   16   22   22   22   21   19   16   16   17   19   17   17   18   21   21   20   22   36   37   16   31   22   15   20   18   22   15   37   16   23   37   18   15   17   33   19   15   17   20   17   36   19   17   22   19   20   15   18   15   15   16   18   20   20   16   18   14   17   37   15   20   17   15   22   18   19   20   22   17   19   22   35   19   21   17   21   17   22   21   20   18   35   16   22   18   21   21   22   19   20   21   21   20   14   22   14   37   21   22   21   16   37   18   33   22   36   21   20   17   21   17   15   16   20   16   23   19   15   22   21   15   17   21   33   17   22   21   18   23   20   17   15   20   21   15   20   16   15   17   20   21   19   21   15   15   18   20   33   22   18   20   16   16   17   35   19   21   35   22   21   17   16   23   19   17   21   21   16   17   17   15   17   21   16   22   19   18   15   19   21   17   16   19   20   14   15   18   21   21   19   21   17   18   19   22   18   19   31   22   19   16   18   17   16   14   17   19   22   22   35   22   22   16   15   31   20   35   19   21   15   20   20   17   17   15   18   22   15   22   14   17   16   35   15   18   14   18   22   22   16   15   16   32   17   22   21   16   19   23   15   20   22   14   16   14   34   23   14   38   22   15   21   38   19   31   15   21   18   22   14   22   17   15   37   16   17   20   19   20   20   21   20   15   17   15   19   16   18   20   33   37   16   17   18   33   23   19   16   15   14   17   17   20   21   17   37   19   37   19   18   15   20   21   22   15   20   21   18   21   35   16   19   20   17   21   16   19   18   33   14   34   22   19   21   17   19   16   23   14   16   18   15   19   15   14   20   23   19   14   15   19   21   17   31   20   19   15   19   22   16   14   18   22   21   18   17   14   17   19   15   32   19   18   18   23   21   16   22   34   31   20   22   18   22   20   16   17   20   21   18   18   15   19   21   19   16   17   38   17   23   22   18   33   22   22   17   18   14   16   15   21   17   15   20   20   19   18   37   15   22   22   22   23   15   17   22   35   21   19   22   19   22   22   18   20   20   14   31   17   31   20   19   20   21   15   19
  21   15   14   30   16   21   16   19   14   14   15   15   31   33   21   15   18   21   17   15   16   19   20   15   21   20   18   20   21   18   16   16   15   16   13   21   18   15   19   21   19   17   14   15   13   20   18   21   20   17   21   15   16   19   19   16   21   14   15   20   15   17   19   16   17   18   16   34   21   21   19   17   21   19   14   14   35   15   15   15   20   20   13   20   14   18   15   20   31   30   21   13   15   30   17   19   16   20   14   17   32   20   13   21   21   13   19   16   21   16   13   14   21   14   15   13   15   15   16   16   17   35   17   14   20   20   14   15   30   16   20   20   17   21   20   18   29   17   18   17   17   16   16   15   21   17   17   14   21   15   17   15   20   19   34   14   16   14   20   32   21   17   18   14   15   16   18   17   21   21   32   18   17   18   13   19   13   15   20   16   18   20   33   20   16   14   30   17   20   34   13   32   18   14   13   15   18   14   17   19   20   29   19   16   18   31   13   16   34   18   13   19   14   21   18   34   21   17   21   21   35   19   14   15   15   19   34   21   21   14   19   16   16   32   21   16   14   29   15   15   15   20   21   14   19   19   33   17   17   15   15   19   20   13   14   19   19   15   14   21   21   13   17   21   17   13   16   17   17   16   17   13   21   33   16   15   18   18   20   14   17   16   16   35   18   15   17   15   14   13   15   15   18   15   18   16   32   16   16   14   15   33   14   30   14   17   16   17   17   20   15   20   15   13   17   13   14   15   18   13   16   20   15   30   14   33   20   18   20   14   21   18   14   18   18   20   15   16   21   16   17   19   18   14   20   15   16   34   15   20   15   19   20   33   21   15   16   18   18   20   18   17   13   20   18   19   20   21   16   15   16   13   20   19   20   21   32   13   16   16   17   19   14   17   17   13   20   14   14   13   16   14   19   15   16   29   16   17   20   16   20   13   16   20   14   15   29   18   34   16   16   21   17   17   16   30   15   17   17   17   20   21   16   21   15   31   19   17   18   17   18   19   18   18   20   15   15   15   17   18   20   14   20   20   13   21   19   20   19   35   21   31   16   16   15   16   18   20   18   15   21   18   21   34   14   14   21   16   21   13   15   15   19   15   19   17   19   18   17   18   20   19   21   18   15   29   21   18   16   19   18   17   19   18   16   33   16   20   15   17
   4    6    5    4    5    4    4    5    6    5    5    6    6    6    5    9    5    6    5    6    4    6    6    4    9    4    5    4    6    6    6    5   10    5    5    5    6    6    4    6    5    6    6    6    4    6   10    9    6    5    5    5    4    5    6    4    6    5    6    5    4    5    5    6    6    4    5    6    6    5    5    6    6    4    6    6    5    5    5    5    6    5    6    6    9    6    6    5    6    5    6    5    5    6    5    6   10    6    6    6    4    5    5    6    5    5    9    5    5    6    5   10    5    5    6   10    5    5    5    9    6   10    5    5    5    5    5    5    6    9    6    6    5    6    5    5    6    4    4    5    4    5    6    4    5    5    5    5    6    6    6    5   10    5    5    4    6    6    4    6    5    9    5   10    9    9    6    5    6   10    6    9    4    5    6    6    6    6    5    5    6    6    6    5    9    6    5   10    6    6    4    6    6   10    5    5    6    5    6    5    5    5    4   10    5    5    4    6    5    5    5    5    6   10    4    6    6    5    5    6    5    6    6    4    4    5    5    6    9    6    5    6    6    5    5    6    5    4    4    6    5    6    6    4    5    5    4    6    6    5    6    5    4    5    6    9    5    5   10    6    6   10    4    5   10    4   10    4    5    6   10    6    4    6    5    4   10    5    6    5    6    5    5    6    5    5    5    5    6    5    6    5    5    6    6    5    5    6    6    5    5    5    6    4    5    5   10    4    4    6    5    5    6    6    5    5    6    6   10    6    6    5    5    6   10    4    5    6    6    6    5    5   10   10    4    5    6    6    6    6    6    9    4    6    5    5    6    6    9   10    6    6    6    6    6    9    5    4   10    6    6    4    5    5    5    4    5    6    5    4    5    5    9    6    4    6    5   10    4   10    5    5   10    6    4    6    6    6    6    5    9    4    4    6    4    5    5    6    6   10    5    6    4    6    6    6    4    4    9    4    6    5    6    6    6    5    6    5    6    5    6    5    5    5    5    6    6    5    6    6    4    5    5    6    5    5    6    5    6    6    6    4    5    4    6    5    6    5   10    6    9    6    4    5    9    6    6    5    5    4    6    5   10   10    6    4    5    5    6    5    4    5    5    5    5    5    4    6    5    5    4    5    4    9    9    4    4    5    6    5    6    4    5    6    5    4    4    5    5    6
  11    7    7    5    5    6    6    5    8    7   11    8    6    8    5    7    5    7   12    7    6    6    6   11    7    6   11    7    7    7    8    6    6    5    5    5   11    7    7   12    7    8    5    5    6    6    5   12    8    6    6    7    6    7    6    6    6    5    7    7    6    7    7    6    7    5    7    7    8    7    5    7    5    6    8    5    5    6    6    8    5    6   11    7    6    7    7    6    6    7    8    7    5    6    6    7    7    7    7    7    6    6   11    8    6    6    7    7    5    7   13    5    6    7   11   12    7    7    8    7    5    6    5    8    5    8    6    8    6    8    8    7    8    8    7    6    7    6    7   11    6    7   13    7   12    5    7    8   12    7    5    6    5    8    6    6    7    5    7   13   11    7    6    5    6    6    8    5    5    6    7    6    6    7    6    7    7    5    7    6    6    8    7   12    7    5    8    7    7    6    8    6    7    6    6    6    7    6    8    6    8   11    7    8    8    7    8    7    5    6    6    7   11    6    6    7    6    6    5    6    7    6    6    8    8    5    6    5    5    6    6   13    7    5    8    8    7    6   12    6   11    5   12    7    8    6    6    7    6    6    6    5    8    7    7    5   12    7    5    5    8    6   12    6    7   11    6    6    8    8    6    6    6    7    8    7    6    6    6    6    7    7    8    6    6    8    7    5    7    5    7    6    7    5   12   12    6    7    7    6    6    6   11    8    6    8    7    7   12    8    8    7    7    5    6    8    7    6    6    7    6    8    5    6    7    7    5    6    7    8    5    8    6    7    5    7    5    7    7    7   11    7   12    6    5    6    6    6    8   12   12    6    6    7    5    6   12    6    7    8    7    8    6    7   12   13    5    8    7    6    6    7    6    6    6    6    6    7    7    5    6    5    6    6    8    6    8    7    7    6    6    8    7    6    7    8    6    7    7    7    5    6    6    5    6    6    7    6    8    7    8    6    7    7    5    8    5    6    6    7   11    6    6    7    8    5    8    7    5    6    6    8    7    6    7    7   12    7   11    8    8    7    7    7    6    6   11    6    7   11    8    6    7    8    8    6    6    6    8    6    5    5    7   12    8    7    6    5    7    6    7    7    7    6    5    8    7    5    8    7    8    7    6    8    5    5    6    7    6    6    6    7    7    6    7    6    8    5   11    6
