spsp
14
2
500
5 35 14 38 23 16 21 30 30 50 37 3 23 33 
110 111 85 117 102 86 125 120 119 161 117 89 97 125 
10 10 
0.002 0.002 0.002 0.002 0.002 0.002 0.002 0.002 0.002 0.002 0.002 0.002 0.002 0.002 0.002 0.002 0.002 0.002 0.002 0.002 0.002 0.002 0.002 0.002 0.002 0.002 0.002 0.002 0.002 0.002 0.002 0.002 0.002 0.002 0.002 0.002 0.002 0.002 0.002 0.002 0.002 0.002 0.002 0.002 0.002 0.002 0.002 0.002 0.002 0.002 0.002 0.002 0.002 0.002 0.002 0.002 0.002 0.002 0.002 0.002 0.002 0.002 0.002 0.002 0.002 0.002 0.002 0.002 0.002 0.002 0.002 0.002 0.002 0.002 0.002 0.002 0.002 0.002 0.002 0.002 0.002 0.002 0.002 0.002 0.002 0.002 0.002 0.002 0.002 0.002 0.002 0.002 0.002 0.002 0.002 0.002 0.002 0.002 0.002 0.002 0.002 0.002 0.002 0.002 0.002 0.002 0.002 0.002 0.002 0.002 0.002 0.002 0.002 0.002 0.002 0.002 0.002 0.002 0.002 0.002 0.002 0.002 0.002 0.002 0.002 0.002 0.002 0.002 0.002 0.002 0.002 0.002 0.002 0.002 0.002 0.002 0.002 0.002 0.002 0.002 0.002 0.002 0.002 0.002 0.002 0.002 0.002 0.002 0.002 0.002 0.002 0.002 0.002 0.002 0.002 0.002 0.002 0.002 0.002 0.002 0.002 0.002 0.002 0.002 0.002 0.002 0.002 0.002 0.002 0.002 0.002 0.002 0.002 0.002 0.002 0.002 0.002 0.002 0.002 0.002 0.002 0.002 0.002 0.002 0.002 0.002 0.002 0.002 0.002 0.002 0.002 0.002 0.002 0.002 0.002 0.002 0.002 0.002 0.002 0.002 0.002 0.002 0.002 0.002 0.002 0.002 0.002 0.002 0.002 0.002 0.002 0.002 0.002 0.002 0.002 0.002 0.002 0.002 0.002 0.002 0.002 0.002 0.002 0.002 0.002 0.002 0.002 0.002 0.002 0.002 0.002 0.002 0.002 0.002 0.002 0.002 0.002 0.002 0.002 0.002 0.002 0.002 0.002 0.002 0.002 0.002 0.002 0.002 0.002 0.002 0.002 0.002 0.002 0.002 0.002 0.002 0.002 0.002 0.002 0.002 0.002 0.002 0.002 0.002 0.002 0.002 0.002 0.002 0.002 0.002 0.002 0.002 0.002 0.002 0.002 0.002 0.002 0.002 0.002 0.002 0.002 0.002 0.002 0.002 0.002 0.002 0.002 0.002 0.002 0.002 0.002 0.002 0.002 0.002 0.002 0.002 0.002 0.002 0.002 0.002 0.002 0.002 0.002 0.002 0.002 0.002 0.002 0.002 0.002 0.002 0.002 0.002 0.002 0.002 0.002 0.002 0.002 0.002 0.002 0.002 0.002 0.002 0.002 0.002 0.002 0.002 0.002 0.002 0.002 0.002 0.002 0.002 0.002 0.002 0.002 0.002 0.002 0.002 0.002 0.002 0.002 0.002 0.002 0.002 0.002 0.002 0.002 0.002 0.002 0.002 0.002 0.002 0.002 0.002 0.002 0.002 0.002 0.002 0.002 0.002 0.002 0.002 0.002 0.002 0.002 0.002 0.002 0.002 0.002 0.002 0.002 0.002 0.002 0.002 0.002 0.002 0.002 0.002 0.002 0.002 0.002 0.002 0.002 0.002 0.002 0.002 0.002 0.002 0.002 0.002 0.002 0.002 0.002 0.002 0.002 0.002 0.002 0.002 0.002 0.002 0.002 0.002 0.002 0.002 0.002 0.002 0.002 0.002 0.002 0.002 0.002 0.002 0.002 0.002 0.002 0.002 0.002 0.002 0.002 0.002 0.002 0.002 0.002 0.002 0.002 0.002 0.002 0.002 0.002 0.002 0.002 0.002 0.002 0.002 0.002 0.002 0.002 0.002 0.002 0.002 0.002 0.002 0.002 0.002 0.002 0.002 0.002 0.002 0.002 0.002 0.002 0.002 0.002 0.002 0.002 0.002 0.002 0.002 0.002 0.002 0.002 0.002 0.002 0.002 0.002 0.002 0.002 0.002 0.002 0.002 0.002 0.002 0.002 0.002 0.002 0.002 0.002 0.002 0.002 0.002 0.002 0.002 0.002 0.002 0.002 0.002 0.002 0.002 0.002 0.002 0.002 0.002 0.002 0.002 0.002 0.002 0.002 0.002 0.002 0.002 
  18   23   24   30   17   24   29   29   29   26   21   24   27   32
  51   36   39   45   29   37   49   39   36   42   51   27   44   50
   8    7    7    9    6    3    2    4    2    3    3    8   10   10
   4    2    3    8    3    2    9    4   10    9    6    3    7    7
  13   25   15   18   22   10    7   15    5   17   13    3   18   19
  11    5    7   10   12   13    3   14    4   15    8    9   15   12
  20   18   28   16   12   14   17   19   17   19   19   19   29   17   15   15   12   13   14   14   13   19   18   18   28   18   17   13   13   15   19   18   16   16   17   19   19   30   15   17   20   18   15   14   14   12   16   13   15   20   20   31   19   29   16   13   20   14   20   20   20   14   19   12   15   14   28   17   13   15   15   16   27   14   18   18   14   17   31   16   14   19   14   20   13   17   20   16   15   16   15   19   14   20   16   12   19   12   14   13   18   14   19   19   16   18   13   16   15   20   18   18   18   16   29   16   14   14   19   15   14   15   19   27   20   19   19   18   17   15   16   19   28   17   13   15   33   14   19   15   19   13   18   13   15   19   20   31   17   14   16   18   18   18   19   32   29   19   19   13   16   17   12   18   14   18   31   14   15   15   17   13   13   15   15   15   29   19   14   19   14   17   13   19   20   15   12   15   15   19   16   14   20   15   20   15   16   16   31   18   19   20   19   17   14   19   18   16   13   17   13   16   20   17   32   19   18   13   30   20   18   14   18   16   16   19   15   15   16   14   13   32   16   18   13   27   17   18   29   13   13   17   19   13   16   19   20   18   12   16   16   18   17   32   18   16   16   33   13   19   18   20   15   16   19   18   14   16   13   15   17   17   16   18   13   33   13   16   13   28   31   14   20   32   16   18   17   16   32   17   14   17   19   18   12   20   18   14   20   13   14   17   13   17   14   19   13   13   16   28   16   19   20   15   12   18   15   17   14   13   16   14   12   13   33   16   13   31   33   18   13   12   15   16   14   13   20   16   15   17   19   13   17   14   18   12   32   17   13   13   16   17   17   19   18   19   12   14   14   19   15   15   13   13   14   18   15   19   13   33   14   14   13   18   19   18   28   18   15   13   15   18   20   30   29   15   18   15   18   15   13   18   19   13   17   30   19   20   14   16   17   18   19   17   15   30   16   15   19   16   13   18   12   13   20   15   16   18   15   14   15   12   13   15   15   13   15   14   12   19   13   16   17   16   20   15   13   28   18   13   16   32   14   16   12   19   18   17   13   18   33   19   19   15   17   19   14   19   19   19   16   13   15   14   28   14   18   15   27   17   16   15   16   19   16   17   16   18   20   20   18   16   19   16   16   19   17   14   16   13   16   14   19   19   14   16   15   14   16   18
  34   29   92   37   32   34   37   78   29   30   35   33   27   28   35   36   25   28   23   34   24   37   29   32  100   29   82   95   23   26   31   35   29   27   25   24   33   29   30   34   36   24   37   28   37   30   27   38   33   26   33   80   27   36   24   36   33   31   85   30   35   31   28   81   25   35   28   36   36   31   29   27   24   28   23   29   83   34   29   28   23   33   30   38   29   33   29   29   26   35   82   34   33   28   36   30   30   25   29   37   35   37   83   23   24   27   29   34   34   36   34   38   26   23   35   29   28   35   25   37   27   37   83   29   38   26   32   27   31   27   24   32   26   27   26   28   30   86   32   97   35   34   29   26   33   28   27   25   25   33   28   25   30   33   29   24   33   31   26   37   79   34   35   35   91   34   34   32   24   25   38   87   37   24   26   30   37   31   33   32   28   30   27   23   25   29   35   37   25   30   31   26   26   29   37   25   34   28   30   29   33   23   29   34   28   32   93   93   37   33   29   38   36   99   35   28   24   38   38   34   91   35   32   34   25   28   28   38   26   35   32   36   37   26   23   29   25   28   29   37   38   91   29   24   33   92   28   34   32   36   25   37   86   31   27   35   32   35   37   26  100   27   29   33   23   33   23   34   32   31   35   25   38   26   28  100   34   33   24   28   26   34   36   24   34   27   38   37   28   34   30   77   31   36   32   38   96   25   25   37   24   30   82   32   36   27   99   36   29   27   28   36   31   36   28   37   33   23   28   37   34   24   31   25   23   32   24  100   96   34   31   24   30   31   37   34   31   37   37   37   33   37   34   29   95   30   36   36   31   26   35   97   27   37   33   35   23   29   35   24   26   25   34   34   29   28   23   36   27   32   32   31   34   35   27   35   37   27   36   23   76   36   30   37   25   30   32   28   83   37   23   35   24   28   35   30   24   28   95   89   37   36   35   23   33   29   30   38   96   30   27   96   91   27   28   77   32   36   38   85   34   37   29   35   38   25   33   35   32   87   81   26   32   27   38   36   28   35   30   29   32   28   34   30   36   32   35   27   24   36   30   23   26   34   26   28   27   35   31   31   23   86   33   31   29   37   24   24   26   36   24   25   38   26   28   29   33   25   23   24   24   31   24   96   23   36   37   35   31   77   31   30   25   37   26   23   34   23   35   77
  15   22   15   22   14   37   17   18   18   14   16   22   21   32   33   22   15   20   19   21   18   23   23   37   37   20   18   15   21   19   17   17   31   20   19   21   20   18   14   16   20   16   22   19   21   15   21   34   18   22   23   20   15   14   15   20   18   36   16   19   16   20   21   21   17   16   16   19   21   15   19   22   19   32   21   16   15   15   17   19   15   23   19   19   14   15   18   19   16   15   18   16   17   16   21   17   17   18   16   17   19   19   18   18   20   22   18   36   21   22   23   19   21   18   22   14   23   23   21   23   20   19   22   17   18   15   14   14   22   36   20   18   35   19   15   22   22   20   18   31   21   18   19   19   14   22   16   14   18   20   19   19   21   23   20   21   17   15   19   15   15   19   16   22   18   19   22   21   15   17   15   18   19   17   23   14   16   14   18   15   19   20   21   20   31   22   19   23   21   21   16   20   15   17   22   22   14   15   16   18   16   20   22   17   16   20   21   19   16   14   19   20   32   21   22   20   20   15   18   20   14   21   17   20   37   19   21   15   14   16   33   19   18   15   20   21   18   18   19   36   16   17   18   20   19   22   21   16   16   16   18   19   22   17   16   16   19   17   22   20   15   37   36   17   17   22   18   21   18   17   16   23   21   23   21   16   21   18   16   17   15   18   22   18   17   16   19   33   21   19   15   15   19   14   16   17   21   21   14   17   17   18   18   22   21   38   16   37   15   16   17   35   19   22   22   20   18   17   14   20   33   18   20   21   18   14   19   21   19   19   19   18   22   22   14   32   19   33   19   20   15   18   21   17   20   21   20   16   16   20   15   23   15   16   15   14   32   16   15   14   22   14   33   19   16   33   23   20   18   19   21   23   20   16   16   14   18   14   15   16   21   20   21   21   34   19   14   22   21   18   21   19   16   19   14   15   15   17   18   22   14   22   17   22   21   16   18   23   33   14   37   23   21   18   16   20   15   23   22   22   21   34   16   17   16   21   20   21   20   33   17   22   31   18   18   22   15   16   18   23   18   22   20   19   21   20   14   20   22   22   16   22   14   21   20   33   18   16   22   22   19   18   20   22   22   15   22   17   18   18   37   21   31   15   31   19   14   15   23   17   17   37   22   22   20   22   18   17   20   23   17   20   19   22   17   16   18   14   34   19
  21   25   23   23   24   24   24   24   22   25   60   18   24   21   23   21   20   27   22   18   27   25   25   21   18   24   64   21   21   23   26   26   24   23   18   27   19   18   63   20   17   22   27   20   26   66   26   19   23   19   19   27   17   18   24   19   21   27   58   18   62   21   21   26   27   22   23   20   27   24   24   25   27   20   19   21   24   25   19   21   20   25   17   26   22   27   25   26   22   26   20   27   26   55   25   26   17   27   22   20   63   18   23   20   27   22   17   23   24   23   24   18   19   21   18   22   21   20   24   27   22   26   21   23   27   20   25   19   66   19   24   25   62   25   20   27   17   25   22   17   17   21   27   27   19   19   21   23   18   26   27   62   22   19   18   25   21   27   69   22   17   62   18   17   23   19   24   18   19   24   25   19   22   60   21   17   26   21   26   22   22   20   63   17   21   20   27   17   18   60   58   19   27   67   27   25   18   24   25   18   69   21   22   27   18   26   20   27   22   19   24   22   19   25   18   24   18   23   27   27   25   23   20   24   18   24   19   27   26   18   27   26   20   18   19   24   21   27   21   20   25   21   22   23   23   25   24   17   22   21   20   18   68   22   19   20   21   17   18   22   18   23   18   20   19   18   20   21   27   20   19   25   24   20   17   22   27   24   17   21   66   26   20   25   17   26   22   68   24   18   27   24   62   24   21   24   22   27   17   24   23   24   20   25   22   18   26   19   22   20   18   22   18   22   23   27   22   26   19   21   24   18   26   24   23   27   21   19   67   21   25   21   25   25   18   70   24   26   19   18   24   20   27   17   22   24   55   24   27   17   17   27   25   20   21   27   23   21   23   20   25   22   20   18   26   27   20   27   27   17   26   21   60   19   23   27   18   66   19   18   19   66   60   22   26   27   22   25   24   19   17   26   21   27   23   25   26   19   22   17   17   18   26   25   24   20   25   24   26   18   27   27   27   21   27   17   23   19   27   27   23   21   27   18   27   24   24   21   24   22   27   19   27   23   27   17   21   26   60   27   25   58   26   27   20   18   25   20   55   26   26   22   26   68   20   19   23   23   23   17   27   27   27   21   21   22   23   25   25   25   20   26   18   17   18   66   69   20   23   22   19   23   22   23   17   24   19   25   18   24   18   17   26   22   26   23   20   25   20   26
  26   28   23   25   25   74   28   27   28   23   71   22   32   25   30   33   24   27   28   21   30   67   78   88   25   27   26   21   22   78   33   33   22   28   28   30   30   27   24   27   29   69   33   28   21   24   22   21   23   31   88   28   23   28   27   25   77   26   21   26   33   31   28   25   27   29   33   29   21   24   26   30   25   23   27   80   33   33   26   32   30   33   88   32   28   32   31   32   22   30   23   29   27   30   78   68   75   26   72   75   28   21   28   27   31   29   28   22   25   33   26   24   32   23   25   29   33   27   32   30   31   27   32   32   29   30   22   32   26   28   28   33   24   25   85   70   29   81   31   33   31   33   29   26   68   31   23   27   23   23   23   72   33   73   86   30   28   86   26   32   31   32   74   28   77   27   30   27   86   28   26   30   78   30   30   31   27   21   30   30   31   27   25   23   24   26   28   25   29   32   27   27   31   22   27   25   24   24   29   32   21   20   68   25   26   81   33   86   26   26   70   67   28   26   24   30   21   21   23   29   25   32   33   26   29   23   29   29   29   33   81   30   28   21   30   25   24   67   81   33   80   22   30   33   29   26   33   26   28   29   27   28   32   31   29   21   29   28   26   26   30   21   31   83   32   31   23   67   29   28   28   27   25   22   22   27   28   23   33   32   31   32   25   31   21   28   23   21   23   32   27   72   22   33   26   23   25   30   31   27   33   25   31   23   21   32   31   23   26   28   28   32   26   24   28   26   22   29   32   30   33   24   31   30   27   79   27   26   29   26   29   22   26   21   21   71   25   24   29   21   30   27   32   83   21   32   29   27   26   22   84   72   29   22   32   22   29   29   21   24   28   30   69   24   22   23   28   21   77   33   32   22   32   70   28   27   84   21   26   31   28   22   29   32   31   30   28   74   28   28   31   22   87   28   30   30   26   31   75   28   33   29   32   26   26   86   24   25   31   32   21   26   21   26   31   33   21   26   22   21   33   22   32   80   22   29   88   70   27   23   78   21   31   25   26   25   30   30   86   22   26   28   23   32   75   32   26   31   30   23   32   71   32   76   30   21   26   22   21   28   21   28   25   28   24   21   31   33   27   32   23   28   28   22   30   27   22   23   22   32   28   25   21   22   22   27   28   23   27   31   28   22   28   27   24   75   27   22   29   33
  15   10   13   15   14   10   13   15   14   12   11   10   12   15   12   15   11   13   12   15   12   15   12   24   24   14   14   22   12   11   11   14   13   13   12   22   14   15   15   15   12   11   10   14   10   14   11   10   14   10   12   11   14   15   10   10   15   11   13   12   11   15   14   11   10   15   24   13   10   22   12   13   13   13   12   15   15   15   14   12   10   11   15   13   24   10   24   10   22   10   15   15   13   10   14   15   13   10   11   13   10   13   15   12   15   15   11   10   25   12   14   14   23   11   15   12   11   14   10   14   12   13   10   24   13   10   14   21   13   14   10   14   15   15   12   14   14   10   11   12   12   12   11   12   14   24   12   13   21   11   13   12   15   11   10   13   14   12   10   10   13   11   10   11   10   11   13   12   13   12   14   10   14   10   11   11   10   12   10   14   11   11   12   10   21   10   14   23   13   15   11   13   13   12   13   11   12   14   13   10   11   10   12   14   10   11   15   14   13   14   15   12   12   12   14   10   15   10   10   14   14   10   11   14   14   15   15   13   11   13   14   11   21   14   13   14   12   15   10   13   12   15   14   22   11   11   12   11   12   10   13   21   14   14   11   23   10   11   15   14   10   15   15   14   13   12   12   11   10   14   10   10   15   13   21   23   14   12   11   10   11   15   12   10   11   15   13   12   11   11   10   14   11   12   10   10   10   13   15   11   22   10   13   24   15   11   13   14   12   15   13   13   15   12   12   14   12   10   12   10   10   12   14   13   23   15   13   15   12   12   25   22   12   10   13   12   12   13   25   15   15   24   13   11   10   11   15   11   13   10   10   12   15   10   12   11   25   14   23   12   24   11   13   14   11   15   11   11   10   11   13   12   22   11   10   11   13   12   14   11   10   11   11   23   10   23   10   23   15   10   11   14   11   14   11   25   14   15   23   12   13   13   10   12   13   13   15   12   11   14   15   10   14   11   11   22   11   23   15   14   12   12   13   13   15   15   15   22   15   10   23   12   10   15   15   14   10   14   11   13   14   11   14   11   23   12   15   10   13   24   14   15   10   12   15   10   11   14   15   14   15   13   14   15   10   10   11   10   11   15   13   12   13   15   13   24   14   13   12   13   10   15   13   11   10   12   15   15   14   11   15   14   10   13   14   10   14   10   11   15
  10   18   18    7    7    8    8    9   11    8   11   10    9    9   10   11   11   11   17   10    9   10   10    9   11   16    9   16   16   10   10    9    7    7    8   11   11   17   11    9    8    9    9   10    8    8   11   15   10    7   17   10    8    8    9   10   10    8    9    9   16    8   11    8    7   11    7    8    7    9    7    8   10    9   10   10    8   10    9    8    9    9    7    9    8   10    7   10    9    7   17   18    7    8   11   10    7    8    7   10   11   15    9   10    9    7   11   10   10    8    7    9   10    8   10    9   18    7    9   10    8    9   11    8   10    7   11   10    9   10    9    7    7    8    9   11    9    7    8   10    7   11    9    7    9   15   15   15    9    8   10    8   17    9   10   10   11    9   10   11    9   10   10   11   17   11    7    7   10    8    8    9   11   10    8   10    9    7    7    8    8    7   11   18    7    9   10   11    9    8    9    9   10   15   10   11   16   10   10   10   10   10   11    9   10    7    8    8    7   16    8   18    9    9    7   10    9   10    9   16   11   15    8    9    8    8    8   10   15    8    9    8   17   11    8    7   11    7   11   10    9   10    7    8    8   10   11   11   10    8    8    9    8    8   15    8    9   11   10    9   11    8   10    7   10    8    9   11    9   11    8    7   10   10   18    9   11   10   10    8    9    9    9   16   10    9    7    8    9   11   11    8   11   10    8    7    7    8   10    8    7   11    7    8    8   10    8    9    7    9    8   10    7   16   11   10    8   10    8    9   10    8    9    7   10   10    8    7    7   10    9   11    8   11    9   17    8    7    8   10   10    8    9    7    8   15    9    8    7   16    8    9    8   10   10    8   10    9    9    8    8    9   11    9   10   11    9    8    7    8   11    9   11    7    8    9   10    9    8    8    8   16    9    7    9   15   10    9    7    8    8   16    9   10   10    9    9   16   17    9    8   10   10   11    8   17    9    8    8   16   10    7   16   10   15   10   11    8    7   11   10   15   10   11   18    7   10   10    9    7    9   16    8    8    7    8    8    9    8   11    7   17   11    8    8    8   11   11    8    8   11    7   11    9    8   16   10   10    8   10    8   11   10   18    8   11    9   15    8    8    8   15    7   10   11    9    7    8    9   10    9    9    7   10    7   11    9   15    9    7    8   10    9    8   11   11    8   10   15    8
  38   22   17   21   36   14   21   16   22   22   22   18   14   35   15   18   23   18   22   22   33   15   16   32   17   21   22   21   36   20   19   17   33   14   19   17   22   15   15   16   22   22   18   35   14   15   17   18   19   22   17   16   15   17   19   15   15   38   19   18   18   17   15   23   14   20   16   19   17   31   17   18   17   16   23   15   23   21   20   19   20   15   19   15   17   33   14   16   14   16   15   15   22   15   23   17   19   18   16   21   19   17   20   20   14   38   14   32   21   16   22   18   17   20   16   18   32   18   20   21   37   22   34   22   17   17   15   17   15   22   15   22   22   14   16   20   20   33   18   16   23   35   19   17   15   18   16   19   19   16   19   17   36   21   37   17   21   17   20   15   22   15   20   15   21   18   19   15   19   21   19   16   14   16   33   17   23   18   23   16   22   18   22   22   32   15   33   18   34   33   23   17   16   38   15   16   22   22   16   21   17   19   16   23   18   18   21   18   18   17   22   19   14   19   21   23   19   20   15   17   17   18   18   17   20   15   23   22   20   21   22   16   21   15   15   15   16   19   31   18   20   18   33   19   34   19   19   21   19   16   21   22   16   16   21   21   22   14   17   14   16   19   15   21   15   19   19   17   18   22   35   19   16   21   17   16   34   22   20   23   23   17   18   21   18   19   21   19   23   23   14   22   17   20   19   19   22   22   22   16   16   16   19   21   21   22   16   21   20   17   21   16   18   15   16   19   17   21   21   20   16   18   14   22   15   16   20   22   20   18   22   20   20   17   17   18   20   17   20   18   33   15   17   19   17   16   15   21   15   16   19   23   18   16   17   31   18   16   20   17   22   21   34   22   23   17   17   22   19   19   22   18   16   20   22   18   19   22   18   20   21   15   18   23   20   18   15   15   36   16   17   22   18   16   20   17   16   20   16   33   16   18   14   35   38   21   34   20   37   21   18   17   32   22   21   20   22   15   18   14   15   18   21   15   22   34   15   17   17   15   19   19   22   22   17   21   21   17   19   18   17   16   16   15   33   18   16   15   17   21   21   14   14   15   33   37   15   31   33   16   21   16   22   17   22   16   14   20   20   21   19   19   18   33   33   17   22   19   20   16   23   21   17   17   20   14   18   19   21   17   18   21   18   18   15   16   19   23   15   14
   8    8    7    8    5    7    5    6    5    5    6    5    5    5    5    7    8    5    8    8    6    7    6    7    7   11    5    6    6    5    7    7    6    6    6    6    8    6    6    6    6    8    7    5    7    8   11    6    6    6    7    5    5    8    8    5    6    6    6    5   11    6    7   12    6    6    6    6    5    7    8   12    5    6    7   12    5   12    5    7    6    6    6    7    7    6    8    6    8    7   11    6    7   12    5    7    7    8    8    7    8    6    7    8    5    7    7    8   12    7    6    8    6    8    6    5    7    6    7    7    8    7    6    7    8    8    8    7    7    5    5   12    7    6    7   11    7    7    8    7    6    7    6    7    7    7    7    6    6    7   12    7    6    5    6   13    5    5    6    7    7    7    6    6    7    6    8    5    6    7    6   11    7    6    5    5    5    8    6    5   11    6   12    7    6    7    7    6    6    5    7    7    6   12    6    7   12    5    7    8   12    8    6    7    7    7    7    5    8    7    6    7    7    5    6    7    6    6    8   11    7    7   13    6    8   11    5    5    8    8    7    6    8    5    6    6   12    6    7    7    5    7   12    6    8    7    7    6    7   11    7    7    6    7    6    7    6    7    6   12    7    6    6   11    6    5    8    8   12    8    7    5    6    6    6    8    7    6    6   13    8    7    5    7    7   12    7    7    5    6    6   12    6   12    8    5    5    6    5    7    6    8    6    5    6    8    8    5    7    7    7    7    6    6    6    7    8    6    6    5    7    8    7    7    7    7    6    8    5    8    6    7    6    7    5    5    8    6   13    7    5    8   12    6    8    6    6    7    7    5    6    7    7    6    6    8    5    6    7    6    6    6    7    6    6    7    7    7    8    5    6   13    6    7    8    5    6    7    6    8    7    6    7    6    8    8    5    7    6    6    7    6    8    7   11    6    6    7    6    7    6    8    8    7    5    6    6    7    6    7    5    6    6    5    5    8    7    5    6    5    7    7    7    8    5    5    8    6    6    7    7    7    5    8    6    8   11    6    7   12    7    6    6   13    7    7    6    6    7    5    6    8    6    8    7   11    5    8    7    8    7    8   11    8    6    6    5    5    6    8    6    8    6   11    7    8    7    7    6    8    6    6    6    7   12    7    7    6   11    7    8    5    6    7    7    7    6    8    6    7
  17   16   20   18   57   20   24   19   23   19   21   20   19   23   21   24   19   24   16   52   21   18   20   19   21   16   68   22   18   59   21   17   17   18   19   60   25   19   20   17   64   20   21   20   17   25   25   20   24   21   19   20   20   19   24   20   20   26   21   26   18   16   26   20   16   24   21   21   61   18   18   16   21   57   20   17   20   18   26   20   17   24   25   22   17   24   22   19   24   20   55   18   17   21   25   22   25   25   19   24   22   23   25   18   24   22   20   19   23   21   16   24   22   16   21   20   19   17   26   20   18   22   17   61   18   23   24   21   17   23   24   65   20   24   22   22   16   18   22   20   16   26   25   25   18   16   24   24   17   20   17   25   20   24   20   61   22   24   52   18   19   63   23   16   21   17   24   19   58   64   52   19   19   18   18   26   22   17   22   63   17   53   18   17   24   25   19   23   22   24   20   24   20   18   22   52   24   19   20   18   54   21   56   23   26   21   56   19   16   18   16   18   21   23   26   21   21   26   24   24   20   19   19   26   21   17   19   23   22   21   21   23   52   20   52   66   22   23   19   24   25   21   18   22   18   21   18   23   18   16   60   16   23   17   61   18   65   25   22   26   19   17   25   23   21   23   24   23   25   26   22   23   21   21   24   53   24   17   21   18   22   23   19   23   23   22   25   24   19   22   16   26   24   24   25   23   26   24   22   25   20   60   24   18   18   23   23   22   23   17   18   60   16   20   16   23   22   20   25   23   19   16   16   17   16   63   24   21   26   20   20   26   17   25   23   24   24   60   16   18   21   19   19   22   20   26   20   20   18   22   19   19   26   18   23   16   25   25   24   24   24   24   21   17   25   20   19   56   23   17   21   59   60   22   24   18   18   21   16   24   20   25   68   25   26   19   24   19   20   17   22   24   25   57   16   22   16   25   16   16   23   24   17   24   16   16   25   24   18   25   21   25   59   19   18   54   24   67   20   26   22   16   24   24   18   21   22   26   22   16   23   21   21   23   18   21   20   61   16   20   19   24   16   52   25   20   23   65   20   21   22   16   19   22   53   19   21   16   22   20   19   20   59   19   20   22   24   20   16   21   19   17   21   24   18   16   21   17   19   59   23   17   21   53   22   25   17   24   16   26   16   20   24   21   18   22   25   17   58   61
  14   30   16   18   19   18   15   17   18   14   18   27   13   17   13   17   20   19   16   16   18   18   16   19   13   19   16   17   14   13   20   16   13   31   14   17   12   18   17   29   13   13   17   13   14   28   17   17   13   15   27   18   16   12   16   14   14   15   20   15   13   19   32   13   14   16   19   15   17   17   16   16   15   17   19   14   18   12   15   19   20   17   18   19   14   17   16   13   16   17   31   14   15   20   17   14   14   15   14   14   16   19   13   28   14   19   13   17   13   14   17   14   15   28   16   19   12   33   14   15   13   13   19   17   15   14   14   32   18   18   14   30   19   32   15   18   15   32   19   15   16   19   14   16   15   13   13   29   14   16   16   18   16   17   14   17   14   15   17   16   13   14   16   17   15   16   12   33   14   15   20   17   13   18   15   32   19   20   16   19   15   13   16   20   18   14   18   18   19   14   13   19   19   19   18   13   19   14   13   17   19   15   13   15   16   19   18   15   16   15   19   19   14   19   14   18   14   17   15   12   14   17   17   14   14   14   17   17   27   17   19   15   13   17   15   12   18   19   20   15   13   16   14   12   13   14   14   17   19   14   16   17   18   14   15   15   13   17   29   19   18   17   27   16   13   17   17   20   14   16   15   17   18   17   31   20   13   16   15   19   14   19   14   14   15   13   13   29   18   15   18   16   17   29   20   13   16   30   20   29   18   31   15   19   20   17   18   15   19   16   14   18   19   15   18   18   19   18   16   19   13   15   14   19   15   19   13   16   32   15   13   19   17   33   17   19   14   18   20   13   19   14   16   13   16   16   14   16   18   17   19   15   12   14   20   16   18   20   19   20   16   14   13   18   17   19   15   20   20   20   20   17   29   17   18   14   20   14   15   14   19   15   16   19   31   17   15   31   17   31   15   20   17   20   18   16   33   19   19   17   16   12   33   17   15   19   19   16   18   15   18   17   17   14   19   16   16   15   16   17   18   27   18   18   17   17   19   16   19   13   19   19   12   14   15   13   15   16   16   13   16   14   19   13   29   20   18   17   16   13   15   13   14   18   19   17   14   13   13   16   19   18   28   15   15   18   16   17   17   17   29   18   15   16   28   16   12   16   14   19   17   31   19   14   14   16   19   31   18   19   15   29   15   15   33   15   15   15   16   16
   4    5    4    4    5    4    5    5    4    5    4    4    5    3    5    5    4    3    4    4    4    7    4    5    5    5    8    4    4    8    4    4    5    3    3    7    5    4    4    4    4    5    4    3    4    3    4    5    4    4    4    7    3    4    4    4    5    5    4    5    4    4    4    5    4    3    5    3    4    3    4    5    4    3    4    7    5    5    4    5    5    5    4    4    7    4    4    5    4    3    4    4    4    4    5    3    3    5    4    4    3    5    4    4    4    4    7    5    5    3    8    5    4    4    4    4    4    7    5    7    4    4    5    4    4    5    5    5    5    3    5    4    4    4    4    4    4    4    4    4    4    3    5    4    3    4    4    3    4    4    5    5    4    3    7    5    5    8    5    5    4    4    5    5    4    3    3    4    4    4    7    4    4    5    4    4    3    5    4    3    8    4    4    4    5    4    4    3    4    4    5    7    4    4    4    4    3    5    4    3    4    7    4    3    3    4    4    4    4    5    7    4    5    3    4    4    5    3    8    8    5    4    4    4    7    3    4    4    5    5    5    3    3    4    5    3    3    3    4    7    5    4    7    5    5    4    5    4    3    3    4    4    8    5    5    5    4    5    4    4    5    5    4    5    4    4    5    5    4    5    4    3    5    4    4    4    4    4    4    3    4    5    5    7    5    4    4    5    7    3    4    4    5    4    5    4    7    5    5    4    4    3    7    5    5    4    5    5    5    3    5    4    3    4    5    5    4    5    3    5    4    7    5    4    5    3    4    5    4    3    4    3    4    7    7    4    4    4    3    5    4    4    3    5    4    5    5    5    4    4    4    3    4    4    3    7    5    4    3    4    5    5    4    4    3    4    3    4    4    4    5    4    7    4    4    4    3    5    4    4    4    7    4    3    3    4    3    3    5    8    4    5    7    3    5    7    3    4    4    7    4    4    4    4    4    4    5    5    3    4    4    4    4    5    3    4    4    4    4    5    4    3    4    4    4    5    3    5    5    4    4    4    5    5    4    4    5    5    5    3    4    4    4    3    5    4    5    4    4    7    4    4    4    5    4    4    4    4    5    4    4    5    5    4    5    4    5    4    4    5    4    4    3    4    4    7    5    4    4    4    7    3    5    3    4    4    5    4    5    3    4    5    4    4    8    5    3    3    7    4
  18   18   22   19   24   19   21   19   24   26   25   20   21   17   27   26   17   18   20   56   21   26   25   22   27   17   26   17   19   25   22   69   23   23   24   69   19   26   24   27   17   24   18   20   27   21   22   23   23   17   17   20   21   23   22   26   27   21   24   70   25   27   23   67   21   25   20   18   21   17   22   23   22   20   21   26   26   22   24   19   18   20   22   60   27   25   24   23   24   25   27   19   58   25   18   26   24   22   18   26   26   19   24   27   27   24   23   19   18   20   19   22   67   67   23   24   19   19   24   20   27   26   19   25   19   24   18   24   17   24   69   59   23   24   26   24   26   21   55   18   65   22   20   22   18   55   17   21   25   19   20   25   24   27   58   22   27   18   21   19   19   27   24   18   21   26   68   17   21   21   24   25   21   17   26   21   27   26   63   20   21   24   18   21   23   22   27   19   26   19   27   18   25   23   17   21   26   21   58   27   23   23   24   24   24   27   17   20   21   19   24   21   21   66   17   18   22   17   17   21   22   17   17   67   21   17   21   21   24   18   72   60   21   18   20   19   17   26   67   27   20   20   22   20   24   57   21   17   27   22   22   18   25   68   22   55   23   25   19   26   17   23   25   24   18   19   18   21   25   69   22   20   71   20   72   20   24   23   59   27   26   23   19   18   25   22   24   72   63   27   24   24   27   25   27   18   27   18   24   70   64   27   26   24   21   59   63   19   18   19   18   22   19   20   58   70   59   20   60   25   17   24   24   22   23   63   61   58   23   22   20   60   24   22   27   21   19   27   18   24   72   25   24   20   21   25   21   25   20   20   22   21   23   26   27   19   18   18   20   20   25   19   19   69   25   20   23   24   18   61   19   24   20   22   65   21   19   19   19   24   24   21   24   24   23   65   24   21   24   18   21   18   23   19   21   22   18   67   18   27   24   17   25   22   25   19   18   21   71   25   18   17   27   20   18   27   23   20   17   20   27   59   19   23   18   25   20   23   19   22   22   22   72   19   18   63   21   22   21   59   21   25   21   18   19   27   69   23   22   27   19   17   24   19   24   23   20   19   18   23   19   18   17   25   18   26   24   23   17   23   22   17   21   17   19   26   17   21   17   25   23   19   22   23   24   26   24   26   22   24   27   18   25   19   25   21   21   19   27   17
  25   23   24   27   27   18   23   25   26   20   24   22   23   22   24   22   20   22   23   26   27   28   20   70   26   22   27   29   28   20   59   27   21   76   69   28   58   22   27   24   26   22   24   19   28   28   27   26   20   29   27   20   75   68   27   19   23   65   26   21   25   19   27   24   23   29   27   28   24   19   28   24   60   20   24   24   74   21   25   74   25   28   27   26   20   28   25   19   29   24   28   28   68   20   27   21   29   19   20   19   62   27   19   26   19   22   28   20   21   19   25   20   22   25   18   23   29   73   19   22   59   27   28   20   25   19   23   27   67   26   27   27   70   25   23   22   27   29   20   24   25   25   19   24   25   23   27   70   25   20   21   20   18   23   26   18   24   28   63   24   27   18   22   23   67   27   29   24   23   28   23   25   25   20   26   22   62   23   20   21   18   23   26   21   23   20   18   72   28   19   28   26   21   23   29   24   23   18   20   23   26   72   23   22   22   25   26   73   61   28   21   18   23   27   25   26   20   23   28   28   73   26   75   72   18   26   18   27   28   28   26   21   23   25   18   21   28   27   18   22   23   26   18   19   19   22   20   21   19   18   27   71   29   25   22   24   19   29   26   21   26   26   19   24   28   22   19   18   22   20   24   21   19   62   28   28   27   27   23   24   18   23   28   20   23   20   21   29   24   28   28   18   23   25   18   22   19   68   19   27   25   20   28   19   23   19   22   22   75   24   23   22   21   26   61   19   18   22   24   27   19   19   23   18   26   28   28   23   24   27   21   23   26   21   60   23   21   21   19   23   26   21   27   28   24   24   18   65   20   26   22   21   26   26   20   22   19   28   24   20   23   25   28   24   19   18   19   27   21   19   18   21   27   25   76   27   20   26   20   19   18   23   19   26   22   28   27   20   76   20   22   75   25   68   21   24   59   25   28   25   24   26   21   26   20   73   26   28   59   21   18   21   23   25   24   29   28   28   24   19   62   22   23   23   23   23   29   29   27   18   27   24   24   59   18   23   29   21   64   25   19   69   27   19   18   26   25   19   23   23   19   21   26   72   20   27   21   29   67   23   22   26   18   22   22   18   24   18   21   22   21   23   63   22   21   29   27   23   22   26   27   23   22   28   73   24   19   20   22   23   21   18   23   21   28   74   27   21   76   19
  27   15   15   15   25   12   15   13   11   11   12   14   12   12   11   11   11   25   17   11   11   15   11   26   13   13   14   16   13   12   13   14   16   14   25   16   14   11   16   27   15   11   12   14   16   13   26   15   13   11   11   13   14   12   16   17   27   15   16   16   16   12   12   27   16   15   11   12   13   10   16   16   14   16   13   15   15   12   11   14   13   17   16   17   17   13   16   16   14   17   12   11   17   16   24   15   16   13   13   10   13   11   11   16   14   16   15   24   13   12   14   11   16   14   12   11   15   16   13   14   17   16   13   14   14   10   11   12   10   15   13   23   16   16   16   15   14   12   11   11   13   11   11   27   23   14   13   15   11   11   14   13   13   15   27   26   13   12   13   10   15   14   13   11   17   15   15   14   17   15   24   17   12   16   13   16   11   27   15   14   24   11   11   17   11   10   16   12   11   10   14   13   11   16   25   16   14   26   11   16   13   15   11   12   27   16   15   11   11   24   12   16   16   11   16   16   15   15   13   15   28   11   11   14   12   15   13   13   16   24   12   10   11   28   15   13   25   15   15   12   13   13   12   15   12   13   11   27   27   14   14   11   16   14   26   16   15   11   17   12   15   16   16   12   13   12   26   24   12   11   14   13   13   15   13   11   13   13   12   15   27   12   16   17   13   16   23   14   16   13   16   15   13   13   16   26   16   11   11   12   11   14   15   17   15   11   12   15   14   17   11   16   24   15   16   14   15   13   28   11   15   13   17   16   14   16   24   12   15   11   15   13   12   14   15   13   23   11   27   13   16   15   27   13   15   14   15   27   13   14   15   11   11   12   16   15   14   13   14   17   14   16   14   12   26   16   17   15   14   15   15   13   15   13   15   14   15   16   14   16   11   12   15   12   14   13   13   16   15   14   17   15   14   11   13   16   11   11   12   16   17   12   25   16   26   14   11   12   15   15   13   14   13   16   26   13   13   12   14   15   11   11   13   14   13   11   15   15   24   14   15   16   27   11   17   14   11   13   23   15   16   11   12   12   28   17   14   16   11   24   16   13   10   14   14   12   11   15   12   14   13   16   16   14   11   15   12   13   13   28   11   12   13   17   15   24   13   17   13   16   11   25   11   11   17   17   12   16   14   27   11   11   16   23   17   16   13   26   16   14
   5    7    6    7    6    7   13    7    6    8    7    6    7    7    5    7    7    5    7    7    8    5   13    6    8    6    6   13    6    5   12    8    6    7   11    5   11    6    7   13    6    7   12    6    8    7    8    5    7   13    6    5    7    6    6    6    6    5    6    8    8   11   11    6    5    7   13    6    7    7    8    6    5    7    7    8    7    7    7    5   12    6    7    8    8    7    7    6    6    6    7    5    7    6    7    7    7    8    8    5    6    6    7    7    6    6    8   11    7    6    7    6    7    7    6    8    6    8    7    5    6    7    7    8    7    7   12    7    6    7    6    6    6    6    6    8    7    6    6    6    7    5    5    8    7    8    7    6    6    5    6    7    5    6    5    6    7    6    6    7    8    8    7   11    8    7    8   12    6    7    8    6    5   11    6    7    8    8   13    5    7    5    6    6    7    6    8    7    7    7    6    7    7    7    6    6    5    5    8   12    6    7   11    7    5    6    7    7    5    7    6   11    8    6    7    7    6    6    8    8   12    5    7    6    5    8    8    8    7    6    7   13   11   12   11    6    5    6    5    8    8    7    7    6    7    8    7   12    5    7    6    7    6    6   12    7    6    8    6   11    6    8    5    6    7    5    6    5    7    7    7    6    5    7    7   11    7    5    6    7    5    7    7    8    5    8    8    7    7    7    5    7    6    7    6    5    5   13    5    8   11    8    7    6   13    7    7    6    7    7    7    8    6    7    8    5    7    5    7    7    6    5    7    7    5    7    8    6    5    7    6    7   12   12    5    7    6    8    7    5   11    5    6    7    6    8    5    7    6    7    7    7    7    7    6    6    7   12    7    6    7    8    7    7    5    6    7    8    7    7   11    6    8    7    6    7   11    7    7    6    5   11    8    6    6    7    5    7    6   13    6   12    6    6   12   11    7    7    7    7    5    8    7    7    6    5    6    7    7    6    8    7    6    7   12    6    6    7    7    7    6    8    5    8    8    8    6    6    8    8    6    6    7    6    5    8    6    7    6    7    7    6    6    7    7    6    6    6    8    7    6    8    5    6   11    8    7    6    5    6    6    6   12    6    7    6    8    6   11    5    8    7    6   12    7    7    6    8    8   12   12    7    6    8    7    7    7    6    7    8   12    8    6    5   12    7    8    8    7    6
  16   10   16   11   11   10    8   17    9    7    7   17    9   11    9    9   10   16    9    9    8    8    7   10   10    9    8   16   10   11   11    9   10    9    8    7    7    9    9   10    9    9   10    8   15    8   10    8   18   10    9   10    8   10   10    8   10    9    7    9   10    7    9   17   10    7    8    8    9   16    9    9   17   10    7   17   11    7    8   15   11   10    8   10    8   10    9   18   16   10    9   10    7    8    7    9    9    7   10    7    9    9   10    9   10    9   10    7    7   10   11    8    8    7    7   10    9    7   15    8    7    9    7   11   11    8    9    9    9   17   11   10   17   10    8   10   10   10   10    9    9    8    8    9   17    9   10    8    9   17    8    9   10   10   10    9   17    7   10   18   15   16   10   11   16    8    9    8    8    8    7    8    8   10   10   11    9   10    7    9    8   11    9    8    7    9    9    8    8    8    8   10   10   11    9    7    9   11    9   16    8   10   16   10    8    9    7    7    8    9   10   17   10    7   10   11   11   11    8    7    9    9   11    8    7    9    7    7    9    9   10   15    8    8    9    9   15   10    8   11    8    7    9    9   10   10    8    9   10    9    8   10    8    8    8    8   10   10   11    9    8    8    9    9    9   10   10    9    9   10    7   10    8   17    7    7   15    7    7   17    9    7    8   11   10   10    9    7    8    9   10    9    8   11    7   11    7    7   11   15   11   17    9   10   10    9    7    9    7    9    8   10   11    9   10    8    8    7   11    7    8   10    9   17    9    8    9    9    8    8   10    7    8   11   10    8    9    7    7   11    8    8   16    7    9    7    9    8   16    8    8    7    8   10    8   11    8    8    9    7   11    9    9    8   15    9   11   18    8   10    8    9    8   15    9    8   10    7    7   10    7    9   10   10   11   10    9    8    7    7   10    8    9    7    7   10   10    8    7    7    9   10    7    9   11    9   10   10   10    8    8   10    9    8    8   10    8   11    7    7   10   10    8    9   17    7    9    9    9   17   18   15   15    8   16    8   10   11   11   11   11    8   17   11    7   15   10   18   10    9   10    8   10    7   10   10    9    8    8    8   10   17    9   18    9   15   15    9    9   11    8   10    7    7    8    9    8   10    8    9    8    8    7   10   16    9   10    8   10    9    7   10   10   10   18    7    7    9   11   10
  23   12   14   11   13   14   12   15   12   13   12   14   25   14   15   13   10   15   15   14   15   11   13   25   13   12   10   10   10   12   15   11   10   13   14   15   10   10   14   12   11   13   11   24   15   15   13   15   14   10   14   25   15   11   13   12   10   14   12   11   11   15   13   11   12   15   23   12   14   13   12   13   12   15   15   11   11   15   13   10   13   13   13   13   10   12   11   14   13   15   12   24   12   10   12   15   14   11   12   13   15   12   11   15   15   12   13   15   14   10   12   15   10   14   13   12   10   10   11   13   24   14   13   14   11   10   24   10   11   11   12   15   11   15   12   15   11   11   14   14   14   14   11   11   13   11   11   12   14   11   12   10   21   12   12   15   15   10   15   23   12   11   14   13   15   10   13   13   12   15   10   10   11   14   21   14   15   10   25   12   11   12   11   13   15   14   11   10   12   10   15   15   15   12   13   24   11   10   15   13   23   15   15   15   14   15   12   13   13   11   23   13   22   10   12   14   11   12   13   15   15   23   13   10   11   11   21   14   12   11   14   10   12   13   15   12   25   15   15   12   21   13   24   21   22   12   11   13   13   14   15   11   13   10   15   11   24   15   15   11   10   11   14   11   21   13   15   12   15   12   12   13   12   12   24   14   10   13   11   14   12   14   13   13   12   15   12   11   11   11   14   12   15   13   14   11   12   10   10   15   12   13   11   12   15   14   13   14   15   15   10   15   11   21   10   15   15   14   14   12   12   12   10   13   21   15   14   13   10   14   11   22   14   24   14   24   11   14   13   13   15   13   10   14   10   10   11   15   12   13   11   15   12   11   15   12   10   10   10   13   10   10   12   14   12   15   11   24   14   13   15   24   15   13   25   13   12   13   15   13   10   11   11   14   14   13   10   15   15   10   12   10   15   12   22   24   13   14   11   14   11   13   12   10   10   10   11   25   11   12   15   10   15   12   11   22   13   15   13   15   13   15   25   11   14   13   12   13   14   12   11   11   11   11   14   13   13   22   13   12   12   14   13   10   11   25   14   13   14   13   15   12   11   25   22   14   15   14   23   10   14   21   13   13   15   14   24   15   13   13   11   15   12   15   11   13   12   15   12   10   14   15   11   13   15   15   11   25   14   11   12   23   15   11   15   11   14   15   15   21
  13   18   15   12   14   13   15   12   17   15   13   12   17   12   16   17   13   13   15   17   15   25   13   17   15   16   13   13   17   16   25   18   27   17   15   18   15   12   11   15   17   17   15   17   14   13   14   17   13   17   25   17   15   16   13   17   12   14   15   25   16   17   12   15   15   14   13   14   11   25   27   12   18   15   28   13   14   15   17   25   17   14   14   17   12   12   14   12   17   18   14   14   11   12   17   12   12   17   15   16   16   17   17   18   13   26   13   11   14   14   14   18   12   12   16   14   13   14   12   16   14   17   17   18   27   12   12   14   18   25   28   27   13   17   15   17   14   11   12   13   16   18   13   18   14   15   13   17   17   12   12   16   14   17   13   13   13   15   15   16   18   14   12   14   16   18   14   12   11   13   12   12   18   17   18   14   18   14   14   15   28   14   12   18   12   14   15   14   26   16   18   14   27   27   12   12   13   27   12   25   12   13   14   17   13   25   13   18   15   15   17   30   15   18   14   17   13   16   15   12   12   12   13   13   15   12   16   14   13   16   13   14   30   29   13   17   13   15   14   13   30   13   18   16   12   15   15   14   15   18   17   15   13   14   14   25   13   11   15   13   13   14   18   17   17   16   15   17   18   16   12   11   13   13   26   17   16   15   18   17   30   16   18   17   13   15   17   13   15   12   17   18   18   28   17   13   17   15   16   13   17   13   13   30   13   15   13   15   15   16   15   15   14   18   25   16   14   15   11   12   28   17   13   18   15   15   17   13   15   26   13   16   17   14   18   15   28   17   18   26   13   13   27   28   15   16   14   17   14   17   27   14   13   17   29   29   12   16   12   17   17   17   12   14   15   28   12   26   26   30   16   16   18   16   12   14   14   16   17   17   27   14   18   17   14   12   13   14   16   12   18   13   30   26   14   12   26   14   12   14   17   12   15   14   16   17   12   18   12   15   13   16   12   14   18   15   16   15   17   18   18   12   13   18   17   17   14   17   18   17   16   18   12   12   15   18   16   16   13   15   16   16   18   18   17   18   12   13   15   18   17   13   14   27   17   13   17   18   16   18   18   17   26   17   12   16   16   13   12   14   14   15   15   14   16   18   16   16   15   25   17   17   17   13   17   12   14   18   30   17   14   12   12   16   13   16   18   17   12   12
  29   13   19   16   12   30   30   18   15   32   19   14   16   18   16   16   18   19   13   17   17   18   17   20   13   19   13   19   15   20   29   14   18   19   27   28   15   19   17   18   30   20   17   17   18   18   18   15   13   17   18   15   17   14   30   15   19   16   20   17   12   12   13   18   32   18   15   17   15   18   19   31   16   12   13   18   13   20   13   15   16   18   13   19   14   16   13   18   19   32   14   20   18   14   14   19   30   20   13   16   16   13   14   16   19   20   14   13   28   14   18   16   18   32   29   14   13   15   19   18   16   19   17   18   16   18   20   16   18   20   32   14   15   17   16   18   13   13   15   30   15   18   13   15   12   19   16   13   33   19   20   14   17   17   19   19   17   17   15   28   19   15   18   17   18   17   14   14   14   12   15   20   17   13   17   18   14   20   13   14   20   16   13   14   31   19   16   17   16   13   13   14   28   19   13   27   13   15   14   15   27   18   13   14   13   14   15   17   19   16   20   18   27   14   31   17   19   18   14   13   18   20   18   17   19   17   14   20   19   16   17   18   17   19   15   30   16   18   17   19   15   32   14   30   15   13   17   14   19   14   14   19   15   17   15   19   15   20   13   28   13   14   14   16   16   15   16   20   14   15   18   14   15   15   19   15   20   14   19   14   17   15   14   19   18   13   13   14   12   19   17   16   19   18   13   28   14   17   17   16   16   19   14   12   20   17   18   16   16   18   18   27   18   15   15   16   19   20   16   15   20   19   13   20   16   15   19   19   14   18   19   17   15   15   18   13   20   15   14   15   13   15   13   14   16   14   12   18   14   18   16   14   30   13   17   18   13   18   19   14   15   16   19   17   16   16   18   18   19   15   13   14   17   16   19   13   16   16   14   19   17   32   28   29   16   18   18   17   19   19   32   14   17   19   15   30   13   13   18   14   16   13   16   15   16   14   15   13   16   17   19   17   18   33   15   18   12   14   12   15   15   17   17   15   15   15   19   18   12   19   15   17   17   12   20   19   20   12   17   19   19   19   16   14   18   14   20   17   14   16   14   18   17   20   15   14   27   14   17   15   16   15   20   12   13   12   12   15   12   12   18   30   16   19   14   13   13   20   13   18   19   14   18   17   17   19   14   18   13   13   17   13   14   20   14   17   20   18   15   19
   4    5    4    4    5    7    4    5    4    4    5    4    5    5    7    4    4    4    7    5    7    4    4    3    3    7    4    4    4    4    3    4    4    4    5    4    4    4    4    5    5    5    5    5    5    4    4    4    4    3    4    5    4    4    7    3    8    5    4    4    3    4    4    4    4    3    4    4    4    5    4    3    4    5    5    8    5    4    3    4    4    4    4    7    5    4    5    4    4    3    4    7    4    5    5    4    4    4    4    4    5    4    5    7    5    4    7    4    5    7    3    5    4    4    7    5    4    5    5    4    4    4    4    4    4    4    3    4    4    4    5    7    4    4    5    4    5    3    3    7    4    3    3    4    4    3    4    4    5    4    3    4    4    5    4    4    3    4    5    3    3    5    5    4    4    5    4    4    4    4    5    5    4    4    5    3    4    7    4    8    5    4    5    8    3    3    4    4    4    4    8    4    4    4    5    5    5    4    3    4    5    5    3    7    5    4    5    8    4    4    5    4    5    5    4    4    4    5    4    4    4    5    4    5    7    4    7    4    5    3    4    4    5    7    5    4    5    4    4    4    5    4    4    5    4    3    5    4    4    4    4    4    5    3    8    5    4    4    7    7    4    4    4    5    4    4    3    3    7    4    3    3    4    4    4    4    5    5    4    5    8    4    4    4    5    5    4    3    5    5    4    5    4    4    3    4    4    4    4    5    7    5    3    5    4    5    4    4    5    5    4    5    3    4    3    7    4    4    3    5    4    5    4    5    4    4    5    3    5    4    4    5    4    4    5    8    7    4    3    5    5    3    5    4    3    4    4    4    5    7    7    4    5    4    4    4    5    8    4    4    5    4    5    4    4    4    4    5    5    7    3    8    4    4    4    5    5    3    3    4    4    4    3    5    5    4    8    4    8    4    5    7    4    5    5    5    8    4    3    7    5    4    4    4    4    5    4    5    4    7    4    3    4    4    4    4    4    5    4    4    4    4    4    7    4    4    4    4    4    5    4    3    4    5    3    4    5    4    7    4    5    4    3    5    5    7    4    5    4    3    3    5    4    4    4    4    4    7    4    4    5    3    4    4    4    4    4    4    5    5    4    4    5    4    4    5    4    3    4    3    4    5    3    5    5    5    4    4    4    4    4    4    3    5    4    5    7    4    4    4
  15   31   17   19   30   21   20   30   15   19   18   15   13   16   17   17   16   18   17   19   20   16   21   15   30   16   20   19   20   16   18   15   16   21   15   18   16   13   20   14   32   18   21   20   14   20   15   14   13   16   19   21   14   32   21   14   18   15   17   14   17   20   16   21   14   20   17   13   17   14   18   29   15   21   21   21   21   19   20   13   30   16   15   20   19   16   20   15   20   20   17   18   21   18   14   16   32   19   19   17   20   14   13   15   20   17   19   20   15   20   21   21   21   34   17   16   17   15   14   18   21   30   18   15   21   16   17   31   20   17   20   14   18   21   19   16   13   32   14   17   19   13   18   17   16   13   20   17   21   16   30   17   20   14   17   17   18   16   21   21   21   19   17   15   16   20   18   18   19   15   32   21   15   19   16   19   18   21   18   14   18   15   20   20   20   20   20   15   13   18   20   18   13   19   16   21   21   29   20   21   15   19   16   15   16   17   18   15   21   18   13   34   32   13   17   21   33   20   18   21   21   16   21   19   17   17   18   21   19   18   16   18   19   19   19   21   20   13   19   20   13   14   19   19   18   16   21   15   18   21   18   20   15   14   16   17   13   21   20   20   19   18   17   17   14   29   33   17   21   15   15   15   32   17   16   18   29   21   14   17   14   35   20   19   14   19   18   20   16   15   20   18   18   21   18   15   30   16   20   20   19   21   15   20   34   18   17   15   16   19   18   17   19   19   20   13   13   19   19   19   20   15   14   17   14   15   18   13   21   14   17   16   15   16   19   33   14   15   15   17   20   19   19   14   20   21   17   17   20   13   20   20   14   34   21   18   15   18   19   20   19   18   19   14   15   16   17   21   19   21   19   18   17   18   32   18   17   35   21   20   13   16   16   21   18   19   32   16   21   20   16   21   13   20   14   18   19   18   31   15   16   18   19   18   32   17   16   16   14   19   18   16   17   14   14   17   33   33   19   31   34   14   19   20   14   17   21   16   18   17   14   15   17   35   14   21   20   16   20   21   16   16   19   21   19   19   17   32   21   21   17   21   15   17   14   16   21   13   33   13   14   18   15   20   21   14   13   21   21   17   14   20   16   17   19   14   15   14   21   14   31   18   17   18   16   14   31   21   20   21   16   30   20   18   18   31   20   16   17   18
   6   10    6    5    6    5    4    5    9    5    5    6    5    5    5    5    5    6    5    6    6    6    6    6    5    6    6    6    6    5    4    9    5    4    6    4    6    5    5    6    5    5    5    6    5    5    4    6    6    5    6    5    4    5    5    6    6    5    5    6    6   10    6    5    5    6    9    9    6    6   10    6    6    4    5   10    6    6    5    4    5    6    5    5    6    9    6    6    4    9    4    4    5    6    6    5    4    5    5    5    4    6    5    9    4    4    5    5    4   10    6    6    6    5    4    5    5    6    6    6    4    5    6    6    4    6    5    6    4    9    5    6    6    5    9    4    6    5    6   10    6    6    5    6    5    6    6    9    6    6    5    6    6    6    6    6    4    5    5    6    5    4    5    6    5    9    6    5    5    4    6    6    5    6   10    5    6    6    6    5    6    6    5    5    5    6   10    6    5    4    5    4    6    5    6    5    6   10    4    9    6    5    5   10    5    5    6    5    6    9    5    5    6    5    5    6    4    5    5    9    5    5    5    6    6    5    5    6    5    9    6    6    6    6    4    6    6    9    4    6    6    5    5    5   10    6    5    5    5    5    6    6    4    6    6    5    6   10    5    5    6    6    5    6    9    5    6    5   10    5   10    5    6    5   10    4    6    6    5    4    6    5    6    4    6    5    5   10    6    4    6    5    6    6    4   10    5   10    6    5    4    9    6    5    5    4    4    5    6    5    4    5    6    6    6    6    5    9   10   10    4    5    9    6    6    5    5    6    5    4    6    4    6    6    6    6    4    4    5    5    6    4    5    6    6    6    6    5    6    5    6    6    5    5    6    5    5    5    5    4    6    6    5    6    6    5    5    6    5    6    5    6    5    6    5   10    5    6    6    5    6    6    5    5    5    6    6    5    5    5   10    5    6    5    4    5    5    6    9    5    5    5    6    6    6    4    4    5    4    6    6    6    5    6    9    6    6    5    5    6    5    5    5    5    6    9    4    5   10    6    6    6    9    4    6    6    5    6    6    6    5    6    6    6    4    6    6    5    9   10    4    6    9    6    5    5    4    5    6    6    9    4    4    5    6    5    5    5    6    6    5    4    6   10    6    6    6    5    5    6    4    4    5    4    6    4    4    4    4    6    6    6    9    6    6    5    5    6    6    5
  17   22   14   18   36   19   19   20   22   20   15   21   20   35   21   18   22   22   21   20   16   15   19   15   23   22   18   20   21   18   16   22   20   16   20   20   17   15   20   20   20   23   20   22   22   21   17   19   23   21   21   17   22   17   14   19   17   22   19   16   20   34   18   22   15   19   14   19   38   17   23   36   33   20   22   19   21   17   20   19   16   18   35   19   15   14   22   19   21   15   21   20   17   21   20   16   18   17   20   16   20   19   18   16   23   18   15   23   15   14   17   14   16   17   15   23   20   14   31   16   20   14   15   23   18   15   19   20   20   33   31   21   32   22   22   19   23   21   20   34   22   22   23   19   16   15   22   22   18   17   20   16   32   35   18   16   20   16   33   16   14   22   34   16   15   15   22   18   21   22   17   37   17   37   22   20   16   16   15   19   20   18   21   21   17   16   22   33   17   17   16   19   21   17   20   32   15   19   17   15   15   16   21   32   17   18   17   19   20   23   19   19   23   17   21   23   18   19   22   20   17   16   16   16   17   19   23   18   21   19   15   17   22   21   22   20   22   19   19   14   15   14   23   16   15   15   15   18   17   22   14   22   18   16   35   15   15   22   23   14   20   20   34   16   15   22   21   18   21   21   34   17   18   21   20   34   22   36   14   20   15   20   17   19   33   17   16   20   22   18   33   18   21   14   21   16   21   18   23   18   17   37   14   22   15   19   22   36   15   20   17   19   17   21   18   16   19   21   19   15   18   15   38   18   16   14   21   14   19   20   19   18   21   19   21   21   16   16   17   22   23   15   22   15   20   20   19   19   20   17   16   14   19   17   32   17   32   22   18   22   21   16   31   31   37   16   31   23   18   15   17   18   19   18   19   18   15   23   22   21   16   22   20   19   21   19   15   21   23   15   34   15   15   23   22   21   21   15   14   17   19   15   15   21   15   16   20   21   20   18   17   20   16   16   14   15   18   14   32   22   23   21   14   16   20   17   15   34   18   22   19   15   21   20   16   21   19   19   21   17   22   23   22   16   33   19   35   20   22   20   21   15   16   23   21   19   20   21   21   21   19   34   18   19   16   23   19   31   20   23   17   16   19   34   18   19   18   20   20   16   16   23   17   19   20   35   19   19   21   17   21   19   16   20   22   17   16   14   18   20
  17   11   11   10    9    9   10   12   12    9   10   10    9    9    8    9    8    9    8   10    8    9    9    9    9    9   20   10   12   11   12   11    8   12   18   11   10   10   11   11    8   11    8   11    8   17    9    9   12    8   17    8   12    8    8   12    9    9   10    9   11   18   10   11   12   12   10    8   10   18    9    8    9    9    9   12    9   11   11   11   12   12   17   10   11   18   19   11    9   10   12   11   10   11   11    8   12   11   11   12   10   11   19   10    8    8   10   10   18    8   10    9   12   11    9   11    9    8   10   10   11   12    9    9   10    8    9   10    8    9    8   12    9   12   11    9   10   11   10   20    8   10    9   10   11    9    9   12   10   12    9    9    9   11   10    8   11    8   10   10    8   12   12   10   10   11    8   10   12    9    8   11   11    8   10    9   10    9    8   10   12    9    9   12   11   10   10    9    9   10    9   12    9   19   10   11   10   10   10   11   20    8    8   10   12    9   12   12   10   10   11   17   20    9    8   12   11    8   10   10    8   10   12   12   11   18   11   12   11   11    9   12    8   12   12   10   11   11   10   11    9   11   12   12   20    8    9   12   11   12   10   17   11   12   11   12   11    9   11   12   10   11   18   11   10    8   12   11   11   10   11   10   12    9   10   11    8    9   10   11    9   11    8   12   11   10   12   12   20    9    9   10   11   11   20    8    8    8    9   11   10    9    9    9   10   10   11   11    9   12   19    8   10   11   11    9   11    8   12   12    9   11    8   11    9    8    9   11   17   19    8    9   12   11    9    9   10    9   12   12   12    9   11   10   20   10   12   10   12   12   10   11   11   19    8   18   11   12   11   11    9   10   11   10   20    9    9   12   10    9    8   10    9   12    8   10   11   10    9   12   12    8    8   11    8   10    9    8   10   10    8   12   20   11   11    9    9   17    8   12   11    9   10   12    9   20   10    8   11   10    9    9   19    8   10   10   12   11   11   10   19   12   12   11    8    9   10    8    9   10   10   10   11   11    9   11    8   10    9   12   10   11    8    8   10   12    9   11   11   12    8    9   11   11   12   10   11   10   11    9   10   10   10   11   11   12   11    8   12   12    9    9   19    9    8   11   11   12   12    9   11    8   10   10   10    9    9   12   18   20   10   12   10    9   10   10    9   12   10   11
  22   13   10   23   11    9   13   11    9    9    9   13   11   12   12   12   20   10   12    9    9   11   13   11   11   12   12   14   20   10    9   13   11   13    9   10   13   10   12   10   11   21   10    9   13   13   11   11   12   20   14   14   11   11   10   11   13   11   10   13   10    9   11   13   12   10   11   13   12   22   12   11   10   12   11   12    9   11   14   14   13   21   22   12   12   10   10   11   12   10   12   11   12   11   11   11   11   13   10   12    9    9   13   12    9   13   14   22   13    9   13   12   11   11   12   11   10   13    9    9   22   11   12   10   10   12   11    9   13    9   11   10   12   13    9   14    9    9   14   10   10   11   12    9   11   10   12   13   12   10    9   10   11   10   14   12   11    9   12   11   19    9   11   14   13   13   22   12   22   12   11   11   10   14   13   13    9   11   12    9    9   12   10   12    9   11   10   14   10   19   11   13   11   12   12   14   20   11    9    9   14   11    9   13   11   11   13   14    9   13   11    9   10   12   14   13   11   13   12   13   12   13   14   13   10   11   13   23   13   12   10   12   10   12   11   14   11   11   10   12   11   13   10   10   13    9   13   14   11   11   10   13   10   13   20   10   13   14   11   12   11   13    9   13   12   11   10   10   12   22   11   12   10   12   10   12   10   22   12   21   11   13    9   13   21   11   10   13   13   13   11   22   20   14   12   14   12   10   11   10    9   13   11   13    9   13   11   14   10   11   12    9   21   11   11   11   11   13   23   11   13   14   14   11   13    9   13   11    9   11   22    9   12    9   14   11    9   12   19   10   10   12   12   12   12   14   14    9   10   10   11   10   10    9   20    9   13   11   12   11   11   11   10   11   10   12   10   22   13   10   11   19   23   14   11   11   14   12   11   10   22   13   11   10   10   13   21   11   20   12   10   12   12   12   23   11   11   13   13   13   11   13   13    9   10   12   14   12   11   11   11   19   11   11   13   11    9   13   14   11    9   12   10   13   23    9   14   11   13   11   10   19   12   11   10   11    9   10   14   10    9   13   14   13   11   10   10   19   14   11   10   10   14    9   14   23   12   10   14   13    9   11   11   11   10    9   21    9   12   19   13    9   22   11   11    9    9   14   13   23   10    9   10   19   11   12   19   10   12   12   11   13   12   13    9   14   12   13   13   20
  18   14   17   21   21   21   19   15   19   16   19   15   18   20   18   37   23   21   21   21   17   16   17   38   20   18   18   21   15   16   22   18   22   16   35   36   16   20   22   35   16   21   19   21   21   21   16   20   16   15   20   17   21   35   22   16   14   18   21   22   17   20   23   23   14   21   16   35   19   15   18   21   17   17   20   19   18   19   22   22   15   19   17   14   17   23   18   15   19   19   38   21   22   21   21   23   22   22   16   18   32   17   19   21   15   18   20   16   16   15   15   18   15   36   36   14   16   23   18   31   19   15   23   37   32   19   34   20   18   35   16   36   18   18   18   15   16   32   22   15   14   18   17   22   19   23   20   19   22   22   17   21   14   22   18   31   36   21   14   17   22   21   16   20   15   18   16   22   21   20   19   37   16   20   14   21   35   16   23   23   21   20   21   15   18   18   20   19   15   20   19   17   17   20   18   19   22   21   14   32   19   18   32   18   16   15   17   16   34   15   15   21   15   16   15   17   38   32   22   16   20   23   17   21   22   20   17   32   23   20   16   18   19   15   20   33   19   21   15   17   35   21   17   20   14   21   14   35   16   16   20   37   18   36   15   33   19   19   22   16   16   18   21   23   15   14   19   21   37   14   14   16   15   14   21   16   19   18   18   20   22   17   19   20   17   21   18   18   15   21   17   18   17   22   32   18   19   15   22   15   14   21   17   23   16   20   19   19   16   19   15   15   20   18   37   20   34   18   21   22   19   14   14   18   16   21   18   18   22   22   14   18   31   16   22   18   16   16   37   15   15   20   21   16   33   18   18   33   17   21   37   21   21   20   23   21   15   16   33   22   15   19   22   23   17   19   21   17   18   22   14   15   22   21   22   20   17   18   20   19   19   17   21   16   22   21   19   17   38   20   16   18   18   20   15   18   19   22   16   19   17   19   21   19   21   19   35   32   15   16   17   20   19   17   18   33   20   20   20   23   18   18   23   20   18   15   16   18   15   23   23   16   23   17   22   33   17   22   38   22   22   18   18   21   20   21   20   31   17   22   33   37   19   22   20   23   21   15   15   22   17   21   23   18   23   17   16   14   14   16   37   16   17   18   16   22   16   15   31   16   21   22   20   17   15   23   18   15   15   18   22   17   22   20   23   20   15   21   34   15
  29   12   29   18   17   14   18   12   13   17   28   13   14   15   17   25   16   28   15   18   25   30   17   13   12   12   18   12   13   17   13   13   26   14   14   14   11   27   15   12   12   15   30   17   18   11   25   14   15   18   29   18   16   27   16   14   18   16   12   18   12   15   17   18   17   14   28   12   16   17   12   15   12   13   17   11   12   12   28   17   15   17   14   17   18   17   18   12   18   14   17   13   13   16   29   17   28   13   16   12   15   13   12   14   13   15   16   14   17   14   26   18   15   14   14   13   14   12   30   16   15   17   14   29   14   13   17   12   14   28   18   15   12   15   14   12   18   12   16   13   14   15   17   13   16   29   12   12   18   13   12   18   12   13   14   13   17   12   12   26   15   13   15   17   12   17   18   26   11   17   13   15   18   13   12   12   17   17   16   12   27   14   12   15   14   12   14   18   12   11   17   30   18   29   18   18   30   30   18   14   16   13   12   15   15   17   13   18   13   14   12   15   16   16   13   25   26   18   16   29   11   17   16   11   16   17   15   17   16   17   18   17   25   14   27   12   15   15   18   16   13   18   12   12   18   25   12   17   29   14   11   16   12   18   14   15   15   12   14   25   16   15   18   18   28   27   17   18   18   12   17   25   13   18   29   12   12   30   14   18   16   13   26   17   29   16   18   12   11   18   27   16   13   29   30   17   12   29   13   17   26   13   17   17   15   17   15   16   17   18   30   15   15   16   12   16   12   12   17   13   16   28   17   18   18   13   18   13   27   27   14   16   15   12   15   12   14   18   30   12   16   15   16   14   12   28   18   18   15   14   18   13   16   12   17   13   15   13   25   11   14   16   16   16   16   30   17   17   14   18   15   14   14   16   17   14   14   17   17   18   14   17   16   13   13   15   12   13   25   11   17   17   16   17   13   28   12   18   16   28   12   29   14   12   18   13   16   14   17   12   12   17   12   11   15   15   11   16   17   15   16   16   25   13   12   18   17   17   17   28   13   18   18   13   13   18   14   13   14   16   15   13   12   18   16   15   13   14   13   15   25   17   12   14   12   30   16   15   17   13   16   14   18   15   12   14   12   14   13   11   17   12   15   14   11   15   15   13   17   17   18   14   13   26   18   18   17   26   11   14   18   13   16   18   14   16   26   14   11   28
