spsp
14
2
500
37 29 9 51 31 34 21 40 21 14 15 48 39 36 
110 99 92 136 111 147 137 120 125 90 96 120 132 120 
10 10 
0.002 0.002 0.002 0.002 0.002 0.002 0.002 0.002 0.002 0.002 0.002 0.002 0.002 0.002 0.002 0.002 0.002 0.002 0.002 0.002 0.002 0.002 0.002 0.002 0.002 0.002 0.002 0.002 0.002 0.002 0.002 0.002 0.002 0.002 0.002 0.002 0.002 0.002 0.002 0.002 0.002 0.002 0.002 0.002 0.002 0.002 0.002 0.002 0.002 0.002 0.002 0.002 0.002 0.002 0.002 0.002 0.002 0.002 0.002 0.002 0.002 0.002 0.002 0.002 0.002 0.002 0.002 0.002 0.002 0.002 0.002 0.002 0.002 0.002 0.002 0.002 0.002 0.002 0.002 0.002 0.002 0.002 0.002 0.002 0.002 0.002 0.002 0.002 0.002 0.002 0.002 0.002 0.002 0.002 0.002 0.002 0.002 0.002 0.002 0.002 0.002 0.002 0.002 0.002 0.002 0.002 0.002 0.002 0.002 0.002 0.002 0.002 0.002 0.002 0.002 0.002 0.002 0.002 0.002 0.002 0.002 0.002 0.002 0.002 0.002 0.002 0.002 0.002 0.002 0.002 0.002 0.002 0.002 0.002 0.002 0.002 0.002 0.002 0.002 0.002 0.002 0.002 0.002 0.002 0.002 0.002 0.002 0.002 0.002 0.002 0.002 0.002 0.002 0.002 0.002 0.002 0.002 0.002 0.002 0.002 0.002 0.002 0.002 0.002 0.002 0.002 0.002 0.002 0.002 0.002 0.002 0.002 0.002 0.002 0.002 0.002 0.002 0.002 0.002 0.002 0.002 0.002 0.002 0.002 0.002 0.002 0.002 0.002 0.002 0.002 0.002 0.002 0.002 0.002 0.002 0.002 0.002 0.002 0.002 0.002 0.002 0.002 0.002 0.002 0.002 0.002 0.002 0.002 0.002 0.002 0.002 0.002 0.002 0.002 0.002 0.002 0.002 0.002 0.002 0.002 0.002 0.002 0.002 0.002 0.002 0.002 0.002 0.002 0.002 0.002 0.002 0.002 0.002 0.002 0.002 0.002 0.002 0.002 0.002 0.002 0.002 0.002 0.002 0.002 0.002 0.002 0.002 0.002 0.002 0.002 0.002 0.002 0.002 0.002 0.002 0.002 0.002 0.002 0.002 0.002 0.002 0.002 0.002 0.002 0.002 0.002 0.002 0.002 0.002 0.002 0.002 0.002 0.002 0.002 0.002 0.002 0.002 0.002 0.002 0.002 0.002 0.002 0.002 0.002 0.002 0.002 0.002 0.002 0.002 0.002 0.002 0.002 0.002 0.002 0.002 0.002 0.002 0.002 0.002 0.002 0.002 0.002 0.002 0.002 0.002 0.002 0.002 0.002 0.002 0.002 0.002 0.002 0.002 0.002 0.002 0.002 0.002 0.002 0.002 0.002 0.002 0.002 0.002 0.002 0.002 0.002 0.002 0.002 0.002 0.002 0.002 0.002 0.002 0.002 0.002 0.002 0.002 0.002 0.002 0.002 0.002 0.002 0.002 0.002 0.002 0.002 0.002 0.002 0.002 0.002 0.002 0.002 0.002 0.002 0.002 0.002 0.002 0.002 0.002 0.002 0.002 0.002 0.002 0.002 0.002 0.002 0.002 0.002 0.002 0.002 0.002 0.002 0.002 0.002 0.002 0.002 0.002 0.002 0.002 0.002 0.002 0.002 0.002 0.002 0.002 0.002 0.002 0.002 0.002 0.002 0.002 0.002 0.002 0.002 0.002 0.002 0.002 0.002 0.002 0.002 0.002 0.002 0.002 0.002 0.002 0.002 0.002 0.002 0.002 0.002 0.002 0.002 0.002 0.002 0.002 0.002 0.002 0.002 0.002 0.002 0.002 0.002 0.002 0.002 0.002 0.002 0.002 0.002 0.002 0.002 0.002 0.002 0.002 0.002 0.002 0.002 0.002 0.002 0.002 0.002 0.002 0.002 0.002 0.002 0.002 0.002 0.002 0.002 0.002 0.002 0.002 0.002 0.002 0.002 0.002 0.002 0.002 0.002 0.002 0.002 0.002 0.002 0.002 0.002 0.002 0.002 0.002 0.002 0.002 0.002 0.002 0.002 0.002 0.002 0.002 0.002 0.002 0.002 0.002 0.002 0.002 0.002 0.002 0.002 0.002 0.002 0.002 0.002 0.002 0.002 0.002 0.002 0.002 0.002 0.002 0.002 0.002 0.002 0.002 0.002 
  28   19   30   22   18   25   21   20   20   24   32   24   29   21
  41   37   49   31   53   28   49   28   31   33   51   30   51   31
   8    5    6    9    2    4    5    5    4    2   10    5    8    6
  10    7    2    9   10    6   10    7    7   10    3    8    3    4
  17    6   22   20   19   12   19    5   24    5    5   24   19   13
   8    7    3   12   13    3   12   13   14    9   14   14    8    8
  23   19   19   21   23   18   24   23   23   23   52   64   20   19   23   24   18   16   20   21   21   18   21   21   20   20   17   16   25   21   22   68   20   17   25   16   25   60   21   21   21   21   21   22   26   26   21   25   25   21   23   23   24   16   21   16   19   23   55   19   26   25   22   21   25   16   26   67   20   18   17   16   18   23   20   19   22   24   24   21   17   25   18   21   24   26   19   18   23   18   18   20   20   17   17   20   22   22   19   20   20   21   21   23   17   16   19   24   18   52   20   20   22   21   24   24   23   23   18   22   21   21   17   63   21   65   22   23   18   57   19   18   21   24   23   62   21   61   57   18   23   23   17   24   21   16   19   20   17   24   19   19   18   16   24   16   25   21   23   19   22   22   17   58   22   24   22   18   20   19   19   20   22   20   22   18   25   55   23   20   24   26   23   18   21   25   17   21   66   24   18   22   22   17   18   22   22   25   18   26   26   26   20   18   24   21   24   19   21   18   17   20   24   22   23   22   21   16   24   55   59   21   61   24   22   25   25   16   24   20   23   19   20   18   18   20   21   20   19   21   26   19   19   20   22   22   19   20   18   25   26   24   23   54   58   24   19   17   21   16   25   16   53   16   17   17   25   66   26   16   22   66   19   21   17   24   18   22   24   16   18   16   21   25   17   21   16   24   19   25   25   17   17   20   17   26   23   24   26   20   24   62   24   21   60   24   62   25   19   23   22   17   24   24   24   25   24   25   26   19   26   17   25   25   17   23   19   21   24   25   19   23   19   22   25   58   25   21   24   26   19   16   23   17   19   26   22   22   17   25   21   16   20   20   22   18   17   16   19   24   25   25   22   16   17   26   53   19   25   17   17   23   63   16   21   16   21   22   16   18   26   17   17   19   16   24   58   17   21   19   19   22   25   18   16   22   19   26   21   21   58   16   21   22   52   25   61   20   20   17   25   20   23   19   23   18   24   24   17   16   26   16   21   25   16   21   20   20   16   25   20   19   19   22   56   18   17   17   54   17   19   18   17   22   18   21   17   68   16   18   18   25   54   18   22   21   67   18   18   21   24   24   18   18   55   21   17   20   25   25   21   21   55   23   23   17   21   24   17   23   24   20   24   23   17   59   17   17   21   22   19   18   19   65   26   25   22   25   17   24
  14    8    6    8    8    7    8    8   13    8    7    9    8    7    7    7    9    7    8    8    9    8    6    7    7    6    7    7    9    8    8    8    8    9    6    8   13   15   14    9   14    6    8    9    7    8    9    8    6    6   13    7    8   13    6    6    9    9    7    9    9    9    9    8    9    9    8    8    7    9    6    8    7    8    9    7   15    9    9    8    9    9    8    7   15    6    7    9    7    7    7    7    6    9    7    8    8    6    9    8    7    8    8    6    8    9    6    7    8    8    9    6    7    6    8    6    9    8    8   15    8   14    6    9    8    8   15    7    6    6    9    7    9    8    7    8    8    6    9    6    9    7   13    8    7    7    7    7    6   15    8    8    8    9    9    7    9    8    7    7    9   13    7    9    9    6    7    8   13    7    8    8    6    9    8    6    9    8    7    8   14    8    7    9    7    8    6    9    7    8    9   15    6    9    8    9   14    9    8    7    7    9    8    6    6    8    8    9    9    9   15    8   15    9   14    9    8    8    6    7   13    9    9    9    7    9    9    7    7    9    9   14    9    8    7    7   14    6    7    9    6    7    9    9    7    6    7    8    7    8    8    8    8    9   13    8    7   15    6    7    6    7    6    9    9    9   15    7    6    9    9    9    8    8    6    7   14    8   14    8    9    6    7    7    9    8    7    7    6    9    8    7    6    9    6   13    7    7    7    7    6    9    9   13    7    7   14    8    7    8    9    7    6   15    8    8    8    8   13    8    7    7    7    8    6    8    7    7    6    7    6    8    9   14    9    8    8    9    9    8    9    7    7    6    9    7    6   14    7    8    9    7    9    9    6    9    9   14    8   15    8    7    9    8   13    6    9    7   14    7    9    7    8    7    9    6   14    9    8    6    8    8    9    9    9   15    6    9   13   15   13    6    9    6   15    8   15    7    8    7    6    9    9    7    6    9    7    7    9    6    7    6    7    7    8   14    9    9    9    7    7    6    9    6    8    9    8   13    6    9    8    9    9    9    9    6    7    9    8   14    7    7    9    7    9    7    9    9    6    8    6    7    7    7    9    6    7    7    8   13    9    6    8    8    6    9    6    9    9   13   15    8    6    9    7    6    6    8    7    7    8    6    6    9    8   14    7    7    8    9    8    6    7    7    7    9    8   15   15    7
  31   32   29   87   23   28   23   20   21   33   79   27   27   23   84   31   25   21   22   75   21   33   22   27   23   25   21   32   32   22   25   21   27   28   29   28   30   25   28   33   27   32   29   25   30   28   21   24   32   24   21   33   25   32   31   24   21   24   21   33   22   26   26   20   33   22   26   32   26   28   23   28   29   31   29   72   21   30   27   25   85   21   21   26   24   30   76   33   27   22   27   23   24   31   33   33   29   27   28   25   87   33   26   24   30   28   30   84   33   23   24   77   68   31   29   25   27   23   22   29   78   33   32   26   28   22   33   32   21   23   26   32   31   21   32   25   26   26   28   22   24   29   31   29   30   23   21   80   32   31   24   28   23   27   32   26   26   86   32   69   31   25   21   27   24   22   25   27   32   33   68   27   78   24   27   25   27   25   25   30   24   32   21   33   29   26   31   24   21   26   25   27   21   21   84   30   29   21   30   24   33   31   31   23   22   30   26   32   33   29   33   24   22   33   31   23   26   27   23   33   26   27   28   30   23   27   80   75   24   31   21   26   23   79   27   21   33   30   29   26   20   74   21   27   29   26   28   23   25   32   79   33   24   32   25   22   23   28   25   33   26   27   23   23   33   21   28   30   21   30   77   31   21   30   23   30   28   23   33   26   26   23   31   31   83   21   28   26   29   22   22   31   28   25   30   29   20   20   21   68   28   21   24   23   29   25   24   25   28   30   29   24   32   26   32   21   23   32   77   28   24   23   24   74   29   26   26   31   26   31   29   26   20   26   31   22   20   32   71   31   32   23   30   33   70   28   25   21   32   33   30   24   22   32   23   33   20   32   22   83   22   30   82   32   30   30   24   23   23   32   33   24   30   21   31   23   33   28   26   22   22   24   25   28   30   32   23   81   72   22   32   22   28   31   27   33   31   23   21   29   24   78   31   30   27   22   25   31   24   25   23   27   24   25   24   28   33   27   33   30   25   32   23   28   33   79   27   28   28   27   23   74   27   24   71   25   29   32   25   28   30   29   21   32   21   25   22   26   26   33   21   22   26   32   26   77   23   29   24   31   21   29   23   32   24   33   23   23   29   32   24   83   82   21   31   28   68   31   21   22   32   25   22   28   24   22   25   33   21   33   29   27   30   32   22   31   28   23   29   28
  27   74   65   25   19   19   29   26   21   29   30   23   20   29   21   30   30   26   21   21   22   25   26   65   27   22   23   20   69   76   26   27   72   19   23   22   25   20   28   23   29   19   21   73   64   27   26   25   28   27   19   19   22   24   28   19   23   25   24   25   21   28   28   30   27   28   27   25   22   20   19   30   26   23   24   21   26   27   26   27   24   21   68   29   29   63   19   19   22   20   20   23   19   19   19   27   27   23   64   27   19   29   23   19   24   19   26   25   29   30   25   20   23   68   26   23   29   66   19   30   22   30   24   21   24   29   20   26   29   29   29   22   22   27   22   30   24   20   19   22   21   29   20   26   24   26   77   72   29   64   22   29   28   27   66   20   21   22   26   22   27   20   25   29   28   27   22   26   23   30   28   21   19   29   26   28   23   27   30   29   27   22   24   30   21   73   24   20   21   64   23   24   22   29   22   30   28   24   23   22   29   30   26   25   30   26   20   25   21   29   78   20   24   21   19   21   24   21   24   73   27   27   23   29   22   21   28   22   21   26   30   72   20   19   74   22   28   26   22   25   29   21   23   21   21   68   21   28   28   22   25   23   29   26   21   27   29   29   25   30   27   23   26   27   23   23   30   19   20   20   24   21   27   26   72   29   21   63   20   21   74   24   27   20   26   30   26   30   28   23   26   23   73   19   24   63   19   29   21   20   27   29   28   25   26   28   76   25   25   80   28   25   29   23   22   80   29   29   22   23   20   72   21   26   20   30   30   29   30   68   21   29   22   63   23   23   25   20   67   24   30   26   29   20   27   28   30   23   27   29   25   71   30   29   27   23   28   27   20   21   29   19   22   27   75   29   20   64   30   27   25   26   24   26   22   27   21   61   24   21   19   19   24   27   25   30   25   27   64   27   23   22   27   24   22   29   29   28   24   25   22   23   29   27   21   29   25   19   25   29   28   23   27   61   26   68   21   29   29   22   72   19   26   28   27   23   29   23   24   21   21   26   21   27   23   30   21   21   70   30   20   23   28   24   29   70   26   24   78   20   23   19   21   28   23   27   28   29   26   23   27   24   28   29   26   28   24   23   25   28   26   25   25   24   25   29   25   70   25   25   26   19   25   19   20   66   30   20   27   26   26   26   19   24   22   30   22   22   30   27
  23   25   21   27   20   25   28   25   59   28   23   18   20   25   26   23   23   29   24   23   19   22   26   24   28   18   22   25   69   26   24   23   25   63   21   29   75   22   26   24   24   18   20   70   20   27   28   29   23   20   20   18   65   19   18   18   21   20   20   22   20   25   19   28   26   28   74   26   75   24   22   19   25   28   21   19   23   18   27   24   27   64   59   24   20   19   29   24   26   22   28   26   20   28   20   18   20   27   27   21   25   23   18   20   63   22   22   18   28   29   24   27   64   21   67   19   65   63   24   20   21   24   24   20   71   24   23   29   23   20   25   25   22   23   25   68   20   27   24   20   24   28   20   22   26   23   19   25   19   22   23   18   20   18   26   22   25   18   25   21   19   19   22   26   28   26   24   22   22   25   26   21   24   62   25   19   27   23   23   22   67   25   20   26   75   28   29   26   28   26   21   63   21   60   25   28   19   29   28   23   19   28   22   29   22   18   25   26   61   25   26   28   23   26   23   18   26   19   28   23   25   27   22   28   19   25   68   18   22   23   18   23   25   25   73   27   18   25   29   23   24   19   27   26   19   19   26   28   28   24   22   19   76   21   19   27   22   29   26   20   20   28   19   27   28   27   26   24   21   19   24   29   26   24   25   28   19   25   23   19   21   23   29   23   58   21   18   22   19   72   23   22   19   21   25   25   24   76   23   26   25   18   24   19   24   27   26   22   21   28   25   20   19   19   20   25   21   18   28   67   63   29   24   22   20   18   21   25   28   25   22   60   28   25   23   20   21   29   28   21   22   22   75   22   18   27   21   22   20   20   22   18   22   22   19   25   23   19   26   18   24   25   29   61   27   26   29   21   18   26   24   29   29   28   60   28   25   26   18   26   19   21   21   27   59   21   27   28   21   25   26   26   23   18   28   28   28   27   20   27   20   23   19   27   27   22   19   27   25   20   18   21   29   25   21   26   61   23   61   27   21   21   23   18   18   24   21   20   23   19   27   29   22   27   21   25   26   19   24   23   18   23   18   18   19   63   18   22   29   19   69   24   18   20   24   22   18   27   67   26   21   29   25   20   72   20   26   20   18   19   29   25   28   21   20   23   19   24   61   19   18   24   26   27   27   25   19   26   24   23   28   21   19   58   59   26   22   19   26   26
  17   18   13   15   28   18   15   16   16   11   18   14   14   15   16   13   29   16   17   12   16   13   16   26   16   13   17   18   29   16   13   13   18   17   13   15   17   13   13   16   14   12   11   13   15   15   17   11   18   27   18   14   16   12   12   15   18   15   18   17   12   18   12   12   15   13   12   14   16   17   27   15   13   29   16   16   18   17   30   17   18   12   18   16   14   25   15   12   17   12   18   16   15   16   15   13   15   15   25   14   29   15   17   15   12   16   13   11   28   14   18   18   14   12   18   13   16   18   12   13   13   18   12   11   13   25   14   18   16   15   16   14   14   12   29   12   17   13   16   12   18   27   11   15   30   25   13   18   17   13   14   12   17   14   17   17   14   15   12   13   13   30   13   12   12   15   12   26   16   15   17   15   12   13   16   14   15   12   18   16   15   18   12   13   30   12   15   25   15   27   15   18   16   12   12   14   16   17   15   12   14   29   11   18   15   18   15   12   12   15   14   16   12   14   16   13   13   16   13   17   17   30   15   16   18   13   16   12   14   15   13   25   13   12   14   11   18   12   13   13   11   12   27   15   13   14   13   15   15   14   16   12   26   16   15   18   15   14   14   15   17   16   15   25   12   13   15   30   12   18   18   25   17   17   15   17   28   16   16   13   27   16   14   18   30   16   26   14   13   13   17   15   12   14   13   27   13   15   18   17   14   13   16   15   18   17   14   15   27   18   16   16   16   17   12   18   13   13   15   17   16   14   18   14   12   18   13   17   17   18   17   14   14   17   13   13   25   18   12   12   12   18   18   15   14   18   12   17   13   14   17   29   13   17   17   12   18   27   13   14   14   12   27   11   15   14   16   13   12   17   16   13   16   17   16   15   13   18   16   14   18   13   26   18   18   18   18   12   14   18   17   17   18   12   17   14   13   16   17   14   15   17   12   11   18   17   26   12   15   25   13   25   12   12   17   28   17   15   15   17   12   15   15   15   15   16   17   15   14   15   11   15   14   18   14   13   12   16   16   18   15   25   26   13   15   15   16   15   11   28   13   17   18   12   17   14   17   18   18   18   14   13   30   13   18   14   17   16   18   14   17   13   16   13   17   14   12   16   17   16   13   16   15   15   13   18   17   14   13   16   14   15   27   17   14   15   14   28   14   12
  23   27   21   19   68   21   26   27   19   74   63   29   19   21   26   23   75   24   25   28   29   19   26   24   23   23   26   20   25   28   25   28   21   28   27   23   26   21   21   20   27   23   22   28   19   27   22   20   25   23   23   29   19   27   22   23   28   27   20   23   72   61   23   27   29   28   21   20   25   20   21   23   22   28   18   24   21   18   66   26   21   71   21   23   22   22   25   25   19   26   25   29   26   59   28   75   25   19   21   27   22   20   25   18   23   25   18   26   21   24   18   61   24   24   29   65   24   20   19   19   59   27   22   25   23   23   19   25   18   28   19   28   27   26   27   19   28   21   28   20   24   25   25   27   19   20   22   20   24   21   25   22   25   18   29   25   18   23   29   26   21   22   28   19   26   21   22   21   27   76   22   19   22   19   20   19   28   27   20   27   23   22   19   68   20   21   23   19   28   29   28   20   26   19   21   27   25   18   20   27   26   22   27   21   22   22   21   20   23   21   18   20   62   68   18   19   29   28   24   25   23   28   27   25   23   25   24   20   20   20   26   60   22   26   21   24   18   26   19   29   26   21   20   26   27   22   26   26   19   27   24   28   21   60   61   22   24   26   25   27   23   70   25   22   19   21   73   20   26   22   29   19   23   27   19   22   20   19   19   23   28   27   25   21   21   28   22   23   27   75   23   71   28   20   23   22   27   20   24   24   24   19   22   27   22   21   28   20   28   19   25   22   24   25   20   73   23   19   26   27   27   29   28   22   26   29   26   24   65   23   23   22   21   29   18   24   26   21   19   18   58   19   22   20   24   25   19   21   24   25   20   25   24   26   28   24   18   29   28   22   27   19   63   19   22   23   26   26   26   28   20   26   22   28   24   64   22   19   66   27   27   19   25   27   28   19   26   24   21   20   22   22   28   19   25   26   28   74   20   25   20   28   65   70   20   22   22   25   21   28   23   25   23   21   27   26   18   29   23   25   20   27   22   29   26   25   58   27   24   19   28   23   27   20   63   23   21   22   25   29   21   20   21   27   23   20   25   20   74   25   28   23   66   69   20   22   25   26   26   27   20   18   27   19   20   19   23   25   25   18   27   24   19   29   19   19   20   28   21   18   23   58   28   29   26   21   23   23   25   27   24   20   20   26   18   20   27   25   28   74
   7    8    7    7    6    7   11    5    5    6    8   11    7    7    8    7    6    5    8    7    6    6    6    6    7    7   11    5    6    7    7    6   11    6    6    7    6    6    8    8    8    6    7    8    6    5    7    7    7    7    6    5    6    6    5    6    8    7    6    7    7    6    6    5    7    7    8    6    8    5    8    7    7    7    7    7    5    7   13    5    6    6    6    5   11    6    6    6    7    7    7   12    5    8    5    5    6    6    7    6    6    6    8    6    8    7    7   13    7    7    7    7    7    8    8    5    7   12    7    6   13    5    8    7    7    7    6    8   12    5    7    6    6    6    6    5    8    5    6   12    5    6    6    5    6    7    6    7    5    7    8    7    6    5    6    7   11    5    6    7    8    5    7    6    6    6    7    8    7    6    6    6    5    6    6    8    6    7    5   11    8    7    7    8    8    5   11    7    6    6    6    6    6    7    7    8    5    7   12    6    7    6    5    8    5    5    6    5    6    8    8    7    8    5    6    5    6    5    6    6    5    6    7    7    6    8    6    6    7    6    6    7    7    6   12    7    7    5    5    7    6    5    7    8    6   11    8    6    7    6    8   11    6    7    5    7    6    7    7   13    6    5    7    6    7   12   13    6    6    7    6    6    7    7    8   12    6   12    5   12    6    6    7    7    7    6    6    8    5   12    7    7    6    5    7    6    7    5    6    6    6    8    8    7    6    8    8    5   11    8    7    6    7    7    7   12    6    7    7    6    7    7    5    6    8    7   13   11    7    6    5    6    6    6   11    8    5    8    5    7    7    8    7    6    7   11    6    5    7    5    7    7    5    7    6   11    5    6    6    5    6    5    5   11    7    6    8    6   12    6   12    7    5    6    8    7    5    7    8    6    5    7    5    6    6    7    7    8    7    7    8    5    7    6    6   11    5    7    8    7    7    5    6    7   12   11    7    8    6    6    7    6    7    6    6    7    8    5    7    6    7    7    6    5    7    8    8    7    7    7    6    5    6    6    7    8    7    6    8    7    5    7    6    6   12    6    7    7    6    7   12   12    6    7    8    7    7    6    7    6   11    8    6    5    7    8    6    8    7    8    8    5   12    7    6    5    7    8    6    6    6    6    8    5    7    5   11    6   12    6   13   13   12    5    7    6    8    8    8    5
  23   84   34   32   23   26   25   87   29   22   29   93   24   30   31   28   86   74   31   23   76   27   26   25   28   23   31   35   23   73   34   31   33   32   25   35   36   84   36   28   78   28   82   24   31   24   30   23   90   34   27   33   75   23   29   24   32   30   36   33   33   26   28   36   88   29   31   24   93   36   28   34   25   29   31   25   28   32   36   29   26   34   23   25   28   36   30   32   33   75   24   26   31   34   23   32   85   28   27   29   28   28   82   29   30   26   24   29   28   23   32   26   34   28   87   29   22   35   28   24   26   80   35   31   26   33   27   34   27   28   30   23   32   35   31   25   35   30   34   34   35   23   27   23   30   84   25   36   29   35   33   75   35   24   35   26   27   27   26   29   28   27   35   29   34   32   86   26   25   73   30   32   28   25   33   29   31   25   22   91   33   34   35   26   30   26   26   29   31   32   89   35   35   31   24   30   35   29   25   27   80   28   86   28   24   73   87   29   25   34   32   24   23   34   36   32   23   33   89   31   87   25   30   35   28   34   26   29   34   24   28   85   22   29   29   24   36   28   28   23   26   27   22   36   29   23   27   32   22   31   35   27   30   36   34   26   35   28   25   79   27   31   33   29   29   31   29   27   24   27   28   24   30   34   33   25   73   28   36   30   27   29   27   33   84   27   26   23   30   29   23   30   23   31   35   26   25   93   28   30   27   34   24   30   23   23   25   25   28   36   32   23   80   22   36   23   36   29   36   32   28   32   34   23   35   24   31   29   25   36   28   27   24   23   33   24   33   29   24   32   35   36   23   28   30   28   33   96   31   29   31   82   32   29   23   28   31   31   24   34   30   33   75   31   28   28   23   33   35   35   29   35   29   23   34   36   35   28   31   77   24   24   32   24   24   35   33   30   23   96   36   23   24   29   25   34   89   27   34   27   24   28   31   23   28   30   27   22   29   23   27   30   23   24   25   75   33   24   31   89   86   30   34   32   31   30   27   75   28   27   33   83   32   30   33   27   33   25   36   25   30   27   29   30   31   23   24   23   30   33   87   32   26   33   28   27   30   31   36   33   92   35   31   32   27   28   28   31   29   33   32   31   23   26   33   31   29   26   23   31   31   27   23   28   35   27   35   31   33   35   23   29   36   36   35   31   84   33   36   26
   5    6    7    7   11    7    8    6    5    5    7    7   11    7    8    8    6    6    6    6    7    7    8    6    7    8    6    6    7    5    7    8    6    7   13    6    6    7    6    7    7    8   11    7    6    5    7    5    8    8    7    5    6    6    5    5    5    7    8    7    7    8    7    8    6    6    6    7    6    5    6    8    8    8    7    7    7    5    7    6    8    5    8    5    5    6    6    5    5    5    6    5    7   12    6   12    7    7    8    6    7    7    6    6    6    7   11    7    6    6    5    6    5    6    7    8   12    5    5    6    5    7    7    5    6   12   12    6    7    8    6    6    6    7    6    8    6    8    6    6    5    7    7    7    8    7    8    7    7   13    5   13    7   12    7    6   12    6    6   12    5    6    7    6   11   11    8    6   11    7    7    5   12    7    7    8    7    7    8    5    6    6    5    6    6    7    6   11    6    8    7    5    7    6    6    6    6    5    6    7    8    7    7    8    8    5    6    8    6    7    7    6    8    6    5    5    7    6    8    7    6    7    5    8    7    5    7    7    8    6    7    8    6    7    6    8    6    7    7    7    8    6    7    6    6    5    5    5    6    7    8    6   11    7   11    6    7    6    7    8    6    5   11    8    7    6    5    5    5   12    6    7    6    7    8    6    6   11    7    5    7   13    5    5    6    5    5    8    8   12    7   11    7    7    6    5    5    8    5    7    5    7   11    7    5    6    7    8    7    8    7    7   13    7    6    7    5    5    5   11    5    6    8    5    7    5    8    7    5    6    6    7    7    6    6    5    6    6    5    7    7    8    5    5    7    6    7    5    7    7    7    6   13    6    7    6    5    8    8    6    6    5    7    8    7    6    5    8    6    6    7    8    7    6    6    7    6    6    7    7    6    6    8    6   11    7    7    6    5    8    6    6    7    6    6    6    7    7    8    7    7    5    6    6    6    6    5    6    7    7    7    7    5    6    5    7    7    6    6    5    8    5    8    6    7    5    7    7    6    6   11    6    7    7    7    7    7    6    8    6    5    6    6    7    8    5    6   12    6    7    6    7    6    6    7    8    6    8    6    5    7    6   13    7    8    7    7    7    6    6    8    8    6    8    8    6    5    7    6    8    8    6    7    5    6   12   11    6    8    8    7    7    5    6    6    5    5    6    7    6
   7    7    7    6    6    7    7    8    8    5    8    7    8    7    6    6    5    5    5    5    6    8    6    6    8   11    5    6    7    8    5    7    8   11    8    7    6    6    7    5    8    7   11    8    5    7    8    6    6    7    7    7    7    7    8    5    8    7    7    6    8    5    8    6    7    6    6    7    7    6   13    7    5    7    8    7    7    6   12    7    8    7    5    7    6    8    7    7    6    6    6    5    6    7    6    5    6    7    7   12    6    5    6    6    7    6    7    7    7    7    7    7    6    6    6    6    5    7    7    6    6    7    6    7    7    8   11    6    7    8    5    7    6    6    6    5    7    5   12    8    7    7    6    8    5   13    5    6    8    7    6    8   12    7    7    7    6    6    6   11    6    5    6    7    7    7    6    7    7    8    7    6    7    6    8   13    7    6    6    6    7    6    6    6    8    8    6    6    7    7    7    8    7    8    6   12    5    6    6    6   11    8    7    8    5    7    6    6    8    6    5    6    6    6    6    5   11    6    6    8    6    6    5    5    8    8    5    7   11    7    5    6    8    6    6    6    6    5    6    7    5    7   12    7    5    6    7   12    5    8    6    6    6   12    6    6    6    5    7    8    7   12    7   12    8    7    7    8    8    8    8    5    6    6    5    7    6   11    8    5   12    6    8    8   12    7    6    5    8    7    7    8    8    7    7   13    7    8    8    7    5    7    8    5    5    7    7    7    7    7    8   13    8   13    6    8    8    7    7   11    7    5    5   12    6    6   13    7    6    7    6    7    5    7    6    7    5    8    7    7    7    6    8    8    6    6    8    6   11    6    8    6    8    7    5    5    6    7    8    7    7    7    8    8    6    7    7    5    7    6    8    7    5    6    7    6    6   12    6    7   12    7    5    7    6    5    6    5    7    7    5    7    7    6    6   13    6   12   13    7    7    6    8    8    6   11    7    7    5    5    6    8    6    7    6    7    7    7    5    5    5    5    7   11    6    8    7    7   13    6    8    7    7    7    5    6    5    7    7    6    5    6    7    7    5    8    7    7    6    6    7    7    7    8    8    7    6   11    8    7    5   11    6    7    5    8    5    6    8    8   12    7    5    7    8    6    8    6    7    8    8    6    6   12    7   13    5   11    6    8    8    8    6    8    6    7   11    7    5    7
  33   30   85   28   34   34   23   24   96   31   25   25   31   28   33   32   73   28   36   31   31   28   32   23   31   29   24   35   36   23   33   30   24   22   30   24   26   27   29   28   27   24   30   27   31   27   26   29   30   34   35   26   28   27   34   36   28   33   30   88   27   31   31   24   27   31   35   35   26   34   30   30   23   27   30   36   26   29   29   23   30   27   73   32   25   27   29   31   34   29   30   86   29   31   36   35   29   32   26   31   96   33   27   36   32   32   92   31   36   24   31   29   24   33   24   28   33   29   27   28   33   36   95   29   34   24   86   35   22   75   36   26   34   30   24   25   25   34   36   27   74   35   25   28   31   28   85   31   26   23   36   27   96   26   28   32   35   28   36   24   24   24   23   30   23   23   92   26   34   33   26   33   23   32   25   31   36   26   24   26   36   31   93   28   29   29   29   22   36   31   79   36   26   36   29   29   34   29   35   26   84   25   36   36   34   23   31   31   24   35   33   84   96   35   25   83   32   30   28   36   23   31   24   27   32   25   24   24   28   31   31   32   35   24   32   23   34   30   28   24   35   31   30   24   36   24   94   30   23   30   25   29   36   23   28   35   33   23   73   35   35   35   30   28   24   23   23   27   35   23   25   31   27   31   35   31   23   30   33   33   23   33   33   24   31   29   33   28   30   23   84   78   33   27   92   24   23   29   27   33   28   36   31   36   22   35   33   26   33   35   36   26   29   22   24   36   25   24   30   25   26   29   33   34   33   35   33   31   30   33   28   34   26   25   28   27   36   34   23   29   85   30   35   73   31   33   22   28   28   26   75   33   35   35   23   22   23   28   35   36   25   36   30   26   31   30   33   22   26   25   26   28   31   33   31   32   30   25   24   34   34   25   26   31   26   28   24   28   28   31   30   29   27   36   28   29   90   30   35   33   31   35   28   26   25   27   86   31   32   24   26   33   31   74   23   26   89   92   84   35   36   24   35   31   34   36   27   35   33   34   24   23   30   35   32   23   27   34   24   28   28   33   33   31   73   22   29   25   32   32   35   33   32   32   25   32   29   22   23   31   33   23   35   34   23   36   25   29   33   27   29   36   27   81   35   28   29   26   32   31   33   23   35   83   30   28   24   32   24   24   30   24   36   75   23   34   30   31   30   32
  20   63   28   21   21   23   19   18   24   29   18   27   26   26   18   68   24   19   66   22   18   20   27   23   21   24   19   27   24   27   20   75   62   28   27   25   24   19   25   28   23   25   26   25   28   23   22   26   19   27   72   58   26   19   19   29   18   19   28   18   26   28   25   66   62   24   21   20   60   25   24   23   21   26   24   20   65   27   20   23   19   26   21   23   18   20   22   24   25   20   69   23   21   24   20   27   22   25   23   22   19   26   20   25   22   26   19   19   25   24   24   20   22   75   24   23   22   20   69   21   18   29   29   21   21   29   26   28   20   24   24   18   23   24   24   24   28   25   27   22   26   25   24   22   24   27   18   20   27   25   23   21   24   28   21   18   21   20   21   24   68   24   18   27   25   19   22   26   22   20   29   25   20   29   18   20   26   22   28   29   21   28   23   24   20   27   26   26   21   26   18   61   20   19   28   21   29   28   29   25   27   18   21   27   18   21   25   24   25   26   23   27   24   26   19   73   28   22   29   28   21   19   19   28   20   25   27   21   19   29   23   22   20   27   20   20   27   28   22   26   20   27   19   25   60   74   21   20   27   22   18   18   29   23   26   19   22   72   21   28   21   28   20   68   27   23   18   18   26   23   24   20   26   24   27   20   22   20   18   19   21   25   59   26   28   23   18   18   26   19   73   22   29   26   28   22   24   24   22   25   25   27   20   27   28   24   24   24   18   28   65   28   20   26   19   28   26   19   20   22   29   25   20   76   24   24   18   20   19   19   20   27   70   25   22   22   23   23   61   18   74   27   59   26   76   23   62   18   21   23   20   21   21   24   26   26   27   28   23   68   20   28   25   25   20   27   22   28   27   24   19   27   22   23   18   24   27   19   24   22   25   25   62   21   19   23   21   22   28   27   20   20   27   22   29   21   22   22   28   28   21   24   26   23   26   25   28   27   21   24   24   25   21   22   18   23   24   27   18   29   24   18   26   23   23   68   18   28   24   24   28   27   19   20   22   21   29   19   25   27   73   24   27   25   24   20   20   27   19   72   19   67   28   18   22   21   29   18   73   26   62   24   20   23   71   20   19   24   26   72   28   25   18   21   21   19   21   22   18   21   24   29   70   27   25   20   19   25   22   22   24   27   26   71   22   28   23   64   25   19
  13   16   14   16   20   17   33   31   31   18   13   15   20   19   19   15   13   18   18   16   28   14   19   17   12   20   13   16   13   16   30   14   31   19   18   14   14   33   14   19   19   14   14   29   13   28   16   18   20   19   17   17   17   18   13   30   14   28   15   18   19   19   19   16   17   15   19   16   13   19   16   15   14   16   14   17   14   14   20   16   13   14   17   18   16   17   30   17   15   18   17   15   13   20   18   12   19   15   17   17   29   28   19   14   17   13   15   29   13   18   13   15   19   15   16   15   18   17   17   30   20   19   18   16   12   14   18   17   16   16   16   15   17   13   33   17   14   14   12   18   16   19   15   16   13   30   16   14   20   15   18   18   15   20   17   19   13   14   28   28   14   15   27   14   18   13   33   14   19   18   19   29   17   14   16   16   14   20   15   12   20   13   14   16   17   14   18   16   12   14   14   17   17   16   16   18   15   19   20   19   17   16   18   14   15   14   15   15   19   15   28   14   15   15   16   16   13   15   12   14   19   19   14   19   17   31   19   17   14   15   15   19   16   18   29   13   19   17   13   32   15   18   14   14   20   33   13   19   17   20   17   30   19   18   17   16   15   16   13   14   27   16   17   17   13   13   17   15   28   17   13   27   16   19   12   17   30   13   19   15   17   12   31   13   17   32   13   15   15   13   19   18   17   16   18   16   15   13   15   19   13   16   15   14   13   13   15   29   18   15   28   16   30   14   19   17   20   18   19   18   14   13   30   19   16   16   12   15   18   15   19   15   14   19   14   29   13   16   28   17   18   13   14   28   29   15   20   12   20   14   14   19   13   16   15   32   32   16   29   17   17   16   16   29   18   17   20   14   18   17   20   18   17   15   19   17   18   19   18   16   19   30   16   13   14   18   33   15   18   30   13   14   13   14   16   17   19   19   17   13   13   20   17   16   30   17   16   19   15   19   19   19   20   16   30   13   15   15   13   19   32   19   12   32   29   17   31   27   19   15   30   18   18   13   15   16   13   12   15   13   16   18   31   19   20   14   16   12   31   19   16   32   17   20   19   16   20   15   13   33   17   16   16   19   15   20   19   17   20   16   16   17   27   14   19   14   18   16   33   18   14   33   15   14   12   17   13   33   14   18   15   12   19   15   20   19   14   14   14   15
   8   20   17   11   18   11   11   11   12   10   11    9   12   19   11   11   18   12    9    8   10    8   11   11    9   12    8    9   12   10   12   10   10    8   11    8    9    9   12    9   11   19    8   10   11    9    9   10   10   11   12   10   11   11   12    9   11   19   10   11    8    8    9    9   19   11    8    8   11   11   10   10   10   11   11   19    8    8   11   17   10    9   12    9   11    9   10    9   10   10   12   12   10    9   11   12    8   10    9   12   11    9   12    9    8    8   11   12   12    8   12   11   20    8    8   11   12   10   11    9    9    9   10   12   11   12    9    9    8   12   11    9   12   12   11   18   10    9   10   12   11    9   18   10    8   19   20    9   12   11   10   12   10   11   10   12    8   10   19   11   11   11    9   12   12   11   11    9    8    9    8    8   10   11   10   11   10   11    9   18   11   10   12    9    8   12   12   10    9   12   12   10    8   12   11    9   11   12   11   11    9   12   19   11   17   18   11   10    8   11   11    8   11   12   12    9   12   11    9   12   20   11    9   18   10   10    9    9   20    9   11    9   20   17   10   12   11   12   10   11   10   10   11   10   12   10    9   10   11   10   11    9    9    9    8    8   10    9   10   12   11   12   11   11    9   19   11   12    9   10   12   10    8   10   10   10    8    9   19   10   10   10   11    8    9   11   17   10    8    9   18   12   11    8   12   12   12    9    9   11    8    9   12   10   10   12    8   19   12   12   19   10   17    9    8   17   10   11   20    9    8   10    8    9   12    8   20   20    9   20   11    8   12   12    9   20    9    8   12   12    8    8   12   11    9   11    9   12   17   10    8   11    8   11   18   11   10   12    9   18    9   10   10   10   19    8   11    9    8   11    9   19   12   20   10   12   12    8   11    8   12   12   12    9    9    8    9    9    9   12   17    8   19   12   11   11   10    9    8   11   12   19   10   18   11   12   20    8   10   12   10   12    9   18    9   10   11    8   11    9   12   12   10   12   11    8   11   11    9   12   11   11   12   12    9   20   20   19    9   11    9    9    9    9    8   11   11   10    8   12   12   12   17    8   11   17    9   11   10   11   10   19   11    8   11   10   10    8   17   10    9    8   12   12   11   10    8   11   10    9   19    8   11   12    9   11   11    9   20   10   12    8   11   10    9   12   11   11    9    8
  11    9   17   10    7   10    9    9   10    9    9    8   11    8   11   15   10   18   11   10   17    9   10    8    9    8    8    8    7    8   10    7    9   17    9   10   16   11    7    9    8    9   10   10    8   10   10   15    9    9   11    9    7    9   10    8    9    7   10    9    9    8   10    9   11   11   11    8    9    8    9   10    9    9    9    7    9    9    7   15   10    8    9   11   10    9   16   10   10    8    7    7    9    7    8    7    8    9    8    9    9    7   11    7   10    7    7    9    8   10   10    9   17    9    9    9   11   11    9    9   10   11    8    9    7   11    8   10   11   10   10   17   10    8   10    9    8    7    8    8    9    9   11    9   16   10   10   10    9    9   16    8    8    8    7    9    8    9    9    9   17    8   10    9    9   17    9    8   16    7    9    7    8   10   11   15   10   17    9   10   10   10    9   10    8    8   10   11    9    9    7    9    9    7   10    8   11    8    8    7    8    9    7   11   10   10    7   11   17    8   10   11   10    8    7   11    7    9   18   10    9    8    7    8   17    8    9   11    8   10   17    9   10    8    8   11    9   10   10    7    7    7    9    7    8   10   10    9   10    8   18   10   11    7   11    9   10   10    9    8    9   11    8    7    8    7   15    8    8   10    7    8    9    8   10    7    7    8    8   10    8    9    8    8   10   10   11    9    8    8    7   10   10    8   10    8    7   15    8   10   10    8    8   11   10    8    7   11    7   11    8    8    8   11    8    7    8   10    8    7   10    7   10    8   10   11    9    7    9    9    8   11   10    8    9   10    7    9    8    9   10    7   18    9    7   10    8    8    7   11    8   10    8    7    9    7    7    9    8   10   16   11    7    7    8    9    7    8   11   18    7   10   10   11    7   10    8   10    9    9    7    9    8    7   10   10   10   11    9   11    8   11    8    8    8    9    9    9   10    7   10   10    9   10   11   16   10    7    8   11   11    8    7    7    8   18   10    8   11   10   11   11    8   17    8    9   11   10    9   11   10   10    8    8   11   10   17   11   11   11   15    8    8    7    8    7    8    8   16    9   10    7    8    8    9   17    7    7    9   11   10    8   10    8    9   15   10    8   10    8    8   10    9   10    8    9    7    9   10    7   11    9   10   15   17    7    7    9   11    8   15   16    8   10    9   10    9   15   10    9
   5    4    4    4    5    4    4    5    4    5    4    5    4    4    4    5    4    3    7    5    3    8    7    7    5    4    4    4    4    8    4    7    3    3    3    5    3    4    4    7    5    8    4    5    4    5    5    4    4    3    5    5    4    4    4    3    3    7    4    3    4    4    7    5    5    3    7    4    4    4    4    4    4    4    5    4    5    5    5    4    4    4    3    4    4    5    4    4    4    4    4    5    3    4    4    3    5    5    4    4    4    4    4    4    3    5    7    4    8    4    4    4    4    4    7    5    3    5    7    3    4    5    3    4    3    4    4    5    8    4    3    4    4    4    5    4    4    4    4    4    4    3    4    4    4    7    7    4    8    5    5    7    8    5    4    4    4    5    5    4    7    4    4    5    3    5    4    4    5    3    5    3    4    5    4    5    4    4    4    5    3    5    4    4    4    7    4    3    3    3    8    3    7    4    4    4    3    5    3    7    5    3    4    4    5    4    5    5    4    5    3    5    3    5    5    4    4    5    4    4    5    5    4    4    4    3    5    4    3    4    8    5    4    4    4    4    7    3    4    5    5    5    5    5    5    4    3    4    3    4    5    4    8    4    5    4    4    4    5    4    5    7    4    7    4    4    5    7    3    3    4    4    4    4    3    5    8    5    5    5    4    5    5    4    8    5    3    5    5    5    5    5    5    5    5    3    4    4    5    3    5    4    4    3    4    4    3    4    5    5    4    4    4    5    4    4    3    4    5    4    4    5    4    7    4    3    4    4    4    3    4    4    4    4    3    3    4    3    4    4    4    4    4    5    5    3    4    4    4    3    5    4    3    5    4    5    4    5    7    5    4    4    5    4    4    4    4    3    5    5    4    5    4    3    4    5    4    4    8    4    4    4    5    5    4    4    3    4    5    8    4    4    4    7    5    4    5    4    4    4    5    5    5    5    4    5    3    4    3    4    4    5    3    4    4    5    4    5    4    4    4    5    3    3    7    4    5    4    7    4    5    4    7    4    5    4    5    3    4    5    5    3    4    4    4    5    3    4    4    4    3    4    7    5    4    3    4    3    3    4    4    4    7    4    4    4    4    7    3    5    5    4    5    4    5    4    3    4    5    5    3    4    4    8    5    4    3    5    5    4    4    4    7    4    4    5    8    3    4    3
  15   18   13   16   13   15   12   13   14   14   13   17   16   17   12   30   11   17   12   13   17   15   12   14   16   16   12   13   16   18   15   18   16   12   13   17   13   13   15   27   13   12   12   13   16   12   15   15   17   17   12   18   12   14   15   15   18   13   12   12   14   26   17   12   13   18   14   12   16   14   17   12   13   29   15   18   14   17   11   16   16   15   15   29   14   16   15   16   13   13   11   16   16   14   18   16   12   18   12   14   17   18   14   12   17   12   12   12   26   15   26   18   26   14   12   17   12   12   15   16   15   29   16   18   17   16   14   14   15   17   17   16   16   16   14   13   18   13   16   13   15   18   18   17   16   16   15   12   13   11   13   27   13   18   29   18   12   14   13   16   28   12   17   11   17   13   17   27   17   14   18   15   17   16   14   16   16   12   28   12   25   16   18   16   14   15   18   13   12   29   12   12   14   14   30   15   17   18   11   12   30   25   15   16   16   15   18   12   15   17   14   17   17   18   12   12   17   26   18   18   26   17   13   14   18   18   12   15   28   12   14   13   18   15   14   17   13   13   16   17   18   13   17   16   13   14   18   13   13   12   12   16   13   12   16   16   14   30   13   25   13   27   18   28   16   16   13   16   18   15   12   25   17   14   16   16   30   13   12   11   17   17   15   17   12   15   16   17   18   25   14   12   18   17   12   15   12   13   17   16   13   17   14   15   16   18   12   16   28   13   18   18   28   16   13   12   15   15   17   17   16   12   15   13   18   16   25   18   17   13   17   18   16   17   16   14   14   12   15   17   18   13   25   15   15   18   16   13   13   29   15   16   17   17   18   17   16   13   18   15   18   11   12   12   12   13   15   13   12   17   14   13   17   13   25   26   18   16   13   14   13   14   16   14   13   13   16   15   15   13   17   15   18   18   11   17   15   15   12   13   15   14   14   15   16   12   12   18   15   17   12   12   12   29   14   12   11   17   26   14   13   13   12   17   16   16   16   14   14   17   14   13   11   12   13   14   13   12   14   13   26   18   15   12   14   26   16   15   15   16   17   12   17   13   13   18   12   25   26   13   18   11   16   28   14   16   14   15   12   15   14   18   16   25   25   17   12   11   18   15   12   18   28   17   15   17   15   15   30   18   15   28   11   13   17   13   18   12   14   16
  20   16   19   12   16   15   12   31   17   18   16   18   17   18   19   19   20   14   14   13   15   16   16   20   13   19   16   14   14   29   16   17   17   19   15   14   17   14   16   17   20   19   18   18   16   20   18   17   16   12   16   16   27   17   15   15   19   19   18   16   18   18   15   13   13   16   12   29   17   18   15   19   16   29   19   18   15   19   18   19   13   13   13   18   13   14   18   17   17   16   17   14   15   13   17   17   28   17   13   15   15   19   17   14   17   18   12   14   16   17   17   19   16   14   30   18   20   19   17   17   18   17   19   18   31   14   14   13   15   16   17   12   19   29   13   18   20   18   19   27   19   12   19   20   18   18   16   15   17   19   15   16   19   16   15   16   12   12   18   17   13   17   31   13   14   14   15   14   16   17   19   18   15   19   15   14   19   20   12   28   33   18   13   14   13   16   16   13   16   15   17   30   20   16   14   13   32   19   14   17   20   15   16   15   16   17   20   17   20   15   19   16   15   18   28   19   14   20   27   17   13   17   20   18   19   16   20   15   20   17   12   18   14   16   17   14   27   12   27   13   13   16   17   13   13   14   20   13   18   18   29   16   14   18   17   18   30   18   19   14   15   18   19   30   28   14   17   16   18   13   18   18   14   32   18   32   12   12   18   16   13   16   19   18   15   14   18   27   15   15   13   16   14   17   15   20   16   15   19   13   15   13   14   19   14   15   17   30   14   18   18   16   20   20   19   15   13   16   18   14   16   12   15   16   28   30   13   17   14   18   18   15   17   18   20   13   13   20   12   18   15   15   20   13   13   19   17   17   16   12   14   20   17   17   19   15   19   16   17   17   18   30   20   18   12   18   15   16   12   17   14   14   18   30   18   18   16   12   18   18   13   15   16   18   16   17   12   17   19   18   18   15   15   15   12   32   14   19   13   16   15   17   27   29   17   12   16   15   15   27   16   20   16   13   19   20   19   13   20   14   13   17   16   20   12   20   19   32   14   17   14   27   18   15   15   15   19   19   16   16   19   27   15   29   29   18   14   12   18   15   13   20   27   13   13   16   19   16   14   17   15   31   30   15   16   19   14   19   16   12   13   16   18   13   14   12   14   13   12   18   14   20   14   15   17   31   16   14   14   16   12   18   19   29   18   14   15   27   15   17
   4    3    4    4    5    8    4    5    4    4    4    7    4    4    4    5    4    7    7    7    3    4    4    3    4    4    3    5    4    4    5    5    3    4    4    5    4    7    3    4    4    8    3    4    5    5    5    4    5    5    4    7    4    5    4    4    5    5    7    5    4    4    3    4    7    4    7    5    4    5    4    5    4    7    4    5    5    5    5    4    5    4    5    4    5    5    4    5    3    5    5    5    4    7    8    4    3    3    3    7    4    5    5    5    4    5    4    7    4    3    3    4    4    5    3    5    4    4    4    4    4    3    5    5    4    5    4    5    4    4    5    4    4    5    3    4    5    5    4    4    4    4    5    4    4    5    4    3    7    4    4    5    4    5    5    4    3    4    5    4    5    4    3    5    7    7    4    5    3    4    7    5    7    3    5    7    4    3    3    4    5    4    4    8    4    4    4    5    3    4    4    3    7    4    5    8    5    4    4    4    5    5    4    7    5    5    5    5    4    4    3    4    3    5    4    4    4    4    4    4    5    8    4    5    5    3    5    4    5    7    4    4    4    4    5    4    4    4    3    5    8    8    4    5    3    4    4    5    3    7    7    4    5    5    5    4    5    8    4    4    4    3    3    7    8    5    4    4    3    4    4    4    5    4    5    5    4    5    3    4    3    4    4    4    4    5    8    3    4    4    7    3    5    5    3    5    4    4    4    4    4    5    3    5    3    4    4    5    5    8    5    4    5    4    5    4    4    8    3    5    7    4    3    3    4    5    5    4    7    7    5    4    3    8    4    5    3    5    4    4    4    7    4    4    4    4    3    7    4    5    4    5    3    7    5    4    4    4    5    5    4    4    3    3    4    5    7    5    5    5    5    3    4    4    4    5    4    4    5    5    4    4    5    3    3    4    5    3    4    5    5    4    4    4    5    4    4    5    4    4    4    4    5    4    5    7    4    8    3    7    7    3    3    5    4    4    5    7    3    5    7    5    5    4    5    4    3    4    7    4    4    5    5    5    5    5    4    4    4    4    7    7    3    3    4    4    3    4    4    4    4    4    4    4    5    4    5    4    3    7    8    5    3    5    3    4    4    4    5    8    4    4    4    5    7    3    4    5    8    5    7    5    5    4    5    4    4    4    5    4    5    4    4    3    3    4    4    5    5    5
  27   16   16   30   17   14   17   30   18   15   18   13   12   17   15   17   14   15   18   13   18   18   12   18   15   12   13   13   14   28   15   16   12   16   30   12   13   14   18   12   17   17   12   15   16   14   17   13   12   15   18   18   15   13   15   18   18   12   16   15   27   15   17   16   11   13   12   18   28   12   16   16   12   18   13   26   13   15   18   26   12   17   15   16   17   11   18   12   16   16   13   16   13   16   16   25   14   16   17   13   14   17   27   18   12   16   15   28   17   15   12   12   12   13   15   29   17   17   14   18   17   12   12   18   13   17   28   13   13   11   13   18   27   18   15   26   13   29   15   18   15   12   26   15   17   14   29   29   15   15   30   14   12   15   16   12   13   13   12   14   14   18   14   16   17   15   15   14   25   14   18   17   18   13   12   28   15   12   12   18   14   14   12   14   17   15   17   28   16   16   18   13   13   15   15   12   29   14   17   14   15   12   16   16   17   26   18   17   16   18   18   13   17   25   13   16   17   25   14   13   13   14   17   14   15   18   18   29   18   14   18   14   12   18   12   18   17   12   15   15   12   16   16   16   16   17   13   17   16   12   15   14   14   18   12   17   17   15   16   25   18   13   14   17   14   27   17   15   15   13   12   18   16   14   25   27   18   27   27   17   12   18   13   12   17   13   18   29   15   16   18   13   14   18   16   12   14   12   13   14   14   11   15   15   15   14   27   15   18   14   16   12   14   18   18   13   14   14   14   14   17   13   16   12   18   17   25   17   15   18   16   14   18   14   14   15   18   28   15   16   16   13   14   14   14   13   14   18   13   13   29   18   16   30   15   17   28   16   27   28   13   12   18   17   26   14   16   12   17   16   14   27   14   17   15   16   12   14   18   12   12   13   15   27   18   12   16   13   18   12   17   30   12   15   18   15   17   14   27   12   15   18   17   18   26   12   13   17   30   18   14   15   15   18   15   16   11   14   18   14   14   18   27   13   18   12   16   16   16   28   28   30   17   18   12   12   16   12   18   15   13   15   14   11   14   28   14   28   27   15   11   17   15   25   18   12   14   16   28   17   16   16   18   12   28   12   16   14   17   15   14   17   15   15   25   18   15   13   12   18   12   13   11   18   15   16   14   13   18   15   27   14   11   16   15   12   15   18   16   12
  28   16   18   13   17   16   12   17   18   15   13   20   14   12   16   15   29   19   30   18   13   16   16   15   16   13   13   15   17   16   17   15   14   20   14   18   12   19   20   17   19   16   16   13   16   16   16   19   13   17   18   13   17   20   13   16   19   13   13   20   14   12   28   14   19   17   14   16   30   13   16   16   14   17   18   19   16   18   14   19   16   13   19   15   13   17   18   13   17   16   14   13   30   16   19   16   16   16   13   13   17   13   15   13   17   15   16   17   20   17   13   13   17   13   19   16   13   13   33   12   13   17   17   17   16   20   14   13   14   32   18   13   15   19   15   15   12   12   15   17   33   16   15   12   31   13   20   16   15   27   18   19   16   15   20   17   20   18   12   13   20   27   20   15   19   14   15   13   18   16   19   14   15   18   19   19   16   13   30   14   17   14   18   12   16   14   13   15   13   20   30   18   18   13   16   18   14   15   16   15   19   12   14   16   15   18   17   16   18   20   14   19   14   14   32   20   16   14   17   17   18   15   17   19   12   15   16   19   16   18   27   17   19   20   19   14   15   18   18   13   15   14   19   15   14   16   15   31   18   31   17   13   16   17   13   16   27   20   17   14   19   18   15   15   18   13   15   15   16   15   12   13   16   17   14   18   13   12   31   19   15   15   18   13   18   27   14   15   16   20   18   15   13   18   13   13   16   15   18   17   18   31   16   19   15   13   30   18   19   17   16   12   27   17   13   29   19   30   18   18   18   29   13   18   33   28   12   20   13   13   14   13   19   18   19   18   15   13   15   19   17   17   17   13   12   17   16   15   13   15   15   15   31   16   13   19   18   15   15   14   18   14   17   16   15   15   19   31   13   20   14   18   18   20   17   13   20   18   17   20   14   13   16   14   16   13   13   16   13   17   27   12   32   16   13   12   15   18   17   19   20   18   16   19   19   14   17   17   20   16   20   17   14   31   14   16   18   18   16   17   13   29   17   18   30   20   20   15   18   18   18   14   16   19   14   16   18   15   31   14   15   28   13   20   19   14   17   14   14   14   19   15   16   17   14   19   14   18   15   14   13   19   18   14   20   20   20   19   13   20   13   18   16   20   15   19   15   18   13   18   18   14   19   18   16   19   17   12   28   13   18   13   18   18   28   20   13   14   28   20
  18   21   16   13   20   18   20   18   32   21   19   14   16   19   20   15   21   15   21   13   18   20   20   20   18   14   29   32   14   19   17   16   18   18   16   20   31   17   16   13   21   19   20   19   14   15   14   19   21   21   17   18   19   20   20   21   21   14   17   21   16   15   21   13   15   20   30   19   14   15   14   20   13   21   14   14   17   13   13   17   18   14   14   14   21   34   14   15   20   18   15   21   14   14   34   19   17   14   19   21   13   15   14   20   14   31   34   21   16   21   13   14   19   18   17   14   20   20   19   19   17   16   31   16   15   13   21   31   18   21   16   17   17   29   33   16   20   21   21   16   15   21   32   16   16   17   18   31   31   14   20   16   15   13   13   14   18   21   17   14   20   21   30   19   16   14   18   15   21   15   15   13   21   13   21   16   16   13   20   13   18   17   16   21   35   15   21   18   20   15   21   18   18   21   21   15   19   18   17   16   21   21   17   18   14   20   19   17   20   20   16   19   18   15   19   34   15   18   14   32   21   33   16   14   18   19   20   17   31   19   16   35   21   15   18   13   20   19   19   19   20   18   16   14   15   13   13   15   34   19   19   17   15   17   20   21   16   14   16   18   19   16   15   19   19   16   16   18   14   16   21   17   19   33   15   19   14   13   14   19   19   14   20   35   16   16   14   13   31   17   17   19   16   18   34   15   18   17   21   15   16   17   15   19   15   16   13   19   30   18   13   18   33   15   18   14   19   16   33   30   16   14   15   20   21   20   17   15   16   16   19   21   16   21   20   15   21   19   14   21   13   20   19   16   20   21   19   18   17   17   19   19   31   20   13   18   14   21   21   14   15   18   14   14   18   17   16   18   17   17   14   20   13   18   16   16   18   14   18   31   20   17   19   14   15   20   19   17   21   14   16   15   13   14   21   18   16   17   15   14   17   18   18   20   16   16   18   34   18   21   19   17   21   17   18   18   16   13   15   17   17   13   15   13   15   14   17   18   18   20   19   19   16   21   34   19   19   15   14   19   35   15   20   14   14   19   21   20   33   17   30   14   14   13   21   34   20   19   20   19   15   15   19   21   20   15   15   15   18   21   20   20   21   16   16   20   18   20   18   15   14   17   14   29   19   14   20   19   18   17   16   14   18   20   16   35   21   34   19   17
  13   13   13   14    9   13   10    9   23   19    9   13   10   12    9   11   14   11   10   12   10   10   12   13   14   10   10   12    9   13   12    9   11   10   14   13   14   10   19   11    9   13   10   13   12   13   10   11   11   20   20   10   13   11   12   10   11   13    9   10   11   12    9   11    9   14   14   10    9   10   11   12   10   11    9   14   11   10   12   21   11   12   21   11   13   12   10   13   10   11   12   13   12   11   20   13    9    9   13    9   12   12   12   13   14   11   19   22   11   12   13   11   10   12   11   12   12   13   11   14   22   12   19    9    9    9    9    9   12   13   10   20   11   14   12   12   12   13   13   13    9   11   13   13   12   10   11   11   13    9   10   12   13   11   12   10   11   13   13   11   11    9   10   11   14   11   12   10   14   13   14   12   10   13   12   12   11   13   11   12   20    9   10   13   10   13   10   10   13   13   13   13   10   13   10   21   12   11   13   20   12    9   13   12   14    9   14   11   13    9   10   22   11   12   13   13    9   12   13    9   11   14   11   10    9   12   13    9   11   11   10   14   12    9   13   12   10   11   14   11    9   10   13    9    9   14   10   10   13   12   13   13    9   20   13   13    9    9   11   11   10    9   10   10   13   13   12   11   14   10   19   10   12   13   23   10   13   12   10   14   12   13   13   10   11   10   10   12   10   23   12   11   10   12   10    9   12   13   10   10   10   12   10   13   10   12   12    9   10   12   13   11   10   10   11   10   10   13   11   20   10   10   12   21   11   20   11   12   13   13    9   12    9   12    9   14   10   21   10    9   11   11   10   12   13   12   14   13   13   13   14   11   14   12   13   13   11   11    9    9   10   12    9   10   11    9   13   10   14   13    9   11   19   12   11   23   10   10   13   19   13   12   10   10   12    9    9   10   10    9   12   11   10    9   14    9   10   12   11   12   22   13    9   12   11   13   10    9   11   11   12   13   12   13   13   12    9   10   21   11   14   14   12   10   21   11   22   12   14   23   10   10   10   21   13   14   11    9   11   12   12   22   13   19   13    9   21   10   10   22   19   12   10   11   14   14   11   23    9   20    9   13   12   19   22   19    9   11   12   12   10   13   14    9    9   12   22   13   13   13   10   13   12   10   13   13   12    9    9   10   12   11   10   12   12   11   14   10   13   10
  14   31   16   17   16   13   35   19   13   15   19   17   21   16   15   17   15   17   19   20   14   18   16   13   31   13   17   34   19   14   17   17   16   15   14   15   16   17   17   19   21   19   14   15   13   17   16   16   15   21   16   16   35   19   34   14   18   14   35   19   21   14   14   16   21   16   16   17   17   31   20   17   20   19   17   21   21   29   18   19   19   21   13   16   18   20   15   18   31   15   17   17   13   17   20   14   15   18   15   33   19   21   18   16   17   20   19   16   17   18   17   13   17   19   14   17   21   15   13   35   17   19   21   18   18   13   21   17   15   14   15   20   17   21   19   14   18   18   16   14   19   21   19   20   31   16   21   21   33   19   16   16   17   15   16   13   20   20   21   20   17   30   16   14   20   15   17   18   14   20   32   17   35   14   13   35   15   15   32   21   31   14   20   29   16   15   20   18   15   14   20   19   21   18   21   18   13   21   16   19   35   19   13   17   33   19   35   20   19   34   20   17   20   14   19   14   19   32   19   19   20   19   14   18   19   20   20   18   14   13   16   14   19   20   29   32   20   21   13   16   17   18   13   17   21   17   35   14   18   21   21   15   18   21   20   17   16   15   17   20   21   18   14   14   14   21   16   32   14   16   32   14   14   16   16   15   15   14   15   15   18   14   29   20   19   19   32   31   15   19   33   17   13   19   13   21   19   17   20   16   17   20   16   14   21   21   20   20   15   19   19   16   20   13   19   31   17   14   13   19   33   13   20   15   16   16   18   17   20   16   19   19   21   17   18   35   17   17   14   15   19   34   21   21   19   14   16   21   13   31   14   21   34   17   15   13   20   19   33   17   15   34   13   17   16   13   15   15   21   15   16   14   30   19   21   19   20   18   15   17   18   17   18   14   14   18   20   19   30   18   16   14   18   14   32   15   35   16   13   18   31   34   30   19   33   14   15   18   18   19   14   20   13   15   19   20   17   21   19   18   18   20   17   19   21   20   14   30   32   32   20   13   17   21   18   16   17   15   31   15   14   19   19   17   14   19   21   16   17   19   19   15   14   14   21   19   16   30   16   18   15   19   31   30   21   20   18   20   32   19   14   16   14   34   15   20   17   20   15   20   16   14   14   20   17   15   16   21   21   16   15   19   19   20   18   14   19   16   17   21
  20   15   20   20   18   14   15   20   17   15   15   19   21   20   35   17   14   18   21   21   21   15   32   31   21   21   17   18   15   30   33   19   21   20   16   17   19   17   15   21   20   17   15   21   15   18   31   16   17   29   19   19   17   19   19   16   17   13   16   30   19   13   19   15   16   21   15   14   18   14   21   19   18   19   21   16   18   18   18   18   30   17   14   15   31   20   15   18   18   18   29   17   16   16   18   18   14   33   15   20   15   19   17   18   14   17   21   15   15   14   20   13   19   18   21   30   19   15   20   32   16   21   20   16   15   20   17   21   13   20   35   14   19   21   21   35   20   16   18   17   16   21   21   21   16   20   18   20   16   18   14   20   20   29   15   20   13   13   17   16   15   16   14   20   18   18   16   15   16   15   14   15   19   19   20   19   17   14   35   29   19   20   16   17   14   18   21   21   15   33   33   21   16   18   14   18   20   16   16   14   17   16   33   21   21   14   31   19   31   15   20   18   16   19   19   20   15   14   20   14   35   14   17   19   14   19   20   20   14   14   14   33   15   14   20   16   16   20   14   21   17   21   19   16   18   14   20   20   18   15   16   17   15   34   13   18   15   14   21   21   20   19   20   19   14   21   20   16   19   16   20   18   21   14   14   19   17   18   13   17   21   32   35   16   33   18   18   16   14   17   17   21   14   20   19   18   20   33   16   20   14   20   34   16   17   16   17   20   21   18   21   21   15   30   20   20   33   16   18   19   29   13   32   17   16   14   21   16   16   19   21   13   14   18   14   18   17   15   17   29   19   18   14   15   19   14   15   17   20   18   15   20   20   20   20   19   19   33   33   19   15   32   15   19   29   15   21   21   19   15   34   18   16   19   17   14   14   16   15   18   17   18   19   20   15   18   16   32   13   18   21   16   16   30   13   18   32   14   20   19   19   19   21   17   20   17   18   21   20   20   33   16   21   14   20   20   20   29   13   19   17   33   17   19   31   19   15   16   14   16   31   17   20   14   19   15   19   20   17   14   15   18   17   13   17   18   16   18   30   18   19   16   15   19   15   20   21   20   14   31   13   20   14   16   35   34   13   14   15   17   17   14   16   16   14   15   21   21   18   13   19   14   20   21   19   14   13   15   14   19   30   14   16   29   18   16   14   30   32   14
  11   20    9   17   12   19   10    8    9   10   11   10    8   17   10   12   10   10   11    8   11    8   12   12   12    9   12    8   18   11   12   12   10   12   12   10   11   10    8   12    8    9   10   12    9    9    9   10   12   10    9    9    9   12   10    9    8   12    8   10   11    9   12   10    9   11   11   10   10    9    9    9    8   12    9    9    9   10    9   10    9   12   11   19   12   10   11   19   18   10   11    9    8   11   11    9   10   11    9   10    9   11   10    8    8   12   12   10   11    9   12    9   11    9    9   10   18   11   11    9   12    8   12   12   10   10    9   17   10   12   10   18   11    8   11   10   10    8    9   12   17    9   11   12   12   12   12   12   12    8    8   12    9   10    9   11    9   12    9    9    8   11   10   20   11   12   11    9   10   12   11    9    9   11    8   12   10    8    9   11    8    9   11    9    8   18   12   12   10    9   12   11    9   11    9   10    9   11   10    9   12    9   11   11    8   19    9   11   12    9   10   11   18   11   20   12   19    9   11   12    8   12   11   10   17   19   12    9   12   12    8   10   11   11    9    9   12    9   11   10   11    8   20    8   10   11   18    9   10   10    8   11   10    9   12   12    8   11   11   11   11   12    9   10    9    9   12   10   10   11    9   11    9   11   10   12   12   12   10   11   20   10   11   10    9   10    8    8    8   12   12    9    8   11   11    9   10    8   12   12    8   19   18   10   11   11    9    8   12    8   19   11    8    8    9   12    9   12    9   11   12   11    8   10   11   19   10    9   10    9   11    8   10   11   18   11    9    9   10    9   11   10   12    9   10    9   11   10   11   10    9   12    9   12    9   11   11    9   11   11   11   10   12    9   12   11    8    9   10   10   10    9   10   10   10   10   12   10    9   10    9   18   12   10   12   12    9   11    8   10    8   12   10   18    9    9   12   10   12   19    8   10   10   12    9    9   12    8   20    8    9   10    9   12   10   11    9    9   10   17   12   11   12   11   19    9   10   10   10   11   11    9    8   12   11    9   11    9   12   10   10    9   10   10   11    8   12   19   12    8    8   11   10   12   19    8   12   11   10   10   10   11    8   12   11   12   11   19    8   11   10   20   12   12    8   10   19   11   17   11    9   10   11   11   10   11    9    9   10   10   10   12   12   10   12    9   10   10   18    8
   8    8   10    9    9   19    9   12   11   10    8    9   12    9   10   11   12   11   12    9    9    9   11    8    9   20    8    8   12   19   18    9   12   20   11    9   10    9   12   11   10   11   11    9   17   10    9   11   12    8    9   12   12   11    9   10   12    8    9   11   11   11    9   10    9    8   11   12    8    8    8    8    8    9    9   11    8   11   11   19    9   11   10    8   10   12   20   10   12   12    9    8    9   12   12   18    9   11   11   17    8   10   11   12    8   10   12    8   11   19   10   11   11   11   12    9    9    9    9    8   10   10    9   11    8    8   11   17   17    9   12    8   12   10   10    9   12    8    8   10    9    9   17   12   12   12   10   12   12   11   17   11   12   12   11   11   12   11   12   10    9    9   11   12   17   11   12   11    9    9    9   12   10   18   12    9    8    8   20    9    8    9   12   10   12   10   12    9   12    8    9    9    9    9   10    9   11   11    9   20   11    9   12   10    9   12    8   11   10   10   11   20   12   11    8   10   18   11   18   12   11    8    9   11   11   17   17   12   11    8   10   12    8   12   12   20   11    8   12    8    8   12    8   17   10    8   20   11   10   10   18   12    8    8   17   12   10   10    8    8   11   10    9    9    8   12   10    9   19    8   10   12   10   11    8   12   12   12   17   11    8   12    9   12   12    8   11   12   10   11    9   12   12   10    8   17   19   17    9   11   12   12    8   18   10    9    9   18   12   20    8    8    9   12   11    9    9   12   12    8   11   10   17   10   18   10    9   10    9   12   11   12    8   20    9    8   10   12    9    9    8   10    8   12   10   10    8   10   10   11   10   11   10   20    9   12   12   10   11   18   11    9   12   12   11    8    8    9   12    9   12   11    8   19    9    8   12   11   10    8   11   19   12   11   12   12   12    9   12   17   10   12    9    9    9   10   19    8    9    8   18    9   12    9   11    8   18   10   10   12   12   11   10    8   12   11   12    8    9    9    8   10   12    8    9   12   12    9    8   12    9    8   10   20    8   11   11   10    8   10   12   12    8   12    9   11    9   11   10    9   10   12   10   10   12   11   10    9   20   12    9   10    9    8   10   11   12    9   19    8    8   11   12   11   10   12    8   10   12   17   11   12   10   12    9   12   10   11   11   10   11   10    8   10   11   10   12    9   11   12
