spsp
18
2
500
9 13 20 9 10 65 6 17 6 37 27 26 64 44 65 40 61 21 
107 139 152 155 110 192 147 132 153 181 169 143 156 146 184 146 178 129 
10 10 
0.002 0.002 0.002 0.002 0.002 0.002 0.002 0.002 0.002 0.002 0.002 0.002 0.002 0.002 0.002 0.002 0.002 0.002 0.002 0.002 0.002 0.002 0.002 0.002 0.002 0.002 0.002 0.002 0.002 0.002 0.002 0.002 0.002 0.002 0.002 0.002 0.002 0.002 0.002 0.002 0.002 0.002 0.002 0.002 0.002 0.002 0.002 0.002 0.002 0.002 0.002 0.002 0.002 0.002 0.002 0.002 0.002 0.002 0.002 0.002 0.002 0.002 0.002 0.002 0.002 0.002 0.002 0.002 0.002 0.002 0.002 0.002 0.002 0.002 0.002 0.002 0.002 0.002 0.002 0.002 0.002 0.002 0.002 0.002 0.002 0.002 0.002 0.002 0.002 0.002 0.002 0.002 0.002 0.002 0.002 0.002 0.002 0.002 0.002 0.002 0.002 0.002 0.002 0.002 0.002 0.002 0.002 0.002 0.002 0.002 0.002 0.002 0.002 0.002 0.002 0.002 0.002 0.002 0.002 0.002 0.002 0.002 0.002 0.002 0.002 0.002 0.002 0.002 0.002 0.002 0.002 0.002 0.002 0.002 0.002 0.002 0.002 0.002 0.002 0.002 0.002 0.002 0.002 0.002 0.002 0.002 0.002 0.002 0.002 0.002 0.002 0.002 0.002 0.002 0.002 0.002 0.002 0.002 0.002 0.002 0.002 0.002 0.002 0.002 0.002 0.002 0.002 0.002 0.002 0.002 0.002 0.002 0.002 0.002 0.002 0.002 0.002 0.002 0.002 0.002 0.002 0.002 0.002 0.002 0.002 0.002 0.002 0.002 0.002 0.002 0.002 0.002 0.002 0.002 0.002 0.002 0.002 0.002 0.002 0.002 0.002 0.002 0.002 0.002 0.002 0.002 0.002 0.002 0.002 0.002 0.002 0.002 0.002 0.002 0.002 0.002 0.002 0.002 0.002 0.002 0.002 0.002 0.002 0.002 0.002 0.002 0.002 0.002 0.002 0.002 0.002 0.002 0.002 0.002 0.002 0.002 0.002 0.002 0.002 0.002 0.002 0.002 0.002 0.002 0.002 0.002 0.002 0.002 0.002 0.002 0.002 0.002 0.002 0.002 0.002 0.002 0.002 0.002 0.002 0.002 0.002 0.002 0.002 0.002 0.002 0.002 0.002 0.002 0.002 0.002 0.002 0.002 0.002 0.002 0.002 0.002 0.002 0.002 0.002 0.002 0.002 0.002 0.002 0.002 0.002 0.002 0.002 0.002 0.002 0.002 0.002 0.002 0.002 0.002 0.002 0.002 0.002 0.002 0.002 0.002 0.002 0.002 0.002 0.002 0.002 0.002 0.002 0.002 0.002 0.002 0.002 0.002 0.002 0.002 0.002 0.002 0.002 0.002 0.002 0.002 0.002 0.002 0.002 0.002 0.002 0.002 0.002 0.002 0.002 0.002 0.002 0.002 0.002 0.002 0.002 0.002 0.002 0.002 0.002 0.002 0.002 0.002 0.002 0.002 0.002 0.002 0.002 0.002 0.002 0.002 0.002 0.002 0.002 0.002 0.002 0.002 0.002 0.002 0.002 0.002 0.002 0.002 0.002 0.002 0.002 0.002 0.002 0.002 0.002 0.002 0.002 0.002 0.002 0.002 0.002 0.002 0.002 0.002 0.002 0.002 0.002 0.002 0.002 0.002 0.002 0.002 0.002 0.002 0.002 0.002 0.002 0.002 0.002 0.002 0.002 0.002 0.002 0.002 0.002 0.002 0.002 0.002 0.002 0.002 0.002 0.002 0.002 0.002 0.002 0.002 0.002 0.002 0.002 0.002 0.002 0.002 0.002 0.002 0.002 0.002 0.002 0.002 0.002 0.002 0.002 0.002 0.002 0.002 0.002 0.002 0.002 0.002 0.002 0.002 0.002 0.002 0.002 0.002 0.002 0.002 0.002 0.002 0.002 0.002 0.002 0.002 0.002 0.002 0.002 0.002 0.002 0.002 0.002 0.002 0.002 0.002 0.002 0.002 0.002 0.002 0.002 0.002 0.002 0.002 0.002 0.002 0.002 0.002 0.002 0.002 0.002 0.002 0.002 0.002 0.002 0.002 0.002 0.002 0.002 0.002 0.002 0.002 0.002 0.002 0.002 0.002 0.002 0.002 0.002 0.002 0.002 0.002 0.002 0.002 0.002 0.002 0.002 0.002 0.002 0.002 
  30   30   19   20   30   23   26   31   20   23   31   25   30   18   30   19   28   18
  49   53   35   30   29   51   39   31   35   39   38   41   40   51   32   53   47   54
  10    4    5    8    2    9    4    7    8    5    7    2    9    8   10    4    8    6
   3    4    6   10    4    8    5    4    2    2    7    9    9    4   10    8   10    4
   5   16   12    5    7    4   12    3    7   11   15    7   12   22   24   18   12   14
  12   10    8   10   11   11   13    3   11    3    5    9   14   11   11    5   12   15
   7    5    6    5   11    7    7    8    6    6    6    8    7    7    7    6    6    8    7    5    7   11    6    7    6    6    5    6    6    8    5    7    7    5    8    6    6    7    5   12   13    8    5    6   12   12    6    6    6    6    7    6    6    5    7    5    7    6    5   12    8    6    5    8    6   13    6    7    7    6   12    5    6    6    6    7    6    7    5    6    6    7    7    6    7    6    8   13    8    7    7    6    5    6    5    8    7    5    6    6    6    8    7    8   12    7    5    6    7    5    7    7    7    8    5    6    7    6    8    8    7    6    5    8    6    7    7    6    8    7    6    6    5    7    6    8    6    6    8    7    6    6    8    5    7    8    6    6    6    6    5    5    6    5    6    5    5    6    7    5    8    6    6    6    7    5    7    5    6    7    7    8    6    5    8    7    7    6    8    8    7    7    6    7    6    8    6    8    6    7    6    8    5   12    5    5    6    6    6   11   12    7    7    6   13    7    7    6    6    5    6    8    8    6    5    6    7    6    8    7    6    7    7    6    7    5    8   13    6   11    6    7    7    6    7    5    7    7    6    7    7    5    6    7    5    6   12    8    5   12    5    6    7   12    7    7    6    7    7    5    6    6    5   11   12    7    6    7    8    8    5    6    7    7    6    6    7    5    6    6   11    6    6    7    8    6    5    6    6    7   11    6   11    6    7    8    8   11    7    8    5    6    8   12    8    6    5    5    7    8   12    7    8    7    5    5   13    6   12    5   11    6    6    7    7    6    6    5    5    5    6    8    6   11    7    6   11    7    7    5    7    7    6    8    5    8    8    7   11    5    7   13    8    6   11    7    6    7    7    8    6    5    6    6   11    5    7    8    8    6    7    7    7    5    7    7   13    7   11    6    6    7    8    7    6    6    6    8    7    8    7   13    7    6    6    6   12    7    8    8    7    7    8   13    5    6    6    7    7    7    8    8    6    5    6    7    7    6    6    6    6    6    6    8   12    5    6    6    8    7   13    7    6    7    6    6    7    5    8    7    8    6    7    6    5    5    5    5    5    6    7    6    6    6    6    8    7    7    6    7    7    7    6   11    5    6    5    5    6    6    7    5    7    6    5    6    7    6    8    6    6    6    8    8   11    7    8    5    7    5    6    6    7    6    7    6    6    6    7    6
  23   19   17   18   18   24   20   18   16   22   22   16   16   17   19   18   21   16   23   17   18   17   20   24   34   23   18   20   19   20   39   17   20   17   23   17   23   17   21   22   23   15   22   21   23   19   23   33   17   23   23   16   17   18   18   19   22   18   18   19   37   16   16   19   15   23   20   22   24   18   21   33   15   18   16   18   21   24   23   17   21   21   21   22   18   19   22   33   24   23   17   24   16   15   16   20   21   16   19   33   22   36   20   15   19   20   18   16   17   20   23   17   17   22   23   22   24   19   17   17   19   24   38   19   21   23   19   18   18   17   23   15   18   17   16   35   23   24   17   23   21   18   16   21   21   21   21   23   17   20   36   23   19   20   24   15   19   19   24   23   20   19   17   18   18   16   23   15   38   22   20   16   16   22   37   22   15   20   16   37   33   21   23   21   15   36   22   19   24   20   16   23   34   24   21   39   19   18   17   18   18   20   19   18   18   19   35   15   17   20   17   19   24   21   16   21   18   19   40   22   21   16   16   16   17   19   17   24   20   18   24   20   18   39   18   21   16   24   17   15   17   24   21   20   21   20   17   18   22   18   19   23   20   23   18   24   40   21   38   16   21   24   19   23   18   19   21   37   22   35   38   39   16   24   17   18   17   36   16   20   33   22   21   21   18   16   17   16   33   23   24   20   24   17   24   36   21   16   22   22   24   17   17   24   24   21   20   23   23   17   19   38   16   19   17   17   17   20   21   20   19   16   24   22   24   23   20   18   35   21   15   37   18   24   16   17   20   24   21   24   21   37   22   18   18   20   35   15   18   24   22   24   22   20   21   24   23   22   21   37   17   17   24   15   34   18   19   17   23   17   22   20   15   22   20   19   34   36   18   15   38   19   33   23   18   24   24   20   24   18   18   34   19   24   17   16   22   22   24   33   24   22   17   22   18   22   22   18   37   15   24   22   24   23   15   17   22   18   15   21   15   19   17   19   17   16   20   22   24   19   17   40   22   19   20   18   38   19   40   17   16   40   21   20   17   16   22   38   40   22   18   15   18   15   23   15   23   37   21   17   15   20   23   20   16   24   21   24   38   20   21   40   20   23   22   20   19   19   15   20   36   38   21   20   23   24   21   20   21   22   19   19   16   19   18   39   22   18   19   23
  13   12   12   17   15   17   16   14   17   16   13   11   15   15   18   12   16   13   17   16   16   30   17   15   14   29   13   18   14   29   13   18   18   12   14   15   13   16   13   27   28   15   13   17   18   12   11   12   29   17   15   14   17   13   17   26   14   17   15   14   13   18   17   12   18   18   16   14   17   26   29   15   16   18   13   16   16   15   18   27   17   14   16   13   15   15   17   15   18   16   18   26   12   25   13   15   16   16   14   18   11   16   18   16   18   13   15   13   18   12   16   12   17   12   17   18   14   16   15   13   14   13   12   15   29   14   15   15   14   12   14   12   17   17   29   12   18   17   12   12   15   14   18   17   12   18   13   14   25   30   18   27   12   12   13   13   15   16   16   15   14   27   13   27   15   12   14   13   28   13   15   12   13   12   16   16   17   18   15   14   12   18   29   17   12   14   16   14   13   12   12   12   15   16   29   16   14   17   15   17   13   13   13   18   12   18   11   14   15   17   12   14   11   14   17   13   13   16   18   12   11   12   17   11   27   18   18   14   14   12   17   13   26   15   11   11   17   12   17   15   15   17   14   17   13   26   15   14   17   13   14   17   12   17   15   14   13   18   15   18   13   14   13   27   12   16   14   17   12   14   16   18   16   15   25   18   18   16   14   26   18   18   18   14   15   16   17   15   15   14   13   18   17   15   15   14   18   13   17   15   11   16   16   13   15   16   12   14   13   15   14   16   17   25   12   27   16   14   12   16   16   12   15   17   16   18   18   28   16   28   16   15   15   18   18   15   18   17   16   13   15   12   18   18   18   28   13   18   15   14   28   14   15   12   14   13   18   14   16   12   14   28   18   12   13   13   18   15   18   13   15   11   12   13   18   12   18   13   28   18   17   13   11   28   13   15   18   15   14   15   15   13   30   13   15   15   16   14   11   11   25   14   14   14   13   12   16   17   17   18   16   13   15   12   18   17   18   17   12   13   12   15   14   17   14   16   13   18   15   13   13   13   16   17   15   18   15   17   15   18   17   12   16   16   29   18   15   12   18   16   13   14   14   15   12   18   12   18   16   13   17   12   17   12   14   18   26   16   15   27   15   12   13   26   16   14   17   12   16   15   13   16   12   13   16   30   26   12   15   12   14   14   15   12   13   12   18   13   13   15
   6    7    6    7    6    7    7    7    7    7    6    6    7    7    7    7    8    7    5    6    7    5    7    5   11    6    7    5   13    7   12    7    6   11    6    7    7    8    6    6    8    7    7    8   12    6    8    5    6    6   13    7    8    7    6    7    7    7    5    7    6    8    6    7    8    6   12    7    7   11    7    6    5   13    6    6    5    7    6    6    7    8    7    6    8    7    7    6    7    8    6    5    5    7    5    8   11   11    6    6    8    6    8    7    6    6    5    7    7   11    7    8    7    6    6   11   11    8    6    6   11    5    6    6    6    6    8    8   12    5    7    7    8    8    7    6    5   11    6    6    7    5    5    6    7    8    7    6    7    7    5    6    5    7    8    7    7    5    7    5    7   11    6    7    7    7    7   13    5    8    7    5    7    7    7    6    7    7    6    6    6    5    8    6   11    8    5    7    6    7    8    8    6    8    7   11    6    7    7    5    6    7    6    7    5    5    7    7    7    5    5    6    7   13    8    7    7    7    5    8    7    6    7    7    6    5    6    8    6    5    6    7    7    6    5    7    7   13    5    7    7    6    6    6    5    8    7    6   11    6    8    6    7    7    6    7    6    8    7    7    6    6    7    8    7    5    5    7    7    7    7    8    7    6    6    6    8    6    6    8    5   11    7    5    5    6    6    7    6    5    5    7    7    8    6    8    6    8    6    5    5    6    8    6    8    7   11    6    6   13    7    6   12    8    8    6    8    5    7    7    6    7    5    7    7    7    6   11    6    7    6    7    7    6    8    6    6    8   11    5    6    7    5    6    6    6   13    7    5    7    6    7    5    5   13    8    7    7    6    6    8    5    7    6    7    7    6    6   13    7    6    7    8    7    5    6    6    5    7    6    8    5    6    5   11    6    6   13   11    5    8    6    7    8    7    7    6    8    7    7    5    6    6    7    6    7    6   11    8    7    5    6   13    5    7    7    7    6    7    6    7    6    7    6    8    6    5    6    6    6    8    5   12    6    6    6    5    6    7    8    7    8   13    5    5    6    6    6    7    5    8    7   12    7    5    5    7   13   13    5    6   13   12    6    8    6    6    8    6    7    7    7    5    5    6    6    6    5    5    7   13    7    7    8   12    6    7    6    6   11    7    5    6   13    5    7    7    6    6    7
   8    8   18   11   10    9   10    9    8   10    8   17    8    7    9   11    9   11   10   10   17   11    7    9   10   11   16    8   10   10    7    7    7    9    8    7    8    9   11    9    8    7   10   10    8    9    8    8   18   10   16    8    9    9    9   10    9    9    8   10   17   11   11   17   11    7    8   10    8    7    9   10   16    9   11   11   11    7    8   10   10    9    8    7    8   16   11   18   11    9   16   10   11   10   10    8   10    8    8    7   10    7    8    8    9    8   10   15    7   18   10    9    7   11   11   11    9    8    8    8   10    8    8    7    7    9    7    7   10   10    7    8   10   15    9   11    8    8    9   10    8   15   10    7    8    7    9    8    9    9    9    9   10    9   10   15   15    8    7   10    9    8   10    9    8    7   11   10   11    7    9    7    9   10   10   10   10   11   10    8    7    8    8    8   17    8    8   11    8   10    9    9    8   10   18    9    7   10   16    7    8    7    9   10    9    9   10   15   10    7    8   10    8    8    9   10   10    9    8    9    7    8    7    8    8    8   10   10   17    9   15    8    9   10    9   10    8    9    9    8    9    8    9    8    8    9   11    9    8    9    8    8    7   10    9    7    8   10    9    8    8   10    8    9    8    9    7    9   18   10   17   11    8   10    9    8    8    9   10   10    8   11    9    9    9    9   10   10    8    9   10   11    7   10    8   10    8    8    9   10    9    9    9    7    8    8    7    7   17    9    8    8    9   10   10   10   10    9   15    7    7    7    9   10    8    7    9   11   10    8    9   10    8    9    8    8    8    7    7   10   11   18   10    8   10    7    8    9   11    7   15    8   16    8   10    8   10    9    9   10    9    8    9    9   10    8   10    7   10    9   11   17    7    9   18   11    7   10   15    7    7   11   11    9   11   10   10    9    8    9   17   10   10   10    9   10   10    9    8   10    7    7    9   10   17   10   11    8    7    7    9   10    7    7    9   10   15   10    7    9   10    8   10    9   16    8   11   10    9    8    7    8    7   10    9    9    7   11    7   10   16    8    9    9    7   16   10    9    7   11   10    9    8    9   10    9    8    8    9    9   10    9   10    8   10   10   10   11   10    7    8   10    7   10    7   10   10    9    7    8    8    9    8   10   10   11    8   11   10    8    7   18    8   10    8   10   10   10    9    7
   6    4    5    6    5    4    5    6    5   10   10    5    5    6    5    6    4    6    5    6    4    5    5    6    4    6   10    6    5    5    6    5    6    5    5    6    5    4    5    5    5    5   10    6    5    6    5    5    5    6    6    6    5    4   10   10   10    6    6    5   10    5    4    6    6    6    6    4    5    4   10    6    5    5    6    6    4    6    5    5    5    6    6    5    4    6    6    6    5    6    5   10    6    6    5    6    5    4    5    5    5    6    5    6    4    4    5    6    5    5    9    6    6    5    5    4    5    6    5    6    5    5    4    5    6    5    5    5    9    9    6    4    5    6    6    6    4    4    4    5    5   10    5    6    5    6    5    6    4    6    5    5    6    9    6    6    6    6    4    6    5    5    6    5    5    9    5    6    5    6    5    5    6    6    4   10    6    6   10    6    6    6    6    4   10    4    6    6   10    6    5    6    6    6    6    6    6    6    9    5    5    6    6    9    6    5    6    5    6    5    4    9    6    6    5    6    6    4    6    5    5    5    6    6    5    5    5    6    6    6    6    6    9    5    6   10    6    5    5    5    4    5    6    5    4    5    6    4    4   10    6    6    5    5    5    6   10    9    5    6    5    5    4    6    5    5    5    4    6    6    5    5    6    5    6    6   10    6    6    5   10    5    6    5    5    6    6    4    5    5    6    4    5    9    6    6    5    5    6    4    6    5    6    6    5    6    5   10    5    6    9    6    5    6    4    5    5    5    4    4    6    4   10    5    5    6    6    5    5    5   10    6    6   10    4    6    6    6    6    5    6    9    6    6    4    4    6    5    5    4    5    5    5    5    5    6    5    5    6    5    6    5    6    4    5    6    6    9    5    5    5    6    4    4    4    4    5    5    5    6    6    5    4    6    5    6    6    6    5    5    5    6    6    6    5    4    5    4    6    6    6    6    6    5    5    4    4    6    6    6   10    5    5    6    4    6    4    5    4    6    5    6    6    6    6    5    4    5    5   10    4    6   10    6    6    6    5    4    6    5    5    5    6    6    5    5    5    4    6    5    5    5    4    5    6    5   10    6    5    6    6    6    6    9    5    5   10    5   10    6    4    5    6    5    5    6    5    6    5    5    6    5    5    5    6    5    5    5    5   10    5    5    6    5    6    6    6    9    4    6
  18   18   17   17   17   13   16   16   14   18   11   16   14   13   14   12   12   18   18   15   25   16   18   15   15   16   16   16   18   15   14   14   16   15   25   14   14   29   16   16   15   18   17   17   16   14   14   29   13   13   14   27   18   13   12   18   14   15   17   18   18   16   15   14   13   15   12   17   17   16   15   14   14   15   26   18   13   16   27   13   14   17   18   16   18   16   16   15   14   14   14   13   16   14   18   14   17   17   27   14   14   17   14   18   16   17   14   13   14   17   18   16   13   16   15   14   26   25   14   15   17   16   13   14   17   15   14   13   26   29   17   13   15   13   14   15   13   16   13   16   13   15   29   15   12   14   16   11   18   27   14   14   12   15   12   28   13   14   15   26   26   18   12   17   16   16   15   18   17   14   14   17   12   17   26   12   11   13   15   13   12   13   14   17   14   13   16   18   15   16   16   14   12   13   14   16   17   14   13   15   17   13   17   29   12   15   16   17   12   16   18   14   11   15   14   14   13   12   16   18   15   15   17   18   17   14   17   15   30   14   16   13   13   12   17   13   26   13   18   17   17   17   17   15   12   18   26   30   30   16   18   15   15   14   16   12   12   13   17   16   17   13   15   12   13   15   30   16   14   18   14   14   18   15   13   13   14   16   12   13   15   25   26   17   12   25   15   18   14   13   18   13   12   12   14   13   13   16   18   12   16   16   16   16   16   15   15   12   11   12   28   11   14   25   13   16   12   12   18   12   13   12   12   13   18   12   14   14   13   12   13   30   26   12   18   13   12   15   16   18   15   12   15   12   16   18   12   12   29   18   13   17   15   16   16   13   17   13   14   15   18   17   27   14   12   18   13   16   12   27   13   26   15   18   18   28   16   13   13   11   25   12   15   27   13   12   15   18   13   12   16   12   27   12   15   14   11   12   13   13   14   13   12   13   26   16   15   12   14   15   18   14   14   25   12   17   18   29   17   28   16   14   29   13   16   18   27   18   16   17   18   14   17   13   16   12   16   16   13   12   18   15   16   29   13   18   13   18   11   18   13   11   14   14   12   26   17   30   14   17   17   17   12   17   13   15   18   12   15   15   14   11   17   12   13   16   25   14   18   16   17   13   15   17   15   13   11   13   18   12   12   14   16   12   14   12   13   15   16   17
   4    5    4    4    4    4    5    5    5    5    4    4    4    4    5    4    4    5    4    4    7    3    4    4    7    3    4    4    5    4    4    8    3    5    4    5    3    4    4    5    4    4    7    4    4    5    5    7    4    4    4    5    5    5    4    4    4    5    8    4    4    5    4    4    5    4    4    5    5    4    5    4    4    3    4    5    4    7    4    5    5    4    4    5    4    3    4    5    8    4    5    5    4    4    4    7    4    4    4    4    7    4    4    5    4    7    4    5    4    4    8    3    4    5    3    4    4    4    5    4    4    4    4    5    8    4    4    4    4    5    4    3    5    4    3    4    4    4    4    4    4    8    4    3    4    4    3    3    5    7    4    4    3    4    3    3    7    3    4    5    3    5    4    4    5    5    4    4    4    8    5    5    4    3    5    8    4    7    4    4    5    4    4    5    4    5    3    3    4    3    4    5    4    3    4    4    4    5    8    5    5    7    7    5    8    3    3    4    4    5    5    4    3    4    5    4    7    5    4    4    3    4    5    3    4    5    4    4    7    4    3    8    3    4    4    4    4    7    7    5    3    4    5    4    4    4    4    4    4    4    4    7    5    5    4    4    4    4    3    4    4    5    5    3    3    7    5    5    5    4    5    4    5    3    4    4    4    4    5    5    4    4    3    4    4    4    4    5    5    5    7    4    5    3    5    4    3    8    4    4    5    5    4    4    5    4    3    4    4    4    4    8    3    4    4    4    4    5    4    4    5    5    4    3    5    3    3    4    7    4    4    4    4    4    3    4    8    4    7    4    3    4    4    7    3    5    4    4    3    8    4    5    4    7    4    7    8    8    3    5    5    4    7    7    3    4    4    4    4    4    4    4    4    3    5    3    4    3    4    4    4    4    5    4    4    4    3    5    4    4    5    3    5    4    4    4    3    4    4    4    3    3    4    3    3    3    5    8    5    4    5    8    4    7    4    5    4    3    3    5    3    4    4    4    4    4    4    4    4    3    4    4    4    4    3    3    4    5    5    5    4    4    3    5    4    4    4    4    5    8    5    3    4    4    4    4    4    5    5    4    4    4    4    5    4    4    4    7    3    4    4    4    5    4    3    3    3    4    4    5    3    7    4    5    8    3    7    4    3    5    4    4    3    4    5    4    4    4    4    4
   7   16   10    9   10    8    8    8   10    8   10    8    8    7    9   10   10    8   17   18    7    8    8   11    7   10   10    7   11    7   17    8    7    8   11    9   15   15    8    9    7   11   10   10    9    9   10    8   11    7    7   11   10   16   11    8   10   10    9    7    9   18    8   10    8   10    7    9    8    9   11    8   10    7    8    9    7    8   15   10   11    9    7   17   11    8    7   10   10    9    8   11    8    8    8    7    8   10   16    9    8    9    7    7   10   10   11   10   11    9    8    9   10    7    8   11   17    8   17   10    8    9    8   15   11    9    9   11   10   10    9    9    8    8   10   10   11    7    8    9    9   17   11    9   11   10   10    9    9    8    8   10   15    9   15   10    9   11    7   10   11    8    9    9    9   10    9   10    9    8   10   17    7   11   11    8   11   16    7    8   10    9   10    7    9    9    7    8    9    7    9    8    7   10   11   18    9    8    7    8   17    8    9   10   10    9   11    9    9    9    8   10    9    7    8    9   10   17    8   10    9   11   11   10   11   15   17   15    8    8   11    7    8    9    8    9    8   10    9   11   11    7    8   10   10    8   11   17    8   10   10    9    9    7   10   10    7   10   10   10   11   10    9   10   17   10   11   10    9   10    9   10   10    7   10   10    8   18    7    8    9   15   10   10    8   10    9    7    8    9   11   10   10    7   15   11    8    9   18    8    8    8    8   10   10    7    9   16   11    8    9   10    7    7    8   15   10   11    8    8   10    7    9    9    8   16   10    8   11    8   15    7    7   11    8   16    8   10   17    7    7    7    9    9   10   10   10    9    9   10    7   11    7    9    9    8    8    8    9   10    9   15    9    9   10    9   10   17    9   10    7    9   10   16   10   10    9    8    7   10   18   11   10    9    7    8   10    7   10    7   10    8   10    7    9   17    8   10   11   11    8    8   17   11   11   10   18   11    9   10    7    9   10   10   16    9   10    7    9   11    8    8    7    8    7    7    7    8    8    7    9    7   10    7   10   16   11    7   15   10    8    9   10    7   11   10   10    7    9    7   11   11   11    9    8   10   10    9   11    9   11   10   11   10    7    7    9    7    7    8   18    8    8    9    9    9    8   11    9   15    7    7    8   11    7   10   11   16   10    8    7    9   15   11    9    9   10   11    8    9
  17   12   16   11   15   13   11   14   14   16   15   16   17   12   15   15   11   15   15   14   11   16   14   16   13   10   14   16   11   14   16   11   12   15   14   13   15   12   11   11   14   14   17   12   15   16   15   14   14   10   13   13   13   15   25   14   15   15   14   14   12   15   15   13   16   13   15   24   11   14   14   12   16   11   13   16   16   12   25   16   17   12   23   13   17   15   16   11   15   13   16   14   15   12   16   16   23   14   13   15   11   11   15   11   13   11   15   13   15   11   26   28   12   11   12   14   16   13   16   14   16   14   14   16   16   15   11   25   16   11   15   11   15   12   12   12   11   13   16   15   11   11   12   16   15   12   10   12   13   14   12   27   13   15   16   23   17   11   15   17   12   17   17   14   15   16   15   16   16   14   16   14   13   11   14   13   12   16   12   17   12   12   11   13   27   14   13   12   16   15   14   11   11   14   15   12   13   14   24   14   26   16   11   26   16   12   14   17   12   12   12   11   15   13   15   14   15   15   23   15   13   13   15   27   17   16   11   15   11   13   15   12   14   13   13   15   17   15   15   14   14   15   14   16   16   14   13   17   28   11   11   16   14   15   15   13   14   16   14   10   16   17   13   12   12   16   13   12   14   17   14   12   24   13   17   23   16   15   14   13   15   13   11   16   10   15   16   16   14   16   17   12   10   17   15   11   12   14   14   11   17   24   27   12   14   15   17   13   12   12   15   16   12   13   16   15   15   13   11   15   14   12   15   17   14   17   15   14   17   14   11   15   11   16   12   11   26   16   15   16   12   12   17   12   13   15   17   14   13   17   28   15   14   14   12   15   11   11   25   13   14   15   11   15   16   14   14   14   12   12   15   10   11   12   17   16   12   12   13   15   11   16   12   11   27   16   13   25   27   17   15   16   13   14   12   14   15   24   11   11   12   11   12   15   16   11   15   12   12   16   25   17   24   17   10   14   14   14   12   17   11   11   16   14   16   16   11   15   15   14   13   12   15   17   14   16   13   13   25   17   13   14   11   13   16   11   11   16   11   13   16   13   17   15   16   16   16   12   25   11   15   12   13   14   14   17   12   12   23   26   15   16   15   13   11   11   11   15   15   17   10   14   23   13   14   11   14   13   16   13   13   16   23   27   16   16   11   12   16   12
  19   21   14   18   35   20   16   16   34   20   17   17   16   17   20   15   19   17   32   22   18   23   14   21   19   21   17   23   17   17   15   14   17   22   21   19   23   22   15   22   15   17   17   15   21   16   20   23   22   20   14   21   34   14   21   23   20   33   32   15   31   14   21   22   19   16   22   20   33   15   20   20   22   21   15   22   19   19   16   18   16   19   16   18   20   23   16   18   15   15   20   19   16   19   21   23   18   15   19   22   22   14   33   17   16   21   18   19   22   21   22   17   21   23   36   21   22   15   17   21   17   17   19   15   17   16   35   19   21   16   34   20   23   15   35   22   15   22   15   15   22   22   15   22   14   16   23   18   23   19   18   16   23   19   15   16   18   14   19   18   31   21   17   15   18   21   21   17   19   35   19   34   17   18   22   21   14   14   21   21   31   19   18   15   20   22   19   19   18   22   22   16   31   17   37   21   17   18   22   17   18   20   22   18   22   22   17   21   16   14   14   36   17   17   21   23   21   17   20   22   18   15   19   17   16   18   18   32   21   22   14   19   16   19   23   22   22   20   19   18   17   19   20   22   14   21   37   17   17   23   20   36   20   17   36   32   14   15   23   20   22   19   23   15   15   23   20   17   19   21   17   18   15   22   23   16   32   23   20   16   20   20   17   16   18   15   16   21   31   18   21   15   21   35   23   21   23   22   21   18   20   20   22   21   22   22   34   21   16   22   20   22   19   19   17   21   14   18   18   17   22   19   20   17   16   17   14   17   16   23   31   19   22   17   22   15   16   20   19   17   20   21   19   15   17   19   16   20   21   15   21   14   14   15   16   16   20   32   17   20   18   22   37   18   35   14   18   21   32   16   16   23   17   20   19   18   22   18   20   19   22   16   16   18   16   18   22   14   19   16   17   35   22   20   22   17   15   32   20   18   21   18   21   15   34   16   20   14   18   20   22   22   22   21   22   16   17   18   17   22   20   20   21   21   22   16   17   21   18   19   18   18   18   34   14   19   18   20   21   23   16   21   21   23   18   20   22   17   23   17   20   17   15   34   14   19   20   22   17   22   20   19   14   23   19   21   18   34   17   36   32   20   15   23   19   18   16   21   22   21   19   21   36   22   31   33   22   19   15   21   23   19   17   18   17   17   33   18   37   16
  10    7   11    7    7    7    9   10    8    7    7    8   11   10    7   10   17    8   10    9    8   10    7    9   10    8    7   17    9    9   10   11    7    9    8    7   16   11    8   10   11    8   10    8    9   11    8   10   10    8    7    9   10   10    9   10   10   17    9   15    9    9    9   11    8   10   11    9   10   11    9   10    8    8   10    7   16   10   16    8   10    9    9    7   10   15    9    8   15    7    9   10    8   10   18   10    8    8    9   10    7    7    8   10    7   18    9   10   10    7    7    8    9    8   10   10   10    9   11   10    8    7    8   11   16    7    8   15    7    8   17   10    9   18    8   10   10    7   17    8    8    7    9    7    8   17   11   11   10    7   10   10    9    7   10    9    9    8   10    8   17    9    8    9    7    9   10    9   11   17    8   10   15    9    8   11   11    8    8    7    8    7    8    8   10    9    9   10   15    8    7   10    7   10    8    7    7   10   10   18    9   10    8    8    8    7    9    8    8    8   18   10    8    8   10    7    7    9    8   11    7    8    8   16   11   10    9   10    8    7    9    8   10    8   10    8    8    9    9   18    9   11   10   10   10    9    7    9    9    8   10    8   10    8    8   10    8    7   10   11    8   11   10    9   11    9    7   11   10   10    8    9    8   10    8    9   15    9    8    9   10    8    7   10    8    7    9   10   10    9   18    7    8    7    9   11    7    9   11    9    7    7    8    7   11    7    9   11    7    8    8    9   17    8   17    7    7   16   11   17   11   10    7   18    9    7    9    8    9   16    8   16    7    9    8    9    7   10   10    8   10    9    8   11    8    7   15    8   16    9   11    7   15    9   10   10   17    9   16   10   10   11    8   11    8    8   10   11   16   18    9   10   11    8    7    8   10    8   10    9    7    8    9    8   17   10    9   11    8    9    8    9   10    9    8   10   15    9   10    8   11    7    8   11   10   11   10   10   10    8    9   10    9    8    8   10    8   10   18    9    9   16    7   15    8    8    7   11    8    9    7    8    8   11   10    8    7   17   11    7   10    7    8   10    7   10    9    9    7    9    7    9   11   11   10   10   11    9    8    7    8    9    7    9    9   11    9    8   18    7   10   11   10    7   17   15   10   11   10    9   15   18    7   11   10    8    9    9   11    9   11   10   10    7   17   17    9   11    9    8
  14   16   15   12   18   18   12   14   14   29   15   14   16   15   14   16   17   18   27   14   15   25   12   17   12   15   16   12   18   18   16   17   16   12   18   17   18   11   12   14   17   15   16   15   18   25   30   13   12   18   16   13   16   16   30   13   13   16   18   29   16   29   28   14   15   14   12   16   16   15   17   18   14   16   17   12   18   12   13   17   17   12   29   27   12   15   16   15   15   15   13   16   18   17   16   17   29   12   16   17   12   17   17   13   16   15   12   15   17   17   18   12   14   11   26   14   12   11   17   14   18   30   25   14   13   17   13   17   16   13   12   17   16   16   17   16   18   14   11   18   13   17   17   12   13   14   13   15   13   17   26   15   15   15   27   14   13   16   13   16   14   28   14   14   17   16   14   13   14   15   17   12   15   17   11   15   18   13   13   16   13   18   18   18   12   15   14   17   13   18   12   18   26   16   26   17   16   13   16   16   11   13   15   15   17   11   13   18   15   18   18   12   17   12   16   15   28   12   13   27   16   18   27   13   15   18   29   15   12   17   18   12   14   16   16   26   16   14   15   12   18   18   17   28   14   13   12   12   15   13   15   15   18   13   12   17   13   14   29   13   16   14   16   12   16   13   15   14   14   17   12   18   15   17   13   17   18   11   17   17   12   13   17   16   12   17   16   18   14   18   13   12   12   14   12   12   14   15   11   15   13   11   16   18   16   12   14   17   25   14   17   18   27   14   13   30   11   15   15   18   14   15   17   11   28   18   13   13   14   16   18   26   14   13   16   16   16   14   25   14   18   14   15   17   14   13   12   18   14   12   16   12   14   14   12   17   30   16   15   17   16   14   11   17   13   13   16   27   16   15   15   26   14   14   25   18   30   13   27   16   18   15   17   18   18   14   16   29   12   14   15   15   16   16   12   12   28   17   15   17   12   14   26   12   16   16   15   30   18   15   26   29   16   18   15   12   16   25   16   15   16   18   12   15   18   11   13   12   14   18   13   12   15   12   15   17   26   13   17   12   13   18   16   16   12   14   12   17   17   25   11   15   27   18   18   25   17   12   16   17   12   16   18   16   15   29   18   16   12   26   14   17   16   27   15   15   18   17   12   14   16   15   17   13   14   15   15   15   17   13   18   18   12   18   12   30   15   18   17   15
  30   27   32   22   67   27   21   24   32   23   28   27   22   29   21   31   24   27   23   26   24   84   30   33   33   27   24   68   27   23   22   33   25   21   31   33   25   32   33   23   77   23   31   21   24   24   29   25   28   29   24   30   24   26   21   83   22   88   21   21   33   27   33   23   31   22   29   25   31   79   22   25   76   32   26   27   26   24   22   23   24   32   25   26   32   23   31   29   23   32   21   22   29   29   22   21   21   28   86   26   25   26   33   31   28   21   25   31   33   21   26   26   21   21   30   23   30   30   32   32   32   26   30   32   70   68   26   28   32   88   23   29   30   24   21   28   30   88   21   27   33   23   25   23   33   26   28   68   31   23   23   29   32   21   21   32   82   23   33   26   70   21   86   28   22   31   33   24   33   25   29   73   24   23   32   25   23   25   22   29   25   26   30   27   23   21   32   25   26   32   25   77   84   81   32   21   23   29   32   31   21   20   30   30   30   29   22   30   24   20   22   21   33   32   22   27   21   32   29   24   76   23   27   28   32   24   29   29   24   23   29   25   22   32   24   31   22   22   23   21   29   25   78   26   22   27   85   28   22   83   21   33   33   28   30   32   31   23   27   25   24   32   67   30   21   33   28   33   33   33   31   32   21   24   25   32   33   29   30   33   31   30   29   31   22   32   23   22   22   24   24   32   33   22   23   26   25   31   29   29   23   31   25   25   21   33   27   24   22   29   32   29   29   26   22   33   33   29   28   24   85   22   28   27   24   27   30   23   30   32   21   23   31   88   23   72   21   31   33   31   24   33   33   83   25   25   31   72   24   31   33   33   70   23   24   24   69   23   79   24   23   25   24   22   32   86   26   28   22   24   29   28   74   26   25   25   29   31   32   85   25   23   24   33   33   33   21   21   23   21   29   74   26   24   21   86   26   31   30   23   24   24   25   80   22   29   26   33   28   33   21   31   29   22   22   26   24   28   29   30   25   32   88   31   29   29   21   24   28   20   28   30   30   29   29   22   23   72   85   27   26   21   25   28   33   25   31   30   26   83   24   22   21   28   21   29   32   24   68   86   29   31   29   28   30   24   26   29   28   31   28   33   28   32   33   69   28   28   21   31   30   21   27   26   32   30   26   29   82   29   33   84   28   24   24   23   25   33   27   29
  25   36   28   35   94   36   29   26   23   24   22   36   26   33   26   81   30   36   29   33   82   27   24   94   93   25   82   32   35   34   92   24   26   29   32   22   29   88   31   22   30   32   32   28   35   31   33   93   34   30   35   33   28   24   30   36   26   36   35   28   34   34   81   25   35   23   36   36   29   24   22   30   29   35   29   35   35   36   26   34   33   29   30   30   24   36   32   90   75   28   77   31   27   91   29   31   27   27   26   32   36   26   85   33   26   27   24   93   23   30   30   76   29   32   24   30   31   36   35   76   30   35   23   29   30   25   35   30   32   78   32   23   27   33   31   23   24   81   27   35   32   89   27   26   74   28   26   28   25   24   25   79   26   33   82   86   25   29   32   24   27   36   26   35   29   35   34   32   86   35   34   35   28   32   28   34   31   24   26   23   23   32   28   29   28   32   25   30   31   33   22   25   33   34   30   24   31   36   23   28   30   29   27   28   33   24   35   31   22   36   36   31   35   93   80   26   35   29   34   27   32   34   26   29   32   26   25   80   26   34   24   35   34   79   33   35   31   36   26   34   30   26   31   23   32   92   31   34   31   26   26   35   73   24   30   23   29   24   26   29   26   36   93   36   73   30   26   27   26   25   34   30   32   27   91   23   25   22   27   33   34   30   24   31   33   30   32   28   29   26   28   90   28   24   91   31   27   33   27   36   36   33   31   23   27   36   24   31   32   31   29   31   33   22   35   32   27   35   36   24   30   34   95   24   24   34   32   30   81   33   27   33   28   24   27   33   24   31   33   24   35   28   24   25   30   34   30   36   35   91   36   24   34   36   94   36   27   30   29   31   79   89   24   33   26   23   26   27   25   23   27   24   29   33   36   33   35   36   35   24   32   31   32   28   23   32   27   24   36   24   31   29   27   29   34   29   79   32   24   27   26   23   24   31   79   23   28   29   91   25   89   94   88   22   31   28   23   23   29   23   25   28   34   28   23   25   93   86   27   27   34   28   34   34   31   35   27   22   28   27   24   26   34   32   32   23   86   32   23   26   26   34   25   74   28   29   32   27   32   29   34   29   30   29   25   24   24   36   26   24   26   36   25   31   34   22   35   34   30   32   31   28   33   36   34   24   32   33   31   86   23   23   34   35   27   27   32   79   26   35
  22   20   24   26   19   25   22   55   26   26   27   18   21   24   66   27   20   27   18   61   25   25   26   18   23   17   18   18   20   24   26   21   60   56   17   23   25   26   21   21   23   18   18   19   24   64   27   24   19   18   23   27   25   25   26   21   19   26   24   25   20   22   21   27   26   23   22   26   23   25   17   24   18   18   26   25   18   17   24   24   21   24   58   22   19   17   27   24   26   18   25   22   18   27   19   20   26   21   65   18   18   17   22   19   19   60   23   20   25   18   24   22   23   27   26   22   17   25   26   26   27   20   21   22   21   25   22   21   23   24   57   23   22   20   23   25   23   17   27   20   22   26   26   23   21   23   27   25   18   19   22   23   21   19   23   19   65   19   25   20   20   22   24   24   18   27   17   27   56   24   26   22   27   26   19   25   22   27   18   20   19   18   21   18   17   25   55   19   25   24   24   27   25   24   23   23   23   17   18   17   22   23   26   24   20   27   21   20   22   20   24   17   17   24   17   25   22   25   22   17   59   17   20   21   26   17   20   21   27   24   20   22   22   22   22   66   23   24   27   17   23   20   18   25   19   18   17   20   22   58   22   24   20   22   22   20   22   22   23   21   18   27   23   17   23   18   17   22   67   68   19   23   18   27   26   21   61   66   26   24   19   20   27   23   19   24   69   24   26   27   26   65   26   26   25   24   19   24   26   24   26   27   20   25   67   63   26   17   25   26   19   27   25   22   24   26   21   21   26   19   19   17   24   17   18   25   71   22   20   21   19   60   23   22   18   27   20   21   23   61   18   22   18   19   22   24   23   22   22   20   23   20   18   21   19   23   22   24   27   19   26   19   20   20   25   19   19   26   25   24   20   18   27   18   17   23   27   26   18   23   20   19   23   23   27   22   22   26   20   26   19   67   26   17   26   20   19   21   18   24   25   25   22   25   24   25   20   21   22   25   23   24   20   20   23   25   26   19   17   17   25   27   23   26   21   17   20   20   24   59   24   24   24   23   18   22   27   19   25   21   22   25   18   17   25   23   21   21   25   27   19   26   25   22   24   27   60   62   66   20   21   20   27   24   22   20   21   20   21   21   22   21   61   21   17   19   27   18   22   19   17   21   18   71   62   20   18   27   20   27   21   22   23   64   27   72   25   27   24   18
  12   16   13   27   17   12   13   14   27   14   13   14   17   17   29   16   14   12   17   29   13   12   16   18   16   16   12   12   16   17   16   15   13   13   18   14   15   13   17   18   14   12   18   12   16   18   18   27   12   17   13   27   12   27   12   13   16   18   18   15   12   12   15   17   17   16   14   13   17   16   17   11   17   14   12   17   13   17   17   16   13   15   18   16   13   15   16   12   16   13   17   29   17   17   13   12   14   17   17   18   17   17   16   16   15   17   16   17   17   18   15   13   16   16   18   18   16   13   12   13   18   28   17   13   14   18   14   14   12   13   29   15   17   13   12   12   13   16   13   13   25   13   13   13   14   15   17   16   13   16   17   29   13   15   13   13   15   17   14   14   18   15   17   14   13   25   17   12   12   13   18   26   18   15   12   28   26   28   16   16   14   12   12   15   14   27   14   13   14   18   15   13   15   13   13   14   16   15   18   18   27   13   17   14   18   16   18   18   16   15   13   30   11   14   14   16   15   17   15   13   13   18   14   14   16   18   27   12   13   12   13   14   16   15   15   13   29   16   14   18   29   15   13   15   15   13   14   14   15   25   16   18   12   13   15   15   14   26   17   30   17   17   17   15   11   17   11   13   16   29   26   18   12   14   18   15   17   18   12   14   13   13   13   17   18   18   12   16   12   14   18   15   16   13   11   17   14   16   13   15   13   25   17   11   14   17   14   13   17   15   16   15   11   15   13   17   12   16   18   13   14   14   17   16   17   14   14   13   18   17   16   14   15   16   16   15   14   17   14   12   14   14   11   15   25   15   17   18   27   18   14   18   14   18   16   12   17   16   13   16   18   15   12   16   14   26   14   26   14   13   27   12   17   13   17   18   12   16   13   15   17   14   26   18   13   12   11   14   27   13   17   14   14   18   12   14   12   13   13   13   15   15   13   14   15   12   15   28   14   16   14   13   15   16   17   25   12   18   17   29   17   11   14   16   17   15   14   18   17   13   29   17   18   15   13   13   18   17   14   14   16   15   18   17   14   18   13   13   16   13   13   12   18   14   14   15   16   17   29   14   16   27   17   16   11   12   17   13   29   15   17   15   17   27   16   18   17   12   18   12   18   18   18   12   17   14   29   15   13   18   12   30   13   15   15   16   16   26   17   14
  20   21   17   19   21   19   21   29   17   34   35   20   15   16   21   17   15   19   15   19   20   18   16   15   20   19   14   35   19   14   16   15   14   33   15   20   17   13   20   20   17   21   31   16   32   20   18   18   16   21   14   15   16   16   14   21   14   18   21   17   16   18   14   16   15   16   29   17   20   20   18   14   20   16   16   14   18   18   19   21   17   15   21   18   21   20   21   19   18   15   14   21   14   14   14   14   15   15   21   14   16   21   19   20   14   14   13   18   14   13   19   16   14   21   20   15   17   18   20   18   14   35   17   15   17   15   17   19   19   17   21   13   18   18   18   15   14   14   35   21   19   21   15   15   16   17   21   18   21   21   14   14   15   14   17   19   14   18   15   18   18   17   16   21   13   20   20   19   16   17   20   20   20   21   20   18   15   18   16   17   21   13   15   18   20   15   29   16   15   21   18   19   21   18   19   15   16   18   17   16   16   29   17   19   21   17   19   17   14   18   18   31   29   14   16   17   15   15   20   20   20   19   14   20   35   14   18   35   16   14   15   14   33   20   19   14   19   32   34   19   14   21   21   20   17   18   18   19   17   17   18   16   17   20   14   17   18   31   18   13   13   18   20   16   20   13   21   17   13   20   33   19   18   13   14   18   16   14   15   21   16   21   20   21   20   14   15   14   21   31   34   17   14   16   15   35   15   16   19   17   18   18   19   16   21   20   14   19   14   20   34   20   17   21   21   18   15   16   15   14   21   20   19   31   16   14   16   18   16   16   17   33   35   29   15   20   18   17   34   19   16   14   16   14   21   20   17   17   14   34   13   18   17   21   16   14   18   17   20   18   13   16   20   21   15   14   13   21   20   16   14   15   18   17   14   15   17   21   15   18   21   15   17   31   31   17   16   16   17   14   17   15   16   33   17   21   15   16   34   17   13   33   18   35   17   16   18   17   17   21   17   21   15   17   20   16   16   15   15   17   20   17   14   29   15   21   20   17   21   13   21   17   21   14   15   19   16   17   29   21   16   14   35   20   17   20   19   15   21   16   13   19   16   18   20   30   33   15   19   14   16   14   18   21   16   16   17   17   17   21   20   17   21   21   18   20   18   30   19   13   17   29   18   15   17   13   33   19   21   32   18   31   29   21   19   14   14   19   15   34
  16   18   15   17   14   15   17   28   14   13   18   12   18   17   18   17   11   14   14   12   16   14   13   12   13   11   12   16   13   16   18   14   15   15   17   16   18   18   17   17   15   15   17   13   17   15   18   13   17   13   16   12   12   18   30   17   11   17   17   17   14   16   14   12   12   15   14   14   15   17   15   17   12   17   29   17   15   12   16   14   18   27   17   18   12   28   15   18   27   12   13   16   11   13   18   17   26   12   15   15   17   13   16   11   14   30   15   14   15   11   14   12   18   18   17   18   18   12   15   16   15   18   15   14   16   12   15   14   15   16   15   17   12   14   16   13   13   11   17   29   18   14   18   17   11   18   12   13   14   17   15   17   17   27   16   18   18   12   17   15   13   16   17   17   12   13   18   11   12   17   17   17   17   13   15   16   18   12   18   18   12   26   18   15   13   26   16   12   18   15   12   13   12   25   13   13   12   13   27   25   16   18   13   16   17   18   18   14   16   13   18   18   13   15   18   25   15   25   18   14   18   15   26   16   18   30   15   12   18   12   15   15   13   15   18   16   18   13   13   26   12   18   25   18   12   12   16   12   12   18   13   16   16   14   17   16   12   18   13   16   26   11   13   18   13   16   30   17   16   16   18   15   17   29   13   13   13   12   13   13   28   12   14   28   26   25   28   12   12   17   14   12   18   18   16   13   26   15   29   12   12   12   15   12   17   18   11   13   17   16   28   16   11   15   12   17   16   15   12   17   18   17   12   12   16   14   13   13   16   16   18   12   13   13   18   18   15   16   29   16   14   11   13   12   18   15   15   27   27   17   13   12   18   12   13   15   11   15   15   16   15   17   17   15   15   16   12   12   16   13   15   18   18   18   18   13   12   13   13   14   15   14   18   12   18   18   26   13   17   14   12   18   18   13   16   16   26   15   17   14   13   27   14   28   18   12   17   15   14   16   17   17   12   18   27   18   15   12   28   11   16   18   12   14   11   14   30   14   17   16   18   14   16   16   12   18   17   18   12   13   13   17   18   12   13   12   15   14   12   15   16   16   16   17   12   16   16   17   28   15   18   16   13   12   14   18   17   13   12   15   12   13   29   12   13   17   14   28   13   18   14   18   13   14   17   15   17   12   12   16   18   14   12   13   12   13   26   12   18   14
  10   14   10   11   13   15   12   14   13   12   12   15   23   13   13   12   12   14   10   14   12   23   11   14   21   12   11   12   12   11   12   13   21   10   11   21   15   12   24   14   11   22   15   13   22   14   13   21   10   12   13   14   10   15   11   11   10   11   11   10   11   15   14   15   15   10   10   15   11   15   14   10   12   14   14   12   10   22   15   13   14   12   12   15   14   12   21   15   15   13   13   15   11   12   12   12   24   11   10   10   10   15   14   11   21   11   25   23   11   15   22   12   14   10   13   10   14   10   15   13   15   22   22   13   12   13   15   15   15   11   13   15   13   13   10   14   12   14   14   11   21   10   15   13   15   13   22   14   12   12   14   10   21   11   13   13   15   14   12   13   15   24   11   11   12   11   12   11   22   15   10   11   14   15   14   15   14   10   10   24   23   13   10   13   14   15   15   14   13   14   13   15   13   13   11   15   13   11   15   14   25   13   10   11   14   15   21   15   11   15   15   14   14   10   14   14   22   12   13   10   14   15   22   15   24   12   12   10   12   11   24   10   12   13   15   13   24   15   10   12   12   14   11   22   10   12   12   14   23   15   15   13   10   14   12   13   12   11   12   13   11   10   14   24   12   24   11   11   24   10   21   12   25   10   12   25   25   25   15   13   13   11   12   14   10   15   13   13   12   15   11   11   11   12   11   12   21   14   22   15   12   22   12   10   12   10   10   11   12   15   11   10   11   11   11   11   14   15   12   15   25   25   10   15   12   12   11   11   14   12   14   13   11   15   13   15   13   12   14   15   21   15   10   12   10   11   12   25   10   13   12   11   14   10   14   15   15   21   11   12   13   14   13   10   15   11   11   10   10   14   10   11   15   10   13   15   12   10   10   14   12   14   10   14   25   10   14   14   11   13   13   13   15   12   14   11   11   14   13   12   24   15   15   15   10   22   25   13   13   14   25   25   14   14   10   12   10   11   11   13   10   11   14   14   13   21   15   12   14   14   15   15   13   14   14   13   14   10   11   13   10   10   10   12   15   24   14   23   11   10   23   24   21   13   11   15   12   11   13   12   11   12   11   15   14   11   10   10   14   13   11   14   21   12   13   10   13   10   12   14   13   10   12   15   15   10   24   14   10   12   13   12   15   12   14   15   13   12   11   15
   9    8    9   12   12   11    9   11    9    9    8    9   20   12   10    9    8   10    8   11    8   18   10    9   12   11   12   10   19    8   10   17   20    9   12    8   10   10   10    9   12    8   10   12    8   10   10   12   11    8    8   18    9    8    9   11    8    8   20   12   12   20   20   12   10    8   12   20    9   10   10   10   12   11    8   11   10   10    8   12    9    9    9    9    9   10   12   12   20    8    9   10   11   10    8   17    8   12   12   12   10   11   18    9   20    9   10   12    8   11   11   12    9   12   10   11   10    8   12   12   11   20    8   11    8   10   12   11   10   10   11   10   12   11   10   10   11    8   12    8    8   10    8   11    8   17   19   12    8   10   10    9   11   11   12   12    8   12    9   10    8    8   10   17    8    8   11   11    8   12   20   12    8   18    8    9    9   12   12   20    9   11   10    8   10   17    9   12   10   11   12    8   10   19    9    9   10    9   10    8   10    8    9   10   20   11   11   11   11    8   11   12   12   11   12    8   10   10   11   10   12    9    8   10   12    8   18   10   11    9   12    9   10    8   20   10    8   18   12   20    8   19   10    8    9   10   10   12   12    8   12   10    8    9    9   12    9   11    8   11   12   12   11   18   12   10   12    9   10    9    9    9   18   11   11    9    9   10    9   11   11   11   12   11    8   11   17   20    9   12   12    8    9   10   11    9    8    9   12    8   12    9    8    8   12   17   20   10    8    8    9    9    8   11   11    8   12    9    9    8   19   10   11   11   10   11   11   12   12    8   10   11    9   12   10   17    9   17    9   17    8   10   12    9   12   10    8    8    8   12    9   10   11   10   12   11   11    8   10   12    9    8   18   10    9   11   12   10   19   10   12   10   11    9    8    8    9   19   11    9   18   10    9    8   12   10   11   11   12   17    9   10   11   11    9    9   18   10   12   11   11   12    9   12    8   12    8    9   11   10   17    8   11    8    9   11    8    8   11    8   12   11   12   17    8   12    9   11   12   10   12   12    8   12   11   11   12   11   12    9   10    8   10   12    8   11   11   19   12   11    9    9   11   12    8    8   11   12   11   11   10   11   10    8   11   10   10   11    9   11   17   10   10   10   12    8    8    9    9    8   12   10    9    9    9   10    8   18   12    9   11   12   12    8    9   11    9   11   18    9
  10   12   12   23   10   14   14   11   10   15   15   12   14   13   12   10   22   15   11   11   21   10   15   10   15   25   10   11   14   14   11   25   25   10   15   15   13   13   12   12   15   11   11   13   21   13   15   22   14   23   14   11   23   14   12   10   11   11   11   13   14   14   10   10   11   21   14   11   10   11   21   12   13   13   25   15   12   15   11   11   15   22   12   13   14   12   14   10   15   15   13   13   12   13   13   12   13   11   11   15   24   15   11   11   12   11   13   10   15   13   11   15   15   13   14   14   10   12   23   15   14   14   14   10   10   12   12   12   14   14   11   14   14   12   13   24   24   15   11   11   10   13   10   23   12   12   12   11   11   25   13   21   13   14   11   12   12   10   11   13   22   23   21   15   23   12   13   11   24   12   21   23   14   15   11   12   15   13   12   15   10   10   12   14   11   10   11   15   10   11   23   14   12   13   15   10   14   24   11   15   21   12   21   23   24   10   13   11   10   15   22   12   10   13   10   10   12   11   24   10   15   15   14   12   15   14   13   12   14   11   13   13   13   12   11   21   10   12   14   10   10   11   12   11   13   21   15   12   11   10   10   13   13   10   15   11   10   11   15   11   13   11   25   12   12   13   10   11   10   14   13   14   24   24   22   10   14   14   10   14   10   13   13   15   13   13   14   11   11   13   13   14   15   12   15   23   13   11   22   14   14   14   13   24   14   12   10   25   11   13   23   14   12   13   14   13   10   11   11   15   15   10   10   12   13   11   25   24   12   13   13   24   11   13   22   23   15   14   13   12   11   10   12   12   10   25   12   15   11   11   10   15   15   14   12   10   11   15   10   15   11   14   10   13   13   11   22   10   15   10   11   12   14   12   13   14   13   14   14   14   15   11   14   12   14   13   13   13   14   10   13   12   15   13   14   22   15   10   15   12   13   12   11   11   11   14   13   14   12   13   11   14   11   12   12   12   14   13   15   14   10   13   14   21   10   13   12   12   11   24   15   14   24   10   13   15   14   25   10   24   12   11   13   14   21   11   10   15   11   12   15   12   10   10   14   14   11   14   13   24   10   14   24   10   13   13   25   11   15   14   21   11   11   10   15   12   11   15   10   12   13   23   13   13   25   13   13   12   11   13   15   15   10   15   12   11   10   13   11   12
  14   12   16   27   13   16   24   11   12   15   15   12   15   12   15   11   14   11   11   25   16   14   12   12   13   14   26   11   15   16   12   16   11   16   11   15   12   13   14   13   15   12   10   15   15   12   14   17   25   15   16   11   11   15   23   15   24   14   13   15   13   15   14   13   14   17   17   14   15   26   13   14   12   17   11   11   16   13   13   15   13   12   13   12   13   14   25   14   17   11   15   14   12   11   17   17   14   11   15   17   15   11   23   14   11   13   16   24   16   26   15   14   17   11   15   15   13   17   14   17   11   14   11   12   14   16   15   15   16   11   14   17   14   15   15   27   28   14   13   15   12   11   12   16   13   15   11   26   12   16   14   12   17   12   11   15   13   14   12   12   16   14   16   10   15   15   16   16   15   14   11   11   17   13   12   15   13   17   14   26   14   12   12   12   17   12   27   12   13   13   24   15   11   12   17   12   15   13   24   25   16   11   11   17   13   15   13   16   23   12   16   11   14   16   17   15   16   12   25   11   13   16   15   12   12   14   16   14   10   11   13   14   11   12   11   15   11   12   12   15   13   15   16   12   24   13   12   11   16   17   16   24   12   11   13   10   13   12   11   13   17   13   15   13   26   11   11   12   13   16   16   13   13   12   13   11   14   12   23   11   15   12   14   13   13   13   14   13   17   14   16   26   12   16   17   16   14   15   16   14   12   26   16   15   14   15   17   12   13   16   17   13   12   12   16   12   17   26   14   13   13   23   11   14   13   26   13   24   26   12   17   12   16   25   11   11   13   14   12   24   17   26   13   13   14   12   15   12   12   15   26   27   14   17   11   11   14   15   24   13   15   14   13   12   12   16   25   16   16   15   11   12   13   25   11   11   12   13   15   11   12   15   15   13   11   12   12   11   13   15   13   13   16   11   16   11   12   15   17   12   11   12   16   16   15   13   13   14   11   13   12   15   14   26   17   16   24   12   12   14   17   23   14   16   12   15   24   16   13   15   13   14   15   15   11   17   15   25   14   16   14   16   25   12   15   13   23   11   16   10   11   16   11   12   15   26   11   13   16   16   12   11   12   14   11   24   23   16   14   12   11   14   13   12   15   16   15   14   27   12   11   17   16   12   11   14   14   16   13   12   17   11   11   15   13   26   11   13   13   11
  17   13   15   14   12   15   15   24   12   11   16   11   13   11   10   14   14   12   13   13   15   14   13   13   15   13   12   11   11   16   12   14   16   14   13   14   16   13   13   15   17   13   16   16   15   12   17   16   16   12   12   14   15   17   14   26   25   12   15   13   13   12   12   13   14   13   14   23   12   25   14   16   12   15   16   16   11   15   13   17   16   12   12   12   16   14   16   11   15   15   12   11   16   16   16   12   12   15   17   12   11   16   14   14   11   15   14   13   16   26   17   13   16   16   11   13   13   11   14   24   16   13   15   11   24   15   13   11   23   15   14   12   17   15   14   11   13   12   11   25   15   13   15   12   14   14   15   27   12   12   14   14   11   25   16   12   15   15   13   15   13   15   14   11   12   11   13   17   15   14   16   17   13   11   24   23   13   14   12   13   11   11   17   13   16   16   11   13   16   27   11   13   16   14   13   14   12   11   14   12   14   23   17   15   15   15   24   16   11   14   16   16   16   17   13   24   16   14   12   26   27   14   16   14   16   14   15   12   16   14   10   14   16   13   16   17   16   14   15   12   12   17   16   15   17   11   13   15   13   15   15   28   16   17   16   15   14   11   11   23   15   14   13   15   11   12   25   12   14   12   12   13   11   17   17   25   11   16   16   12   16   12   11   16   12   17   14   17   11   15   17   11   16   13   25   12   12   11   13   27   16   11   25   11   15   14   13   12   15   14   12   11   13   15   11   11   11   15   12   24   11   16   11   16   17   15   14   16   14   17   16   12   12   11   16   14   11   13   16   12   12   25   17   12   11   13   15   14   15   13   16   13   14   12   24   17   15   16   24   15   17   15   16   15   17   12   13   14   13   15   28   13   17   12   12   11   17   11   17   17   14   16   15   16   15   14   26   12   16   12   13   12   15   15   17   14   14   13   12   11   15   24   17   13   14   13   15   14   16   17   14   13   16   15   24   28   13   11   15   26   12   25   12   16   15   11   11   17   12   13   16   25   12   14   26   13   12   13   12   14   11   15   12   11   14   10   11   13   13   25   15   12   14   13   12   12   15   16   14   16   23   27   26   12   16   15   13   11   12   11   16   16   13   11   13   13   26   16   12   15   12   15   16   13   11   13   12   15   16   15   17   11   11   16   15   11   14   11   11   11
  13   18   16   13   18   19   19   15   13   18   19   18   17   14   18   19   17   19   16   13   14   28   15   13   14   18   14   16   28   20   15   15   15   15   12   17   16   14   13   12   17   14   15   13   16   20   13   28   14   12   19   19   19   19   29   12   15   19   20   19   13   15   19   27   19   19   15   19   13   30   15   13   17   13   16   17   14   13   19   12   17   12   15   12   19   30   15   15   16   16   15   13   20   15   13   29   15   15   15   17   18   20   15   29   17   13   18   20   13   17   16   15   19   17   31   19   13   18   18   14   28   17   13   12   14   31   16   13   20   13   17   33   13   16   19   13   16   16   15   31   19   19   20   19   16   14   13   17   14   17   17   13   13   15   17   31   16   13   18   14   15   13   17   19   13   16   17   31   17   15   13   17   14   19   16   19   18   15   28   20   15   19   12   17   13   13   16   15   15   20   19   15   20   32   15   14   14   29   19   29   14   14   17   13   13   18   15   30   20   18   14   18   31   16   15   12   14   17   14   19   12   13   18   27   18   14   27   12   14   14   19   19   19   13   29   18   12   20   15   18   18   17   18   18   18   20   16   19   19   14   12   18   13   14   15   27   19   17   20   18   16   13   18   13   15   15   17   18   20   19   17   19   18   18   31   14   16   20   12   13   13   18   14   16   19   15   17   28   19   12   16   13   29   19   30   20   15   28   17   20   13   16   14   19   16   13   18   14   17   13   19   13   15   19   13   17   15   13   17   17   31   17   19   14   16   29   17   20   14   14   14   16   15   15   14   13   18   32   15   15   16   14   19   17   20   17   32   14   18   13   19   12   20   20   17   29   18   19   31   15   16   18   19   18   14   18   16   12   16   13   13   30   14   16   14   15   15   13   16   14   18   18   16   15   18   20   20   17   19   19   17   13   19   15   19   15   15   16   13   17   15   16   20   15   15   19   14   14   17   16   19   20   15   18   14   16   16   32   19   18   17   16   13   18   14   18   17   14   17   13   18   18   18   19   13   19   28   15   13   18   14   16   17   17   28   19   14   13   19   18   16   13   18   12   13   20   19   13   15   18   18   15   15   15   13   16   20   14   14   15   15   13   17   19   19   19   17   16   18   18   13   28   14   17   16   16   30   18   15   17   14   13   20   18   14   16   14   12   18   33
   4    3    4    4    4    4    4    4    4    7    5    8    4    3    4    4    5    4    4    3    5    5    4    4    4    4    4    7    3    4    4    4    3    4    7    4    4    4    5    5    4    5    4    7    8    4    3    8    4    4    3    5    5    7    5    4    5    5    4    5    3    4    3    5    7    7    5    4    5    3    4    5    5    3    4    5    5    4    4    4    4    5    5    4    4    7    4    4    4    5    5    4    4    4    5    7    3    4    5    4    3    7    7    4    4    4    4    4    7    5    4    3    3    4    4    4    4    4    3    4    7    4    7    3    4    3    4    4    4    5    4    4    4    3    3    4    5    4    4    4    4    5    5    4    5    7    5    3    4    4    3    4    4    4    3    5    5    8    4    3    3    4    3    4    3    5    5    4    3    5    4    4    4    5    4    8    4    4    7    7    3    8    7    4    3    4    4    5    4    5    5    4    4    5    4    5    7    4    4    3    4    3    5    3    4    5    5    3    4    4    5    3    4    5    4    3    4    5    4    4    5    5    4    3    3    5    4    5    4    7    3    3    4    4    4    3    4    3    4    4    8    5    4    5    5    4    4    5    5    4    3    4    5    4    4    3    4    5    5    4    4    5    3    4    4    5    5    4    4    5    4    5    4    4    8    4    5    4    4    5    4    4    4    5    4    4    5    4    4    3    4    4    3    3    4    7    5    4    4    4    7    3    7    4    4    4    4    3    7    4    4    4    4    4    7    4    5    4    5    4    4    4    4    4    5    4    4    4    4    4    5    3    5    4    4    4    4    4    4    5    7    4    4    5    5    4    4    3    4    7    8    4    8    4    5    8    7    5    4    4    5    5    5    4    7    5    4    8    3    4    3    4    4    7    5    4    4    4    5    4    4    7    3    4    8    4    5    5    5    4    4    4    7    4    5    5    7    5    5    5    4    8    3    4    4    3    5    4    3    3    5    4    3    5    4    4    4    3    4    5    5    4    4    5    3    4    4    4    7    4    5    5    4    4    4    5    8    4    3    4    5    4    4    4    5    4    4    3    5    4    3    3    7    4    4    5    7    5    7    5    4    5    4    4    3    4    4    4    5    5    4    4    4    4    5    4    7    4    4    4    4    3    5    4    4    4    5    4    4    4    4    4    4    4    5    5    5    4    5    4
  13   11   14   12   13   13   15   16   15   13   12   17   13   15   14   16   13   17   27   15   11   13   16   14   11   14   13   17   13   16   17   14   12   12   11   14   11   12   13   16   15   23   16   12   28   11   15   12   13   23   11   11   26   16   12   15   12   15   12   12   17   16   16   15   13   14   12   13   16   16   13   27   12   15   11   14   16   12   11   16   14   12   11   17   16   12   14   11   27   16   13   12   14   13   26   13   14   13   14   14   15   16   14   12   17   14   17   12   14   15   16   28   13   14   13   25   12   15   16   15   11   25   15   16   16   12   15   15   17   15   28   15   13   11   16   16   13   11   15   13   12   11   13   11   11   16   13   16   17   23   13   11   13   15   12   17   16   11   12   16   15   12   10   14   13   23   13   16   12   27   11   26   16   25   14   12   15   13   15   16   13   13   15   14   13   15   14   12   14   14   16   28   14   12   16   12   13   12   11   13   11   13   15   14   15   13   11   15   14   15   12   11   14   17   15   13   15   15   23   12   16   15   27   24   27   16   11   12   12   23   14   14   12   12   16   14   15   14   12   17   11   12   16   16   11   15   23   12   25   11   11   14   27   15   11   11   17   16   13   27   17   25   15   12   12   12   14   11   15   16   14   23   14   13   15   13   16   15   16   12   11   16   11   15   13   15   28   14   15   16   11   12   12   28   15   11   16   17   16   15   12   15   15   17   14   17   12   27   17   13   14   11   16   17   12   16   13   13   17   24   15   15   25   15   15   11   15   11   14   13   11   14   15   16   14   14   15   17   14   14   15   17   12   17   26   16   14   14   15   15   23   15   13   12   15   10   13   17   15   11   11   27   11   12   16   16   13   24   16   25   14   24   17   23   12   11   16   12   14   14   16   13   15   15   11   11   16   13   14   15   16   15   13   14   16   13   15   11   14   11   13   14   11   13   15   17   27   12   12   28   11   13   13   28   15   10   12   17   28   11   23   27   11   11   16   11   14   15   14   14   13   16   12   15   14   14   14   14   13   17   13   12   13   26   14   15   10   15   13   16   17   16   15   12   12   13   11   13   15   17   11   15   11   11   13   12   25   13   11   10   14   13   16   16   15   13   16   14   12   13   12   12   15   17   16   11   15   11   16   16   15   16   14   14   13   23   13   11   15   25
   4    4    4    4    5    4    4    4    7    4    4    3    5    4    4    5    4    5    3    7    5    8    4    4    4    4    7    3    4    4    4    3    5    5    5    4    5    8    3    5    5    3    4    5    4    7    4    4    4    4    5    4    4    5    4    4    3    4    3    5    4    5    4    3    3    4    4    5    3    5    3    5    4    4    4    5    5    5    7    5    4    7    4    5    3    4    8    4    5    4    5    4    4    5    5    3    5    3    4    4    5    4    4    4    4    4    7    3    3    4    4    5    4    4    5    4    5    4    5    3    5    5    4    5    4    7    5    4    4    4    5    3    4    5    4    4    5    4    4    3    4    4    3    4    3    5    5    5    4    4    3    3    4    5    7    3    4    5    4    5    4    4    8    5    3    4    4    4    4    5    5    4    5    4    4    4    4    4    4    5    5    5    5    5    4    4    8    3    4    3    4    3    5    8    4    5    4    4    4    4    3    4    5    4    4    5    4    4    5    3    5    4    7    4    5    4    4    4    4    3    4    7    4    4    4    4    5    4    4    3    7    7    5    4    5    4    4    8    5    7    4    4    4    5    4    4    3    7    7    4    3    5    7    5    4    3    5    4    4    4    4    4    5    5    4    4    4    5    4    5    8    5    4    4    7    7    3    4    3    4    4    3    5    3    3    5    3    4    4    4    4    5    5    5    7    5    5    4    5    4    4    4    5    4    7    5    3    4    5    4    4    4    4    4    5    4    3    4    5    4    5    4    7    4    4    4    4    5    5    4    5    5    4    4    8    5    4    5    5    3    5    4    5    4    5    7    4    3    7    7    7    3    5    3    4    4    3    4    3    4    5    3    5    4    3    3    5    4    5    5    4    4    4    4    3    4    5    5    4    3    3    4    4    4    4    5    5    4    5    4    4    3    3    4    4    5    5    3    4    5    5    4    3    7    8    3    3    5    5    4    4    4    8    7    5    4    5    5    4    5    3    4    4    3    5    4    4    4    4    4    4    5    4    4    3    4    5    4    4    7    5    5    4    3    3    4    4    5    4    5    4    4    4    4    5    4    4    3    4    7    5    4    5    4    5    7    4    5    4    4    3    5    3    4    4    7    8    5    4    4    4    3    3    4    5    4    5    7    4    4    4    4    5    3    4    4    5    4    4    5
   6   12    5    6    7   12    6    7    5    6    6    5    5    6    7    6    6    7    7    6    8    8    8    7    7    5   11    7    7    5   12    7   11    7    7   11    7    7    6    6    8    5    7    5    6    6    6    7    8   12    7    8    6    5    8    5    6    6    6    6   12   12    6   13    6    8    7    6    5    5    8    6    7    8    5    5    6    7    8    5    7    6    6    6    7    6    6    7    7    5   11   12    6    6    7    8    5    7    6    7    6    7    5   12    6   12    7    5    5    6    6   12    6    7    8    6    5    6    7    6    6    7    7    6    8    8    8    6    6    5    8    6    8    6   11   13    7    7    7    7    7    6   11   12   13    5    7    6    8    6    7    6    6    6    7   12    6    7    7    8    5    6   12    5    6    8   13    7    6    7    7    7   11    7    8    7    5    6    7    7    8    8    6    5    7    7    7    5    7    6    6    8    7    5    5    8    5    8    6    7    5    5    6    8    8    5    7    6    8    5    7    7    5    7    7    7    6    7   12    5    6    7    6    5    6    7    8    6    8    7    6    8    7    6    8    7    5    6    8    6    8    7   11    8    6    5    7    6    8    7    8    5    6    5    6    7    7    5    7    6    8    5    6    7    5    6    6    7    5    7    7    6    8    6   12   11    6    6    6    7    7    7    6   12    6    5    7    7    7    8    7    6    6    7    7    7    6    6   12    5    7    8    8    8    8    7    6   11    6    7   11    6    6    7    5    6    6    7    7    5    5    7    8    5    7    6    8    6    8   13    7    7   11   11    8    8    7    7    6    7    7    7    7    7   13    6    7    7    7    7    7    7    7    6    6    5    6    6    5    7    6    7    7    5    7    7    7    7    7    7    7    7    7    7    6    7    5    5   12    8    6    7    5    5    6    8    6    6    8    6    5    7   12    8    5    7    5   13    6    6    6    7    6    7    6    8    7    6    8   11    8    7   11    8    5    6    5    7   12    6    6    8    8    7    5    6    8    6    8   13    6    6    7    6    6    6    5   11    7    6   11    6    7    5    6    6    7    6   13    7    6    6   12    8    7   11    8    5    6    6    8    7   13    6    6    6   12    5    6   12    7    7   13    7    5    6    5    6    8    7    5    8    6    7    7    7    7    6    5    6    7    6    7    5    5    6    7    8    7    6
  13   13   13   13   10   11    9   12    9   19   14   13   12   12   13   12   12   12   12   12   10    9    9   13   13   14   12   12    9   11   11   12   10   14   10   14    9   11   13   12   10   12   13    9   12    9   10    9   11   13    9   12   12   12   10   12   11   13   19   13   13   11   13   11    9   10    9   12   11   13   11   11   13   13   14   11   20    9   14   14    9   11   10   12   13   12   13   12   10   13   11   11   10    9   12   19   13   11   23   11   10   13   11   12   13   13   14   12   21   12    9   10    9   21   13    9   21    9   12   13   14   12   10   14    9   12   13   11   12   11   12   13    9   12   14   14   10   12   21   10   19   12   13   14   11   23   12   10   10    9   10   13   10   11   13    9   10   10   13   12   10   10   10   12   12   11   11   13   13   10   14    9   10    9   14   10   12   12   21   11    9   12   12   10   13   11   12   11    9    9   11   14   13    9   10   13   12   13    9   13   12   10   10   11   13   12   10   21   10   11    9   10   12   11   10   10   20   12   11   13   11   12   13   14    9   13    9   11   11   13    9    9   12   11   11   10   11   13    9   11   20   12   11   12   11   11   10   11   12   10   22   10   10   11   12   11   10   10   11   19   14   22   14   13   10   12   12   13   10   19   10   13   12    9    9   12    9    9   11   10   12   23   14   11   12   14   13   10   12   10   22   12   14   12   14   11    9   14   11   10   13   13   11   11   12    9   13   10    9   10    9   12   14   11   13   11    9   11    9   12   12   11   10   12   11   21    9   13   11   11   14    9    9   14   11   13   13   23   10   11   10   13   11   11   14   12   13   12   19   11   11   10   14   10   12   12    9   14   13   13   13   11   22   13    9   12   13   12    9   10   11   14   12   10   13   12   13   12   10    9   11   12   12   11   12   11    9   20   14   12   11   12   11    9   12   13   12   12   14   12   19   22   11   10   12   13   10   11   12   11   23   12   14   10   12   10    9   10   13   13   11   14   19   12   13   12    9   11   11   12   19   22   12   12   14   11   13   10   14    9   14    9   14   12    9    9   13   12   13   21   12    9   22   10   14   10    9   14   10   14   10    9   11   21   10   10   10   12   13    9   14   13   13   13   12   10   10   10   10   13   20   12   12    9    9   20   13   21   10    9   14   14   13   12    9   13   14   10   10   12
  17   13   35   17   16   20   16   21   29   15   16   18   35   18   21   34   20   16   32   18   14   32   18   18   17   19   21   16   19   20   29   19   18   15   31   17   14   18   20   15   20   20   15   19   16   20   21   21   16   20   21   15   19   16   21   17   13   17   35   21   17   30   31   20   17   21   20   21   16   20   17   18   13   14   14   19   16   19   17   15   17   16   14   15   16   14   15   16   15   35   19   20   17   16   15   20   17   18   14   13   15   17   13   16   18   20   16   19   18   18   15   20   29   15   17   14   31   29   13   14   21   15   17   18   19   18   15   20   16   18   20   13   31   32   34   15   31   14   19   31   16   19   18   20   15   16   16   15   21   17   18   17   19   20   14   14   21   18   35   20   21   19   20   21   17   14   15   18   20   15   32   17   18   17   18   17   21   21   20   29   18   21   20   20   14   14   21   33   14   21   15   15   16   32   15   16   14   15   15   16   16   21   17   16   19   16   15   13   33   15   14   21   20   18   21   20   19   15   16   18   17   21   30   14   16   16   20   18   18   21   16   18   33   14   31   19   21   21   15   17   14   13   31   33   16   20   14   19   14   16   21   32   18   20   17   13   21   31   17   19   13   14   21   17   14   16   21   15   16   15   15   14   13   16   21   15   17   20   35   18   19   13   16   15   35   19   32   15   14   13   17   19   20   30   15   16   18   20   14   19   19   20   32   18   21   18   14   14   18   21   15   20   15   19   31   18   20   16   17   20   17   15   34   17   13   20   15   14   19   20   17   19   17   18   19   20   32   15   19   14   21   14   15   20   19   20   19   17   17   35   35   31   16   14   16   15   16   16   13   35   17   29   17   20   15   14   19   17   21   34   34   15   20   14   18   20   16   13   14   21   19   18   16   20   14   16   14   14   35   18   14   13   18   19   18   17   21   19   15   21   19   21   18   14   15   18   16   16   31   14   19   32   21   19   18   19   14   17   19   14   19   19   15   20   19   18   18   16   15   17   20   16   16   17   20   34   21   15   18   18   19   21   21   16   15   14   33   13   17   21   16   16   21   21   20   17   31   20   30   19   14   19   17   20   18   17   20   21   20   18   32   33   21   35   18   15   14   15   19   21   19   16   20   20   19   21   15   15   15   14   18   13   18   19   17   19   19   14   17   20
  13   13   17   23   16   14   13   13   11   13   11   16   14   25   16   15   11   12   11   11   24   15   13   17   13   12   10   16   27   15   16   23   13   17   27   28   14   15   14   14   14   13   15   15   14   12   13   16   11   11   16   12   12   27   11   16   16   11   11   12   12   16   12   13   14   16   12   15   25   17   11   13   12   15   15   13   12   25   26   26   16   15   15   14   27   12   11   15   14   25   15   10   27   13   15   28   12   12   26   16   14   15   13   15   12   13   14   13   24   11   26   11   11   15   11   13   13   12   12   15   25   12   14   15   12   15   11   13   14   13   15   16   11   15   11   14   12   12   13   15   28   15   24   15   14   27   12   14   17   26   16   16   11   15   13   12   16   15   16   13   13   12   12   11   11   11   14   14   14   17   11   26   13   16   14   12   16   14   14   26   12   13   13   16   15   16   14   17   14   15   11   15   16   14   15   15   16   13   11   27   14   14   13   11   14   16   17   14   13   13   27   17   13   16   13   17   12   12   12   13   16   16   12   16   26   14   12   16   11   15   14   11   13   16   11   11   14   15   12   16   16   17   16   13   17   23   12   14   13   11   16   23   14   15   13   26   15   13   16   13   27   12   12   15   15   11   13   12   13   16   16   17   16   23   16   13   27   11   13   12   11   14   11   13   16   14   16   11   16   15   12   23   16   15   16   12   13   11   13   15   13   17   16   12   15   14   24   11   16   15   16   16   12   13   14   14   13   14   14   15   23   13   11   15   13   12   13   17   17   14   16   14   16   12   17   11   14   15   11   13   12   10   12   13   16   25   13   15   15   11   17   12   12   15   15   16   16   11   13   13   11   11   16   15   12   14   12   11   13   14   11   14   14   14   14   11   12   28   16   13   17   16   14   15   12   11   25   13   17   17   12   15   16   23   13   15   28   15   16   14   13   13   12   11   16   12   17   11   16   14   16   11   14   11   14   17   12   11   14   14   15   16   12   14   16   11   25   27   15   14   11   16   13   23   13   16   15   11   13   16   11   16   12   11   15   13   13   17   16   14   15   16   17   15   14   26   16   15   15   14   11   16   14   16   14   16   16   14   15   11   11   12   16   16   14   11   12   17   17   16   23   11   17   15   16   11   13   13   15   13   23   13   13   16   14   27   15   12   15   17
  27   12   13   14   16   17   16   16   27   11   16   17   13   16   17   15   15   16   15   15   13   13   12   12   11   14   16   14   16   24   16   15   13   16   17   11   16   16   16   14   15   12   17   14   14   17   15   17   15   11   14   15   12   16   16   11   16   13   24   16   13   16   24   11   17   12   28   12   15   14   12   15   12   10   10   17   13   24   14   11   16   15   15   16   11   16   15   14   12   14   17   16   25   13   13   17   14   13   27   16   15   14   16   14   14   17   14   27   15   15   17   13   12   15   14   16   14   27   14   16   14   14   12   15   13   15   26   15   15   13   24   12   25   13   13   25   28   17   16   16   14   11   16   16   13   16   14   11   25   12   17   12   17   16   13   17   15   13   16   13   11   12   12   24   11   11   15   14   25   16   16   12   14   24   17   15   17   10   13   23   13   16   12   11   14   13   11   12   14   26   14   13   12   11   11   26   16   26   14   13   15   12   16   15   16   24   15   15   26   11   14   11   16   26   17   17   16   13   15   16   16   12   13   13   16   13   17   16   15   12   16   12   11   13   14   14   26   15   15   15   12   15   23   15   12   14   16   26   15   13   11   11   11   11   13   17   11   15   14   11   11   13   24   13   17   17   16   15   11   12   12   25   17   12   17   12   14   12   17   11   15   10   14   11   16   16   13   16   12   14   16   24   14   13   13   15   12   13   11   15   14   13   13   16   15   15   15   15   12   17   14   13   17   11   14   14   15   24   15   23   15   26   15   14   14   17   13   11   10   13   12   13   13   24   15   16   16   14   12   15   10   13   15   16   14   11   13   15   12   12   13   14   12   17   11   13   13   12   15   14   15   15   13   26   11   14   15   14   16   16   16   25   14   16   11   13   12   14   11   12   15   16   11   11   16   11   13   24   14   15   15   25   17   13   14   11   11   25   13   13   26   13   11   15   17   12   17   12   14   14   15   13   15   12   16   11   12   17   16   11   11   12   26   12   16   25   10   11   16   11   27   12   11   27   12   26   26   12   17   15   17   16   12   13   11   14   13   16   16   11   15   15   15   11   15   11   12   16   24   15   13   14   11   17   14   16   17   16   13   12   13   12   11   23   14   12   17   16   14   11   24   13   12   12   13   14   28   12   13   13   13   13   12   12   15   17   14   23   12   11
   8    7    7    6    8    6    7    7   11    6    6    7    5    8    8    6    7    5    5   11    7    7    5    6    7    7    5    6    7    6    7    7    8    5    7    7    6    6    5   12    7    8    6    6    7    5    7    8    5    7    5    7    5    6    6    6    8    8    6   13    7    5    8   11    7    6   13    5   11    5    6    5    6    5    5    7    8   11    6    7    6    7    8    5    8    6    8    6    5    7    6    7    6    7    6    6    7    6    6    7    5    6    5   11    7   11    7    6    7    6    5    7    5    8   11    6    5    6    6    7    5   12   11    7    8    7    5    8   11    8    5    5   11    7    7    7    6    8    6    8    6    7    5    7    8    7    7    7    5    6    6    8    5   12    7    8    7    7    7    7    7    6   13    6    6    8    7    8    6    7    5   13   13    5    5    7    6    5    7    6    6    6    6   12    7    7    7   12    7    6    7    7    5    7    6    6    6    5    8    7    7    6    7    6   11    7   11    7    7    5    7    6    8    7    8    7    6    6   12    6    8    7   12    7    5    5    7    7    6    5    5    6    6    8    6    6    7    8    6    7   11    8    7    5    6    5    7    8    6    6    6    6    6    8    8    8    7    6    7    7    6    8    6    6    6    7    6    7    6   12    6    6    7    5    7    6    5    7    6    8    5    7    5    5    6    5    7    7    6    6   13    7    6    6   11    7    6    8    8    8    5    7    5   13    7    7    6    8    6   11   12    5    7    5    6    7   11    7    8    6    6    6    7    7    7    7    8    5    6    8    6    6    7    7    7    5    5    8    6    6    6    8    7   13    5    6    7    8   12    5   11    7   11    6    5    8   12    6    6    8    6    7    6    7    7    5    8    6    6    7    7    6    7    8    7    7    5    6    6    7    7    6    8    6    5    8    5    7    7    7   12    7    6    6    8    6    6    7    7   11    6    8    6   11    8    7    5    5   13    8    6    6    6    7    7    6    6    7    6    6    7    6    6    7    8    8    7    6    8    5    7    7    7    7   13    6    8    5    6    7    8    6    7    5    8    6    7    6    7    6    7    5    8    6    6    5    8   13    6   11   12    7    6    5    7    6    6    5    7    7    8    8   13    7    7    7    6    6    8    7    7    6    7    6    5    6    7    5    7    7    6    8    5    8    5    7   12   11    7    6
  13   12   18   12   15   18   15   29   16   18   16   26   16   15   12   18   13   14   29   13   18   12   16   14   14   15   14   15   30   17   17   11   18   18   13   15   12   14   14   13   17   18   14   15   16   17   17   15   12   17   18   17   16   12   14   14   13   12   14   18   14   17   17   12   17   14   18   16   16   14   17   14   13   18   16   12   15   16   12   18   18   14   16   15   13   18   16   13   12   14   18   12   15   12   16   14   16   12   17   15   12   15   12   14   16   13   16   15   12   25   18   17   12   15   13   12   14   16   27   15   15   13   15   16   16   12   15   14   28   16   16   14   17   12   12   13   15   18   12   14   16   14   15   15   27   17   15   13   12   13   30   16   12   15   14   17   16   18   13   17   16   17   16   16   11   18   12   17   15   13   30   13   15   11   18   18   12   25   17   27   27   12   18   17   14   14   11   14   28   27   13   13   28   18   12   17   16   12   17   27   17   16   18   29   14   14   16   14   14   17   29   28   16   17   15   15   17   13   15   15   17   12   18   18   15   14   13   14   18   18   18   14   13   18   27   16   16   18   16   12   15   15   17   16   18   12   14   28   18   29   14   13   18   12   16   18   12   16   12   13   18   12   15   30   12   26   17   26   12   16   17   18   28   11   18   18   16   17   18   17   11   18   12   13   12   17   12   14   18   18   14   15   18   15   14   15   13   18   14   13   18   28   27   14   12   13   13   13   26   28   27   12   16   14   14   18   18   17   16   16   17   25   13   12   15   16   14   17   14   13   13   14   13   25   12   14   26   12   16   15   13   14   16   12   12   12   12   15   16   13   16   15   14   29   13   15   16   11   13   11   12   15   15   17   15   18   16   15   14   14   16   13   12   11   14   12   26   18   15   18   14   12   14   14   12   14   14   13   12   15   17   15   13   13   13   15   12   17   16   18   13   18   13   16   12   17   13   14   18   14   16   16   18   14   25   12   12   17   18   13   15   17   14   15   12   13   15   14   15   18   12   15   14   14   15   13   12   12   15   16   17   14   14   17   16   12   13   29   15   15   28   13   26   13   13   13   14   16   17   11   16   13   16   13   15   15   16   18   15   15   17   30   18   13   15   14   18   17   16   16   13   18   14   29   28   14   15   14   14   15   18   13   13   16   12   12   16   18   12   17
  15   21   18   16   31   22   23   18   14   17   17   18   37   22   19   35   19   16   19   22   15   18   18   23   20   35   19   32   19   19   16   22   21   23   21   18   19   20   14   20   17   23   16   19   20   21   23   14   21   16   19   16   36   15   20   34   22   18   19   16   19   16   16   17   20   17   21   23   16   18   20   38   20   16   18   20   36   36   20   20   20   19   16   15   18   15   18   20   23   17   16   14   21   23   15   19   19   18   19   18   22   31   19   20   20   20   20   19   14   17   18   22   22   15   23   16   23   22   14   18   16   19   23   14   21   18   22   17   19   19   20   16   18   16   17   15   15   19   37   21   35   14   32   18   19   23   17   37   22   22   22   15   21   14   19   17   22   23   17   20   19   17   19   21   15   16   32   20   22   18   15   17   18   17   21   20   15   19   15   15   20   22   18   14   20   15   21   17   15   34   20   19   19   23   15   23   33   20   17   17   16   22   22   20   17   16   16   20   18   35   19   16   17   16   18   20   20   14   19   14   15   32   18   15   14   19   21   21   14   21   15   33   17   16   22   19   22   32   33   17   23   19   16   21   33   21   37   17   15   18   17   16   19   19   33   35   15   23   21   20   19   17   19   20   19   16   37   17   16   17   17   17   21   19   17   14   15   21   16   22   19   22   18   20   21   21   34   16   37   33   17   22   16   33   19   22   20   16   21   19   20   21   17   16   17   20   16   21   23   15   37   14   19   20   15   21   22   16   17   21   19   19   17   17   22   16   17   17   21   37   19   32   17   33   38   21   33   35   23   17   17   38   18   32   14   18   15   14   18   22   21   23   20   15   18   18   21   20   36   22   35   19   17   21   17   36   16   20   17   17   17   18   22   17   16   37   19   17   17   34   15   22   20   16   17   20   19   20   20   17   22   35   15   15   22   34   33   18   17   19   31   32   19   22   22   16   15   18   19   23   19   22   21   16   19   23   18   21   34   20   21   21   16   15   14   16   34   16   21   22   15   21   23   22   20   16   16   15   14   20   17   22   20   22   22   21   19   31   14   17   16   18   15   17   22   20   19   22   15   17   15   18   17   16   14   22   20   19   18   21   15   21   23   20   14   22   20   17   20   20   22   18   21   20   36   17   19   14   19   35   19   21   17   16   15   21   16   17   19   18
