spsp
10
2
500
27 6 17 25 4 20 10 15 23 38 
52 35 47 53 39 56 43 41 50 74 
10 10 
0.002 0.002 0.002 0.002 0.002 0.002 0.002 0.002 0.002 0.002 0.002 0.002 0.002 0.002 0.002 0.002 0.002 0.002 0.002 0.002 0.002 0.002 0.002 0.002 0.002 0.002 0.002 0.002 0.002 0.002 0.002 0.002 0.002 0.002 0.002 0.002 0.002 0.002 0.002 0.002 0.002 0.002 0.002 0.002 0.002 0.002 0.002 0.002 0.002 0.002 0.002 0.002 0.002 0.002 0.002 0.002 0.002 0.002 0.002 0.002 0.002 0.002 0.002 0.002 0.002 0.002 0.002 0.002 0.002 0.002 0.002 0.002 0.002 0.002 0.002 0.002 0.002 0.002 0.002 0.002 0.002 0.002 0.002 0.002 0.002 0.002 0.002 0.002 0.002 0.002 0.002 0.002 0.002 0.002 0.002 0.002 0.002 0.002 0.002 0.002 0.002 0.002 0.002 0.002 0.002 0.002 0.002 0.002 0.002 0.002 0.002 0.002 0.002 0.002 0.002 0.002 0.002 0.002 0.002 0.002 0.002 0.002 0.002 0.002 0.002 0.002 0.002 0.002 0.002 0.002 0.002 0.002 0.002 0.002 0.002 0.002 0.002 0.002 0.002 0.002 0.002 0.002 0.002 0.002 0.002 0.002 0.002 0.002 0.002 0.002 0.002 0.002 0.002 0.002 0.002 0.002 0.002 0.002 0.002 0.002 0.002 0.002 0.002 0.002 0.002 0.002 0.002 0.002 0.002 0.002 0.002 0.002 0.002 0.002 0.002 0.002 0.002 0.002 0.002 0.002 0.002 0.002 0.002 0.002 0.002 0.002 0.002 0.002 0.002 0.002 0.002 0.002 0.002 0.002 0.002 0.002 0.002 0.002 0.002 0.002 0.002 0.002 0.002 0.002 0.002 0.002 0.002 0.002 0.002 0.002 0.002 0.002 0.002 0.002 0.002 0.002 0.002 0.002 0.002 0.002 0.002 0.002 0.002 0.002 0.002 0.002 0.002 0.002 0.002 0.002 0.002 0.002 0.002 0.002 0.002 0.002 0.002 0.002 0.002 0.002 0.002 0.002 0.002 0.002 0.002 0.002 0.002 0.002 0.002 0.002 0.002 0.002 0.002 0.002 0.002 0.002 0.002 0.002 0.002 0.002 0.002 0.002 0.002 0.002 0.002 0.002 0.002 0.002 0.002 0.002 0.002 0.002 0.002 0.002 0.002 0.002 0.002 0.002 0.002 0.002 0.002 0.002 0.002 0.002 0.002 0.002 0.002 0.002 0.002 0.002 0.002 0.002 0.002 0.002 0.002 0.002 0.002 0.002 0.002 0.002 0.002 0.002 0.002 0.002 0.002 0.002 0.002 0.002 0.002 0.002 0.002 0.002 0.002 0.002 0.002 0.002 0.002 0.002 0.002 0.002 0.002 0.002 0.002 0.002 0.002 0.002 0.002 0.002 0.002 0.002 0.002 0.002 0.002 0.002 0.002 0.002 0.002 0.002 0.002 0.002 0.002 0.002 0.002 0.002 0.002 0.002 0.002 0.002 0.002 0.002 0.002 0.002 0.002 0.002 0.002 0.002 0.002 0.002 0.002 0.002 0.002 0.002 0.002 0.002 0.002 0.002 0.002 0.002 0.002 0.002 0.002 0.002 0.002 0.002 0.002 0.002 0.002 0.002 0.002 0.002 0.002 0.002 0.002 0.002 0.002 0.002 0.002 0.002 0.002 0.002 0.002 0.002 0.002 0.002 0.002 0.002 0.002 0.002 0.002 0.002 0.002 0.002 0.002 0.002 0.002 0.002 0.002 0.002 0.002 0.002 0.002 0.002 0.002 0.002 0.002 0.002 0.002 0.002 0.002 0.002 0.002 0.002 0.002 0.002 0.002 0.002 0.002 0.002 0.002 0.002 0.002 0.002 0.002 0.002 0.002 0.002 0.002 0.002 0.002 0.002 0.002 0.002 0.002 0.002 0.002 0.002 0.002 0.002 0.002 0.002 0.002 0.002 0.002 0.002 0.002 0.002 0.002 0.002 0.002 0.002 0.002 0.002 0.002 0.002 0.002 0.002 0.002 0.002 0.002 0.002 0.002 0.002 0.002 0.002 0.002 0.002 0.002 0.002 0.002 0.002 0.002 0.002 0.002 0.002 0.002 0.002 0.002 0.002 0.002 0.002 0.002 0.002 0.002 0.002 0.002 0.002 0.002 0.002 0.002 0.002 
  30   21   32   29   27   28   28   29   28   18
  52   53   31   28   38   28   28   40   45   36
  10    6    6   10    8    2    4    9    8    6
   7    3    5    9    7    2    5    6    7    7
   5   25   21   18   20    9   24    7    9   25
   4   15   14   15    5   13    7   11    5    5
   6    7    8    5    6    6    6   11    6    6    7    7   11    7    7    5    7   11    6    6    7    7    7    7    7    5    8    7    8    6    8    7    8    6    7    8    6    5    7    5    7    7    5    5    6    5   13    6    8    5    6    6    5   13    5    6    5    6    7    6    6    6    6    7    5   12    6    6    7    7    6    7    8    7    7    6    6    6    6    6    8    6   13    5    6    6    7    5    6    7    6    5   12    7    6   12    6    7    6    8    8   12    6    7    7    7    7    8    6    6    7    6   12    8    7    6    5    6   12    6    7    5    5    7    5    7   12    6    7    5    6    7    6    6    7    6    8    5    6    6   13    7    6    8    8    7    7    7    5   11    7    7    6    8    8    6    6    5    6    7    6    6    8    6    5   13    6    5    6    6    5    6    7    5    6    7    7    8    6    7    6    6    6    7    8    8    8    7    7    5    6    8    7    5    6   11    6    7    7    5    7    5    7    7    8    7    6    7    7    7    7    8    7    5    6    7    6    6    7    7    7    6    5   12    7    7    7    8    5    5    6    7    7   13    5    5    7    6    7    7    5    6    7    6    6    6    7    5    6    6    6    6    6    7    6    8    7    8    6    8    8    5    6    7    6    5    5    6    6    5    7   12    7    8    8    8    6    6    8    8    7    7    7    7    8    7   12    5    6    6    7    7    5    6    6    6    7    7    6    6    6    8    6    7    6   11    5    7    5   12    5    8   13    7    6    5   11    6    7    8    8    6    6    6    5   12    8    6    7    5    6    7    6    8    6   11    7    6    6    6    5    5    5    6    6    5   11    5    5    7    5    7   12    7    6    5    7    7    7    6    7    5    6    7    5    6    7    5    5    8    5    5    7    7    7    6    8    5    6    7    6    5    6    7    7    5    5    6    5    5    7    7   12    7    7    8    6    6    6    5    6    7    6    7    5    5    7    7    7    5    5    6    6    6    7    6    5   12    6    7   11    6    7    8    7    6    7    6    6    7    6    6    6    7    6    5    6    8   12    7    7    5    6    5    6    7    7    5   12    5    7    7    7    6    6    8    8    8    7    6    6    7    7    6    7    7    8    7   12    8    6   11    7    5    6    7    8    7    8    8    6    7    5    6    6    5   13    7    7    7    6    6    8    7    7   11   11    7    8    7
  34   29   90   27   32   78   31   37   30   25   27   36   28   28   38   27   29  100   36   32   89   94   33   26   38   33  100   25   32   37   33   27   89   33   24   28   25   26   24   27   30   32   25   97   30   32   32   32   24   29   30   31   34   24   30   95   28   34   26   26   29   76   32   33   24   23   26   77   33   36   35   33   31   37   24   32   33   37   37   26   37   27   36   27   28   35   32   33   30   30   33   98   27   25   26   32   35   37   33   31   38   28   85   25   79   36   32   33   31   35   36   32   77   23   32   35   24   25   24   27   36   34   31   33   25   37   79   33   34   29   34   34   37   31   82   37   27   26   35   33   27   25   36   88   33   88   80   27   29   33   29   28   32   25   27   36   37   36   37   31   26   32   31   88   29   27   28   31   34   35   26   35   23   31   32   36   24   28   29   26   36   33   30   38   30   28   36   28   34   36   30   34   26   31   31   86   30   37   27   34   26   32   26   31   34   36   25   26   31   23   34   24   26   31   37   36   26   33   31   32   33   27   29   36   36   96   23   27   29   31   83   36   25   36   33   30   37   27   32   30   34   36   30   26   24   26   34   37   29   92   30   32   31   32   30   29   32   78   36   23   25   24   32   33   30   34   33   24   76   36   31   84   32   35   27   30   94   27   36   35   36   36   31   26   35   34   84   28   35   27   29   23   27   27   29   26   30   26   32   31   93   37   32   77   38   30   29   26   23   28   89   29   35   89   94   38   37   29   37   25   31   33   25   27   91   25   35   36   31   25   36   24   36   29   25   36   27   24   34   29   36   24   29   29   32   36   96   34   24   23   31   26   27   24   29   30   28   32   28   25   34   33   32   36   36   25   34   33   31   31   30   85   27   36   81   32   31   33   28   35   35   25   97   97   31   88   24   99   29   34   29   89   30   37   88   87   26   35   31   31   26   25   33   26   32   25   23   30   33   25  100   30   27   35   23   37   29   27   38   27   28   78   35   31   34   30   30   25   92   31   95   30   32   28   98   37   31   37   29   35   24   77   25   35   36   29   27   24   32   38   27   35   24   26   28   34   35   33   35   37   37   32   24   25   32   88   81   33   34   35   28   93   24   33   25   88   24   36   31   24   27   32   29   37   27   30   36   26   24   30   32   29   30   34   37   37   27   34   84   25
  65   27   24   28   65   27   66   20   29   22   25   26   31   77   27   32   28   22   20   20   30   25   27   69   71   28   77   24   22   31   24   29   24   21   26   28   30   25   22   20   30   25   20   29   21   30   28   83   28   20   26   20   28   27   29   24   24   73   25   68   20   29   27   20   27   24   28   20   28   32   24   24   23   28   30   25   21   30   23   25   83   27   20   20   25   20   75   24   21   24   26   21   28   28   84   27   26   22   19   26   24   19   27   22   30   25   81   22   25   31   80   31   21   23   20   22   81   32   84   31   20   31   19   30   20   21   25   31   23   22   20   19   25   28   21   21   28   29   27   28   26   20   25   77   76   25   22   32   25   21   19   28   25   27   78   66   21   28   29   31   20   20   64   20   20   26   22   24   27   23   30   26   24   32   22   27   23   22   20   23   31   24   25   29   31   83   23   22   26   72   20   76   28   24   22   78   25   31   27   31   25   28   26   24   24   28   21   29   20   31   27   20   30   20   28   28   28   20   28   84   82   29   25   28   23   20   23   27   31   29   27   30   30   67   29   24   29   29   26   20   20   21   28   26   23   29   26   27   24   29   25   28   28   24   20   32   29   29   29   66   26   20   79   21   24   25   29   64   28   30   20   29   29   30   25   25   23   20   30   30   28   29   31   24   32   20   26   29   23   25   27   66   26   21   25   24   31   25   27   26   27   72   31   71   29   26   21   31   30   64   28   28   27   23   25   30   24   25   29   25   32   31   31   31   24   27   22   30   22   23   31   72   21   28   26   23   30   21   28   23   28   25   29   31   26   28   28   31   26   32   29   29   25   23   25   29   26   82   31   30   22   24   20   78   31   31   31   70   29   29   28   26   20   31   25   23   78   26   26   31   21   21   20   27   79   26   29   29   29   27   20   28   32   23   22   28   26   25   68   31   26   21   71   24   26   23   30   23   32   29   28   31   24   25   25   24   29   26   23   27   32   65   67   76   20   30   24   21   28   27   28   23   30   64   19   21   22   23   25   29   30   30   20   28   21   30   21   31   20   29   25   31   21   21   69   30   26   31   68   29   29   27   20   31   23   29   30   23   23   69   29   28   70   29   27   20   30   24   30   24   28   23   27   32   29   25   24   26   21   26   21   21   31   23   28   27   24   21   24   24
  23   22   18   20   23   27   22   65   25   19   57   27   23   23   61   21   22   22   26   21   17   18   26   26   18   23   27   22   20   20   59   64   27   20   17   21   22   21   18   18   21   19   25   26   22   65   26   20   26   17   21   20   25   25   20   19   18   65   17   23   22   27   25   26   69   21   23   20   18   23   23   27   71   27   20   23   19   18   25   25   26   19   25   17   21   22   19   23   25   57   19   19   55   25   23   22   19   17   20   26   24   25   22   27   22   19   23   61   71   18   20   19   26   23   27   72   25   22   24   18   19   25   17   22   20   25   24   17   27   61   23   27   26   19   24   23   65   18   18   24   18   25   25   24   19   18   17   23   24   25   69   68   24   25   20   25   27   26   20   22   23   62   18   18   20   21   27   21   21   27   23   23   24   26   60   20   18   20   18   25   24   27   71   26   23   26   24   24   20   18   21   27   24   70   27   26   21   26   18   18   25   26   24   25   21   20   18   22   24   19   23   20   18   22   26   26   17   18   24   20   20   18   26   21   19   66   18   20   18   24   25   26   17   22   22   18   70   23   18   26   27   21   20   23   18   26   22   26   23   22   26   22   65   24   19   19   26   24   23   20   26   24   20   70   24   21   23   27   26   26   19   17   20   25   24   22   59   20   20   19   20   27   55   17   22   23   26   23   21   23   21   25   24   69   17   22   70   72   20   19   71   20   24   23   23   25   23   24   20   26   22   25   27   20   26   18   66   58   22   17   24   17   17   23   24   27   22   22   19   27   21   19   26   17   63   60   17   20   27   20   21   27   18   25   18   21   20   25   23   24   24   24   21   25   27   19   19   26   27   24   18   27   21   19   27   25   22   57   24   56   18   23   25   62   17   23   19   17   56   24   22   25   24   60   25   18   24   24   18   26   27   59   25   23   25   22   20   25   22   19   22   20   23   66   18   21   25   23   27   20   27   24   25   22   21   20   67   21   17   63   25   23   20   21   19   67   20   23   20   22   23   20   19   18   62   23   20   24   21   21   19   17   17   26   27   72   17   20   25   22   20   55   21   19   72   27   25   23   19   24   24   27   19   20   27   27   18   27   26   17   24   23   18   17   20   22   27   65   26   17   60   22   22   19   18   23   26   72   19   19   23   24   19   18   26   25   23   67   56   17
  27   24   30   26   25   28   21   28   26   27   26   27   26   27   21   30   27   19   22   65   27   27   27   26   62   30   25   27   21   75   27   25   24   28   25   23   27   26   25   19   28   28   20   26   62   19   24   29   20   22   27   80   22   69   26   19   21   24   23   27   20   24   20   23   20   22   23   22   26   27   27   24   26   28   30   25   21   20   20   28   29   67   25   29   29   27   19   25   25   27   19   24   19   29   68   25   28   28   30   19   25   25   21   30   19   23   26   28   24   26   30   22   30   29   21   80   25   28   19   22   26   64   22   29   22   23   26   28   24   19   22   23   20   29   26   30   29   27   21   21   61   25   24   28   25   29   24   20   29   25   30   23   22   19   26   19   25   26   20   26   22   23   19   27   21   27   25   28   20   27   19   24   20   19   23   19   30   30   30   19   25   65   23   77   21   21   20   29   24   22   22   29   22   62   30   30   25   65   20   29   24   19   19   19   20   26   22   76   22   63   20   26   30   19   24   20   21   66   29   27   22   23   30   25   21   22   25   66   22   23   27   30   24   26   29   20   26   30   30   26   19   19   21   30   28   22   66   26   29   19   29   19   21   23   20   20   25   62   68   30   24   23   19   23   24   23   28   20   23   26   29   24   30   23   80   27   27   23   29   79   19   25   19   26   26   19   23   27   19   29   28   19   30   23   24   30   28   20   23   26   19   22   19   29   22   28   28   21   19   26   20   28   24   22   24   26   66   30   67   28   24   26   26   20   22   71   22   28   19   26   29   29   30   27   25   26   21   29   20   19   22   73   22   22   28   27   28   23   19   21   25   26   26   20   19   25   22   19   65   21   27   28   30   22   19   29   27   28   21   21   77   26   20   26   29   28   30   62   22   28   20   29   71   24   30   29   28   61   62   24   72   20   22   23   26   19   23   71   67   29   23   24   24   27   27   24   26   30   21   22   21   66   26   19   21   27   25   25   24   26   20   21   28   26   24   28   20   25   29   29   21   24   27   28   25   25   21   29   24   73   23   23   21   20   30   24   25   28   25   20   69   19   30   27   28   25   30   19   26   26   23   24   23   20   22   24   19   23   30   26   25   29   20   22   22   19   27   66   30   22   25   25   22   28   25   30   22   70   21   20   24   28   27   77   30   26   30   23   25   78
  10   11   13   12   10   14   14    9   19   14   13   10   14   13   22   10   12   10   19   10   10   12   13   20    9   14   10   13   12   12   10    9   10   13   11   14   11   13   11   22    9   11    9   13   11   19   14   11    9   11   12   14    9   13   14   10   14   11   10   14   21    9   13   11   12   22   12   13   11   21   12   11   11   11   10   23   10   22   12   11    9   12   11   13   14   21   11   14   13   11   14    9   13   12   10   10   12   13   12   10   13   12    9   14   10   13   11   20   12   11   13    9    9   11   12    9   13   12   11    9   12   12   12    9   14   12   10    9   10   13    9   10   13    9   11   12   11   13   10   10   10    9   12   13   11   11   12   10    9   13   10   21   13    9   13   10   13   22   14    9   12   23   14    9    9   11    9   10   13   11   11   13   14   12    9   21   12   14   13   22   10   12   22   10   12   13   10   12    9    9   11   14   14   12   20   23   13    9   10   10   12   19   12   13    9   13   11   11   14   10   12   11   13   14   11   12   12    9   19   11    9   11   11   11   12    9   13   12   13    9   13   13   21   23   13   14   13   22   21   14   10   12   21   12   21   11    9   13   10   13   12   10   14   12   13   10   12   13    9   13   11    9   12   11   13   12   12   11   10   21   12   14   12    9   23   10    9   12    9   11   14   23    9   12   10   10    9   10   22   12   20   23    9   10    9   13    9   21   11   12   12   13   11   11    9   12    9   11    9   19   11   19   12   13   11   11   21   12   13    9   10   11   11   10   10   14   13   21   11    9   10   14   11   14   11   22   11    9   10    9   19   22    9   11   10   10   23   14   13   10   21   20   13    9   12   20   13   14    9   10   12   12   13   12   12   10   10   11   10   12   12   14   11   12   10   13   22   11   10   14   13   12    9   11   14   12   12   11   10   13   14   20   10   10   13   10   14   13   11   11    9    9   11   11    9   13   10   12   13   14    9   10    9   12    9    9   10   21   13   13    9   10   12   11   10   10   19   11    9   12   13   10   12   11    9   13   23    9   13   12   10   14   10   12   14   12    9   11   11   11   11   10   20   11   12    9   23   14   13   10   13   12    9   13   13   20   13   11   11   10    9    9   12   11   10   13   12   11    9   11   13   13   13   10   12   11    9    9   21   11   12   11    9   12   10    9   13    9    9    9
  31   35   25   24   24   29   23   23   33   26   36   86   26   30   36   24   24   34   23   33   34   32   28   35   31   25   32   30   34   22   36   34   28   29   35   24   27   34   35   25   81   33   27   25   29   31   28   26   23   30   26   32   84   33   33   78   29   25   22   35   30   25   36   29   92   24   34   33   33   32   36   26   35   23   29   33   23   93   31   27   29   22   36   30   82   35   25   25   35   24   32   31   25   32   26   25   31   29   27   24   26   75   26   30   28   35   24   27   30   29   28   27   91   33   81   34   30   85   28   26   29   25   33   24   29   35   31   23   86   25   23   25   36   27   22   36   28   30   24   29   28   34   32   25   33   28   25   29   27   24   33   24   83   24   24   24   32   34   23   35   36   36   31   34   28   23   28   36   36   28   27   29   23   33   36   33   30   29   25   75   36   31   33   25   26   25   30   28   36   24   35   29   25   31   34   23   24   30   36   32   32   28   84   34   27   35   22   33   26   25   23   27   26   24   26   32   33   35   32   34   34   33   35   30   25   23   25   85   34   24   33   22   27   35   30   24   23   24   82   32   35   25   31   31   29   33   76   35   29   33   30   27   22   34   23   75   30   24   32   25   32   31   29   79   31   26   34   27   36   83   27   33   36   28   24   34   27   27   29   30   31   31   26   30   24   24   25   30   36   32   26   92   23   88   86   23   27   36   27   82   24   24   36   26   27   29   26   28   36   26   90   30   36   23   80   77   35   27   31   35   31   25   22   31   33   25   24   24   23   25   23   25   85   26   29   29   25   31   35   36   36   33   31   29   34   29   33   24   35   30   79   86   32   36   23   36   29   25   26   36   36   30   31   28   34   32   24   24   32   36   29   36   34   22   30   29   27   28   33   91   35   26   23   35   34   34   25   33   25   27   33   32   36   31   30   33   25   22   28   36   32   29   25   23   34   35   26   83   29   22   28   31   36   26   32   30   32   84   35   35   34   24   30   27   27   30   33   29   26   32   30   26   31   25   95   32   26   26   24   35   31   25   31   32   36   33   32   33   31   30   26   33   76   23   92   34   27   35   91   29   26   27   24   30   28   35   29   27   24   22   36   96   25   30   31   34   30   31   96   25   24   23   23   77   26   25   73   31   23   25   28   35   32   31   28   28   25   35   23   31
   7    8    8   15    9    8    7    7   11    9    9    9   10    8    8   10   10   11    9   10    8    7   10   10    7    8    9    8    8   10    9    7   17   10   10    9    7    8    7    8    9    7    8   16   11   11   10    8   10   17   10   11   10    7    7   11   10    8    8    8    8   10   18   10   11    9    9   10   10   17   15   10    9    7    7    8   15    8    7    8    9   10    9    9    7    7   10   10    8    9   11    8   10   11    8    7    8   11    8   11   17   16    9    8   10   10    7   10    9   10    7    9    9   10    9   11   11    7    8    8   10   10    9   10   11    7   11    9    8   10    8    8    8    9    7   17   16   17    7   10    8    8    7    9    8   11    9    7   16    9    8    7   10   11   10   11    9    9   11    8   10    7   10    9    8   10    9    9    7    9    8    7    9    8    7   10    8    7   10   16    9    8   10    8    7    8   11    9    9   17   10    9   16    9    9    7    8    9   10   11   10    7    7   10   11    7   16    8    9   11    8   11    8    8   11    7    8    8   10    8   11    8    7    8   10   10    9    8    8   15   11    9   11   10    7   10    9    7    8    7   10   10    8   18   10    7   10   10    9    8   15    8    8   10    7   10    8    7    8    9    7    7   10   11    9    7   10   10    7   11    8    7    9    8    9    8    7   16   10   10    8    8   17    9   11   10    9   10   10    8   10   11    9   10    7    7    8    7   11   11    7    7   10    7    8    9    9    8    7    9    7    7    8    9   10   10    9    9   10   11    8    9    8    7   10   11    9   10   10   10   11   16    8   10    9    8    7   10    8    8   16    8    9   11   10    8    8    9    7    8   11   11   16   17   11    7    8    7   11   10    7   11    7   11   15    7    9    8   11    9    8   10   10    8    9    7    9   10    8    8    7   11   16    9   17   18    7    7    8    8    8    8    8    7    8    8   10   16   10   15   10   11    9    8    9   10    8   17    8   10    9    8    9   10   10    8   11    8    7   17    8   11    7   10   11   11    8    7   11    8   10   17    7   17   11    7    9    8    9    8    8    7    8   15    7   18   10   10    8    7   10    8    7    8    9   11   10   10    9    8    8   17    8   11    9   10   11    9   10    7   11    8    9    9   10   17    9   10    9    7    8   10   10   11    8   15    7    7    9   10   11   18    7    9    8   17   16   10   10    9
  19   10   12   11    9   13   13    9   12   10   23   12   10   12    9   13   10   10   10   13   13   10   11   10   20   11    9   13   13   20   10   13   13   12   10   10   13   19    9   13   12   13   10   11   13   13   10   13   14   22   22    9   11   13   11    9   14   10   22   14   23   12   12   11   13   13   12   10   12   22   10   13   14   12    9   10   11   12    9   14    9   10    9   13   11   10   12   10   13   12   11   22   13   11    9   13   14   13   11    9   10   10   12   13   11   10   14   11   10   11   10   10   14   19   19   20   14   14   13   11   13   11   23   10   13   12   14   12   11   13   13   12   12   14   10   13   13   14   11   14   10   13   11   10    9   11   10    9   10   13   10   14    9    9    9   10   11   14    9   11   13   14   12   12   20    9   21   13   10   12   12   13   11   21   10   10   23   23    9   12    9    9   10   20   12    9   11   11   11   11   13   12   10   10    9   10   11   13    9   10    9   11   10   21   13    9   11   12    9   13    9   22   11   13   11   11   13   13   14   12   12   11   19    9    9   11   11   12   10   10   13   12   14   11   13   13   12   12   13   11   12    9   10   11   11   10   21   10   12   12   13   11   14   11   13   11   13   13    9    9   12   14   13   10   11    9   13   11   12   12   11   10    9   13   13   13   11    9   10   10   10   10   11   11    9   13   13    9   10   13   14   12   13   12   10   11   14   13   11   13   12   11   11   12   13   13   10   13   11    9   11   13   13   11    9   11   14    9   10   12   12   13   10   10   13   11   13    9   13   22   13   13   10   14   11   22   19    9   13   10    9    9   20   10   13   10   13   10   12   11    9   13   19   12   12   12   11   12   12    9   14    9   12   11   13   10   12   13   22    9   13   13    9    9   13   14   20   11   13    9   13   13   11   10   12   10    9   11   13   11    9    9   12    9   13   11    9   11    9   12   11   10   13   12   12    9   13   10   12    9   12   10   12   21    9   12    9   13   10   10   10    9   11   12   12   13   12   14   10   13   14   10   14   11   10   10   21   11   13   12   10   11   11   10   10   10   11   21   10   13   14   11   11   11    9   10   12   12   10   10   14   11   10   13   19   13    9    9   13   10   13   11   11   13   10   21   13   13    9   10   14    9   10   11   13   11   11   13   11    9    9   10   11   11   12   13   12   12   21   11
  38   28   35   26   24   33   34   34   93   33   31   37   31   25   28   24   33   36   34   92   94   23   28   25   29   34   93   31   37   26   28   33   31   29  100   32   35   32   30   31   34   95   32   37   33   35   24   28   27   91   27   93   26   35   35   24   24   36   30   33   34   36   25   36   76   99   30   29   36   36   31   27   36   99   37   24   27   34   36   35   31   35   35   28   28   31   34   29   29   23   33   30   33   28   23   91   37   37   83   23   28   28   29   38   24   28   37   32   27   31   89   37   37   25   26   31   35   31   33   35   23   26   37   24   28   27   26   96   38   77   34   27   36   25   29   37   26   36   26   32   24   26   32   33   23   28   27   27   37   26   25   26   99   26   34   36   32   30   36   79   34   30   30   27   31   87   33   37   35   35   30   32   28   37   33   34   31   27   37   24   26   28   24   32   87   24   24   87   37   28   32   32   98   26   23   35   35   26   36   26   89   35   29   35   88   31   29   35   30   25   94   31   36   29   33   90   25   24   34   24   33   24   30   33   33   91   38   24   86   29   96   29   35   35   23   36   37   36   24   77   23   33   36   29   37   38   24   26   37   37   28   31   28   23   37   23   85   34   38   33   38   25   36   34   25   37   30   34   37   28   24   27   24   26   25   34   33   82   34   33   76   32   32   32   25   24   32   94   30   28   33   29   31   26   25   97   97   29   35   26   26   37   36   26   35   28   29   37   33   79   31   33   33   28   35   91   25   93   26   37   36   36   36   27   37   28   31   26   24   26   32   92   29   26   28   24   35   34   27   27   35   24   36   28   31   24   37   25   28   33   35   30   31   24   88   28   32   33   32   35   30   36   34   34   30   27   37   25   36   36   37   31   26   25   32   34   38   37   36   36   37   24   37   99   25   29   26   78   33   36   30   36   35   32   25   27   27   91   27   23   33   85   36   28   90   36   37   24   26   27   26   28   24   25   23   30   76   35   31   29   27   36   30   36   23   29   29   36   38   35   26   34   29   29   89   24   33   33   25   25   96   29   25   26   38   24   28   23   26  100   99   27   36   91   24   34   31   30   32   23   24   24   78   37   26  100   24   24   37   30   26   28   28   24   36   25   36   35   35   31   34   31   37   24   34   38   38   34   29   32   32   35   27   25   33   26   32   37   34   27
   5    4    6    9    6   10   10    6    5    5    6    6    6    4    6    6    6    5    4    6    6    6   10    5    6    5    5    5    6    6    5    5    6    4    6    5    5    6    4    4    5   10    6    5   10    6    6    6    6    6    5    6    5    5    5    6    9    6    9    6    5    6    6    5    5    6    6    6    6    6    5    5    6    6    6    6    6    4    6    5    4    5    4    4    4    9    5    6    6    4    4    6    6    4   10    5   10    5    5    6    6    4    5    6    4    5    6    9    6    6   10    5    5    5    6    6    6    6    5    4    6   10    6    6   10    5    6    6    6    6    5    6    5    6    5    6    6    5    6    6    5    6    6    6    5    6    5    5    5    5    6   10    6    4    4    5    5    4    6   10   10    5    5    6    5    5    6    6    5    6    6    5    5    6    6    5    5    5    5    6    5    6    5    6    6    5    5    5    4    4    5    5    6    4    4    5    6    6    6    5    5    6    6   10    4    6    4    5    6    5   10    6    5    5    5    5    5    5    5    5    5    5    5    4    6    6    5    5    5    5    4    6    9    5    5    5    4    9   10    6    6    5    5    6    5    6   10    5    5    9    6    5    5    5    5    5    4   10    6    5    4    6    5    5    6    5    6    5    4    5    5    5    5    6    9    6    6    5    6    6    5    4    6    6    9    5    9    4    5    5    6    5    5    5    5    5    6    5    6    6    6    4    6   10    5    6    6    5    4    5    6    6    5    4    5    6    5    6   10    4    6    9    5    5    5    6    5    6    5    5   10    4    5    6    5    6    6    9    5    5    6    6    6    5    5    5    6    9    6    6    5    5    6    6    5    9    5    5    6   10    9    5    5   10    5    4    4    5    6    5    5    6    5    6    6    5    6    6    5    6   10    6   10    5    5    5    6    4    5    4    6    6    5    4    6    6    6    5    5    5    6    9    5    6    5    6    6   10    5    6    5    5    5    6    5    4    6    4    6    6    6    5    6    6    4    9    6    4    6   10    5    6    6    4    4    6    5    5    6    5    5    5    6    6    5    5    6    5    5    5    6    6    5    6    6   10    4    5    5    6    5    6    6    5    5    6    4    4    6    5    6    4    5    6    6    6    5    9    5    5    6    6    6    6    5   10    5    5    5    6    5    6    9    6    5    6    4    6    5    6
  18   16   18   15   20   17   22   16   17   14   18   17   22   18   19   16   32   14   21   16   35   19   37   18   14   15   18   14   17   18   16   23   17   37   14   22   14   19   14   23   15   16   20   21   21   14   23   15   34   21   16   19   19   23   17   20   21   17   22   16   21   19   21   16   23   21   37   14   14   23   17   21   18   22   21   34   18   18   23   18   17   17   17   19   21   20   17   22   20   32   18   19   19   18   20   17   17   16   18   17   15   33   16   15   32   20   19   22   21   16   16   20   21   17   23   21   19   18   15   31   18   21   21   21   22   19   18   17   33   21   22   21   18   23   20   18   21   35   22   19   20   18   18   22   17   18   19   15   15   19   16   18   20   17   23   15   21   20   17   33   17   17   23   15   16   23   21   16   31   21   15   19   22   21   23   19   18   16   17   15   23   15   15   20   21   18   23   17   16   18   20   15   21   21   33   19   17   16   34   16   15   21   22   20   31   18   15   14   20   20   20   15   16   20   18   22   17   21   37   15   15   17   19   22   14   19   16   18   14   16   19   21   20   21   23   20   16   16   23   19   20   22   36   21   19   20   21   15   22   18   36   32   17   19   34   23   20   36   19   22   17   34   15   15   19   17   22   23   32   20   35   21   16   18   17   16   20   22   18   16   35   21   19   14   17   23   21   18   21   15   20   22   14   36   19   14   20   19   16   22   17   15   21   36   17   22   31   15   22   15   17   21   20   20   20   19   17   21   17   16   21   17   22   19   23   20   22   16   16   16   36   22   38   19   19   15   19   20   17   17   17   22   20   21   19   17   16   23   16   31   18   15   20   32   16   16   18   22   22   35   22   22   19   22   15   18   16   16   21   19   23   19   35   23   19   20   15   22   18   21   20   18   17   17   17   18   22   22   22   18   21   15   20   17   19   31   19   21   17   23   21   17   18   20   20   22   16   15   31   19   21   16   15   20   16   15   23   23   23   19   22   20   38   16   14   18   23   19   22   22   15   16   22   22   17   22   18   22   16   21   18   15   21   21   14   22   22   21   37   16   18   23   23   18   21   14   21   14   20   16   15   22   17   19   14   38   20   16   18   23   23   19   20   21   31   21   32   35   16   21   18   22   22   22   21   20   17   21   18   16   22   21   14   23   21   19   19   15   19   22
  33   21   20   15   19   21   21   17   16   14   18   20   20   31   16   15   18   15   17   20   14   13   19   18   20   15   21   35   14   15   19   18   18   20   16   17   19   21   14   20   19   21   20   21   21   16   16   19   20   15   16   34   18   20   33   15   17   20   18   13   13   15   19   29   20   35   17   18   35   29   16   14   18   35   16   17   17   15   17   16   17   20   19   17   18   15   16   15   16   21   19   18   16   15   18   19   13   19   21   18   14   14   15   18   20   21   21   15   19   33   17   15   19   14   16   13   21   19   33   16   14   16   20   20   15   14   17   31   18   33   15   21   14   18   16   16   17   13   14   17   19   15   15   20   14   21   20   20   17   21   17   19   13   20   31   31   16   18   16   14   19   14   15   17   15   18   17   14   20   19   18   20   21   17   20   15   35   20   33   17   19   21   16   18   14   14   19   33   20   17   20   13   14   18   17   14   16   16   16   18   19   21   20   13   14   21   21   20   15   18   16   18   34   18   14   17   21   17   16   14   16   14   13   15   15   19   14   17   16   18   15   17   15   18   19   17   16   14   17   29   18   21   21   13   14   14   17   17   20   16   19   19   20   20   34   14   16   20   20   17   19   15   33   18   20   16   20   15   14   16   17   14   18   21   17   14   20   14   19   16   34   19   18   21   17   19   16   14   14   21   21   21   16   18   16   16   16   20   30   13   19   13   20   18   18   17   21   16   18   21   16   19   17   21   17   16   20   21   16   17   21   20   19   17   16   30   15   21   21   15   14   19   21   16   21   19   20   16   15   21   19   17   21   34   13   18   20   18   14   15   20   14   18   18   20   16   17   15   31   18   15   18   20   18   15   17   17   18   19   18   20   20   16   18   16   18   21   31   21   18   29   17   21   21   20   16   19   35   14   19   17   16   15   16   15   20   19   17   29   15   18   18   15   15   13   21   19   15   16   30   15   14   20   21   20   13   15   15   15   31   16   19   14   16   14   17   21   18   15   33   20   13   20   18   19   19   20   20   14   14   18   21   16   13   15   21   29   16   17   17   19   14   20   18   14   17   17   15   21   33   18   21   18   18   15   13   16   16   21   18   19   20   19   32   18   18   21   18   19   14   29   18   18   17   30   15   13   16   15   13   18   14   17   20   13   17   14   35   13   17
  20   17   17   18   21   15   16   16   21   36   22   35   33   31   15   16   20   14   15   14   36   14   16   23   33   16   20   18   20   22   18   14   15   16   36   22   19   23   14   18   17   18   23   22   18   17   37   19   22   21   20   16   23   20   16   18   18   22   16   18   16   22   33   23   22   16   18   16   33   20   33   16   20   17   17   17   20   32   15   22   17   22   23   16   15   16   19   36   18   21   15   17   17   17   23   18   21   31   19   17   16   20   15   19   21   16   35   21   18   15   16   22   18   31   18   15   20   15   15   22   15   20   18   17   34   16   16   20   31   18   15   18   19   20   16   20   19   21   21   19   15   35   15   22   18   32   20   20   18   22   17   17   15   18   22   15   20   15   17   18   21   18   19   20   21   18   16   22   18   17   23   21   21   17   16   16   36   22   35   18   16   23   36   34   18   20   21   16   22   15   18   14   17   18   17   14   17   19   21   15   21   19   16   20   15   32   35   19   16   19   17   33   34   17   23   19   22   21   22   22   18   22   14   19   33   21   15   14   15   19   17   22   18   16   17   17   14   22   22   22   23   16   17   21   18   16   22   22   23   16   20   19   31   18   16   20   21   16   14   23   19   32   16   17   21   23   21   18   31   22   21   15   17   17   16   22   14   14   22   16   22   19   22   14   18   22   17   16   17   15   21   20   34   23   20   22   17   34   14   17   36   22   20   21   22   23   14   18   17   16   16   22   23   35   34   14   21   18   14   15   19   18   20   15   21   22   16   21   22   20   19   38   15   19   22   18   20   18   21   15   31   14   20   16   15   21   19   36   20   16   19   20   16   19   19   18   18   23   21   14   19   15   17   20   19   20   21   19   22   22   18   15   22   14   16   17   16   33   14   22   21   15   17   33   19   19   15   14   18   23   14   20   19   21   22   21   14   23   17   22   19   21   22   23   15   15   15   23   22   17   23   23   16   15   17   20   33   21   20   18   20   16   21   21   23   17   14   19   18   17   15   23   21   14   17   22   19   19   23   19   14   22   18   19   16   16   21   18   20   20   20   22   16   32   14   16   18   18   21   20   14   14   14   18   17   16   19   21   23   14   18   15   19   15   22   20   16   20   18   23   16   21   21   35   16   22   21   18   22   20   17   20   21   16   20   17   19   17   20   35
   8    5    6    6    6   11    8    8    7    5    6    6    7    5    6    7    5    5    6    6    6    8    6    7    6    6    8    7    6    6   11    7    8    8    7   12    6    6    8    6    5    6    6    6    8    7    6    7   12    7    5    6    8    5    6    5    5    6    6   12    8    7    7    7    6    6    6    6   11    7    6    7    7    7    7    6    7    7    7    7    8   13    7   11    7    8    6    5    7    7    6    7   12    6    6    8    7    5    6    5    7    5    7    7    6    5    8    7   11    8    6    6    6    5    7   11   12    6    5    6    7    7    7    8    5    8    8    6    8    5    7    6    6    6    5    7    6    7    8    6    7   11    7    8    5    6    8    7   12    8    5    7    6    6    6    5    5    8    7    7    7    6    6    7    7    6   11   12    5    7    6    7    8    7    6    7    6    6    6    6    8    8    6    7    7    5    5    7    7   11   12    8    8    8   11    6    7    6    8    6    8    7    5    5   13    7   11    6    7    8    7    7    7    6    7    7    7    6    7    8    7    6    8    6    7    7    5    6    7    7   12    5   11    7    7    7    7    6    6    8    7    5    6    5   12    7    6    6    6    5    7    5    6    7    8    8    5    5    7    5    8    5    5    6    7    5    5    5    7    7    6    6    8    7    7    6   11    8    6    7    6    8    7   11    7    7    5    6    8    8    8    8    5    5    6    8    7    7    7    5    8    7    5    6    8   13   12    6    6    7    7   12    5    8    8    7    7    7    8    8    7    7    6    8    7   12    8    5    6    8    6    7    7    6    5    8   12    7    7    8    6    6    8   11    7    8    6   13    7    8    8    6    8   11    7    6    7    8    7    6    8    8    6    5    7    6    7    6    6    7    5    5    7    5    5    6    5    5    6    7    7    6    6    7    7    5   12    8    6    8    6    7    7    7    5    7    7    7    7    7   12    6    6    7    5    5    6    6    6    7    5    8    7    8    8    7    6    6    6    7   12    8    5    8    7    5    6    6    6    6    7    7    8    7    8    7    8    6    6    6    6    6    5    6    8    7    8    8    6    6    7    6    8    6    6    8    5    6    6    8    6    7    7    5    6    7    6    5    8    6    8    6    5   11    6    5    6    6    6    6    7    7    6    7    5    6    6    8    7    7    7    7    6    6    6    7    5    6    7   13
  15   17   18   13   14   15   15   17   28   31   19   17   15   16   17   19   20   16   18   17   18   17   17   19   13   12   19   20   15   13   14   16   15   16   15   14   13   18   18   14   13   18   30   17   16   13   18   31   27   15   14   15   15   16   15   13   16   19   16   18   16   19   27   31   14   16   19   20   16   19   18   15   12   20   16   29   18   17   17   16   19   32   30   17   19   27   18   16   17   18   18   16   33   28   14   17   17   32   18   13   13   15   20   16   28   13   16   31   12   14   18   15   17   17   15   16   28   15   13   15   15   14   20   20   19   19   13   17   12   19   19   19   19   14   15   15   15   14   17   19   14   18   19   13   14   20   16   14   12   17   14   17   20   15   19   32   18   31   14   15   29   31   20   32   19   15   19   14   14   14   15   15   14   16   16   18   16   13   17   17   13   18   16   32   18   18   14   17   12   20   17   19   17   16   19   19   29   16   15   13   14   18   19   32   17   15   19   16   16   32   18   15   19   28   15   19   16   17   15   18   31   16   16   14   32   29   18   16   32   18   14   12   31   16   15   18   18   18   15   17   14   16   16   16   17   13   14   15   15   16   17   13   20   17   14   14   17   14   29   17   16   18   29   19   17   13   13   20   19   15   27   18   17   20   18   19   33   28   19   12   16   17   17   16   14   14   31   15   18   15   20   28   29   13   16   17   16   20   16   15   13   19   14   29   16   12   16   19   14   14   15   19   13   13   31   20   16   16   15   14   27   29   20   18   13   16   17   17   19   15   18   32   17   28   14   13   17   15   15   13   17   19   15   13   15   17   17   17   15   18   18   14   13   14   28   18   17   18   15   14   18   15   19   15   18   20   16   19   16   18   18   13   16   17   14   13   15   13   12   18   18   13   13   13   14   12   16   20   13   18   16   15   19   12   14   19   16   18   18   27   16   13   19   19   14   14   14   14   16   14   15   15   19   15   12   13   13   20   18   18   19   13   17   18   13   15   17   13   27   12   29   30   14   16   20   20   15   15   13   28   16   13   17   29   12   19   12   15   19   15   14   19   32   17   13   19   19   15   19   16   14   15   13   16   14   13   14   18   17   17   13   12   17   20   18   12   15   14   19   14   16   14   15   19   19   17   16   18   18   27   12   17   14   19   18   15   18   12   16   14
   8    8   10   10    7   16    7    7    9    9    8   10    9    9   16    8   10    9   10    7   16   11   17   10    8    8    8    7   11    8    7    8   10    8    8    8    9    7    8    8    9   11   10    9    8   17    9    9    9    9    7    9    8    9    8    7   11    8    7    9   10    9    7    9   18   10    9   10    7    9    7    8    7    9   10    8   10    8    9    9   11    8   17   17    8    9   10    7    9    8   11    7    7    8    7    9    9    7   10    7   11   10    8    9   16    8   10   10    9    7    8    9    8   10   15   11   10   11   10    9   11   10    9   17   16    8    9   11   10    7    9    8    7   10   11    9    7    8   10   10    9   10   16    7    8    8    8   10    9    9    7    8   10   10   10    8    9   16    8   11   11    7   10    7   11   18   10   10    7    9    9    8   18   15   10    9    9    9    8   17    8   10    8   10    8    7   10   10    8    8   17   10    9    7    7   10   16    9    8   15    8    7   10   11    9    7    8   10    9    7    9   10    7    8   16    8    9   17    7    7   10    7    8   10    8    9    9   11    8    7    7   10    9    9    8    7    8    8   11   11   15   10   10    8    7    8    8    7    7    7    7   10   11    9   11    8    8   10   11    9    8    9    9   10   10   11    8    9   11   10    8   11    7    9   10   17   10   11   11    7   17    9   15    8    9   10    7   10    9    9    8    9   11   10    9    7   10   10   10   11    9    8   10   10   11    7   16   10    8    7    8   10    9   10   11   17   18   11    8    8   10    9    8    9    8    9    7    9    9    7   10    9   11    8    8    9   16    9    8    9    9    7   10    8    8   10    9    9    8   10    7   10    9    8   17    8    7    9    9    9    7    8   11    8   10    9    9   10    8    7   10    7    9   11   10   10   10   11   10    8   10    8   10   17   17    7   10    8   10   16    8    9    7   10    9    8   10   11    9   10   16   15   11   17   11    9    7   10    9    7    7    8    7   15    8   10    8    8   11    9    7   10    9    9   16   11   10    9    7    8    9   11   15   11   10   18   16   11   10   11    9    9    7    9    8   18    7    9    8   10    9    8    7   10    8    8   10    9   17   10    7   10    8    8   10   11    8    8   17    8   11    9    8   10    7   10    8   10   10    8    9    7    9    8   11   16   10    9    7    8    8    8   10    8    7    7    8    9    8   16
  16   12   11   16   15   17   13   12   15   13   13   11   15   12   11   11   15   13   12   12   12   26   17   25   11   14   28   12   16   13   15   17   16   17   11   26   16   26   11   27   26   15   14   14   15   11   11   26   10   11   11   11   11   17   14   12   12   25   12   16   17   17   13   11   12   13   14   10   12   13   16   12   16   16   27   17   14   16   14   15   11   13   13   14   16   16   16   11   11   17   16   11   17   11   17   13   12   17   15   15   25   13   13   12   15   14   14   14   13   13   16   11   16   27   25   15   27   14   11   14   14   14   11   11   14   16   12   16   16   13   14   16   17   16   13   16   15   28   14   10   16   15   10   15   17   25   14   14   13   16   15   12   13   13   13   25   12   12   14   14   27   16   12   12   13   28   14   13   24   13   13   12   26   11   16   13   12   15   12   15   14   13   15   16   14   16   17   12   14   14   12   14   16   17   26   13   11   13   17   13   13   15   13   26   28   14   10   11   12   10   14   12   12   13   13   14   26   14   13   15   15   11   17   24   16   13   12   17   15   11   15   25   28   13   16   15   14   11   16   15   14   12   15   16   13   24   15   13   14   11   14   13   14   14   16   11   15   15   15   26   15   16   24   16   12   17   15   15   13   13   15   14   16   27   11   16   26   17   13   14   10   13   17   14   15   13   15   24   11   15   14   11   16   13   11   28   15   15   23   14   13   11   12   12   12   12   11   25   12   13   16   27   16   15   11   16   14   12   26   12   24   16   13   17   12   14   24   12   11   17   16   16   23   15   13   14   11   25   12   16   16   23   16   11   12   14   27   11   17   16   11   15   26   14   16   14   14   17   17   16   15   16   13   11   16   13   11   25   12   12   25   11   16   28   16   13   11   12   12   16   10   12   12   11   15   15   13   26   15   13   12   15   11   12   16   12   11   15   16   14   15   12   13   11   17   25   15   12   27   12   15   16   16   17   23   13   17   15   12   11   11   26   12   24   13   16   13   12   15   24   12   13   13   13   10   13   17   15   16   14   15   11   15   13   11   15   14   13   15   14   11   17   14   11   14   17   15   14   15   14   15   11   16   11   12   15   15   14   14   12   26   23   14   13   13   14   12   11   15   13   11   11   11   14   15   11   15   15   26   17   15   23   15   13   14   13   11   11   16   14
   6    6    6   12    6    6   11    7   12    7    6    6    7    5    6   12    6    6    7    7    5    8   11    7    8    6    6    7    6    6    8    6   12    6    6    8    7    8    7    6    6    6   11    6    8    7    6    6    8    7    7   13    5    6    5    8    6   11   11    6    5    8    7    8    5    7    7    8    6    7   11   13   12    5    7    5    6    8    7    7   11    7    8    7    7    6    5   12    8    7    6   13   11    6    8    5    6   11    6    8    7   12    6    6    7    8    7    7    8    5    5    7    7    8    6   11    6   12    8    7    5    6    5    6    7   11    8    8    8    5    7    8    6    7    6   11    6    5    6    8    6    5    7    7    6    5    7    7    6    7    6   11    7    8    7    6    5    7   12    7   11    5    7    8    5    5    5    6    6    7    7    6    6    7    6    6    7    7    7    7    6    8   13    6    7   13   11    6    7    7    7    8    6    5   12    5    6    5    6    7    6    5    6    8    8    6    7    6    7    5    5    6    6    7    6    5    6    5    8    6    7    8    8    7    7    5    5    8    7    6    8    7    6    5    6    7    8    8    6   13    5    5    7   11    7    8    8   13    8    8    8    7    7    7    6    7    5    8    5    6    8    6    5    7    5    6    6    8    5    6    6    6    8    7    6    5    7    6    7    8    6    8    7    7    7    6   12    8    6    7    6    6    7    5    6    7    6    6    7    5    5    8    8    6    7    7    6   13    5    7    8   12    6    7    8    6    8    8    7    7    7    7    5   11    7    8    8    5   12    5    6    5    8   13    6    6   11    7    8    8    7    6    5   11    7    6    8    8    7    6    5    6    6   12    7    7    6    8    7    5    8    6    6   13    8    6   12    8    6    6    8    8    8    8    7    7    8    7    7    8    7    8    7    8    6    8    5   11    7    8    6    7    7    8    6    5    7    6    7    7    7    5    5    5    6    7    6    6   12    8    6    6    7    8    6    8    6    8    6    8    5    7    6    5    6    6    7    5    7    7    5    6    7    7    6    7    5    7    8    5    6    7    6    7    6    8    7    5    6    6    5    6    5    5    7   11    7    6    6    6    8   13    6    5    6    5    7    6    6    6    6    5    7   13    7    7    6    7    7   12    7    6    7   11    7    6    8    5    5    5    7    6    6    8    5    6    6    8    8    6
   6    6    6    6    7    8    8    5    6    8    6   11    8    7    7    5   11    8    7    6    5    8    5    7    6    8    7    6   11    6    7    7    5    7    7    6    8    6    7    7    7    8    7    8    6    7    7    6   11    6    7    6    6    6    6    7    5    5    7    6    6    8    8    6    7    8    7    6    6    5    8    6    8    5    7    6    7    6    8    7    6    7    5    7    8    6    7    6    8    6    8   11    7    8    6    5   13    7    7    5    6    7    8    5   13    7    7    7    7    5    6    5    8    6    7    8    7    5    6    6    7    6    7    6    6    7    6    8    6    7    6    8    5    7    7    6   12    7   12    5    6    7   11    5    7    6    5    7    7    5    7    7   11    7    8    7    5    6    5   11    6    6    5    6    6    6    8    8    7    6    7    6    6    6    5   11    5    7    8    5    7    6   12    7   12    8   11    5    5    7    5    7    7   12   12    5    7    6    7    5   12    7    5    6    7   11    7    8    7    5   12    8    7    6    5    7    7    8    5    8    5    5    8    7    6    6    6    6    8    7    6    6    7    7    7    6   12    7    7    6    8   11   12    6    7    6    7    5    8    5   13    8    7    6    5    7    8    5    6   11    7    5   13   13    5    7    5    7    7    5   11    7    7    6    8    7    7    8    6    7    5    6    7    6    5    6    5    6    6    6    8    6    6    8    5   11    7    6    8    6   11    6    6    5    6    5    6    5    7    6    7    7   12    6   11    7    7    5    6    6   12    6    6    5    8    5    8    6    7    7   12    7    7    7    6    7    7    7    5    8    6    7    6    5    8    7    6    7   12    7    7    5    6    5    6    6    7    6    5    6    7    7    7    6    6    6    7    8    7    5    7    8    7    6    7    8    7    7    7    6    7    6    7    5    6    5    8    7    7    7    7    5    6    7    7    7    8    8    8    7    5    7    7    7    8    7    6    7    6    7    8    8   11    7    5    8    5    8    7    6    7    7    8    7    5    6    8    6    7    6    7    6    6    6    7    7    8    6   11    7    6    8    6    8   12    8    7    7    6    7    7    5   12   12    7    6    8   12    7    5    7    7    6    8    7    7    7    5    5    7    5    6    7    5   12    6    7    5    6    8    6    8    5    7    6    6   11    8    7    6    6   12    6    7    8    6    6    6    6   11
