spsp
14
2
500
3 34 38 36 50 28 35 48 28 13 4 14 26 31 
11 42 46 41 58 32 39 58 35 20 8 18 34 39 
10 10 
0.002 0.002 0.002 0.002 0.002 0.002 0.002 0.002 0.002 0.002 0.002 0.002 0.002 0.002 0.002 0.002 0.002 0.002 0.002 0.002 0.002 0.002 0.002 0.002 0.002 0.002 0.002 0.002 0.002 0.002 0.002 0.002 0.002 0.002 0.002 0.002 0.002 0.002 0.002 0.002 0.002 0.002 0.002 0.002 0.002 0.002 0.002 0.002 0.002 0.002 0.002 0.002 0.002 0.002 0.002 0.002 0.002 0.002 0.002 0.002 0.002 0.002 0.002 0.002 0.002 0.002 0.002 0.002 0.002 0.002 0.002 0.002 0.002 0.002 0.002 0.002 0.002 0.002 0.002 0.002 0.002 0.002 0.002 0.002 0.002 0.002 0.002 0.002 0.002 0.002 0.002 0.002 0.002 0.002 0.002 0.002 0.002 0.002 0.002 0.002 0.002 0.002 0.002 0.002 0.002 0.002 0.002 0.002 0.002 0.002 0.002 0.002 0.002 0.002 0.002 0.002 0.002 0.002 0.002 0.002 0.002 0.002 0.002 0.002 0.002 0.002 0.002 0.002 0.002 0.002 0.002 0.002 0.002 0.002 0.002 0.002 0.002 0.002 0.002 0.002 0.002 0.002 0.002 0.002 0.002 0.002 0.002 0.002 0.002 0.002 0.002 0.002 0.002 0.002 0.002 0.002 0.002 0.002 0.002 0.002 0.002 0.002 0.002 0.002 0.002 0.002 0.002 0.002 0.002 0.002 0.002 0.002 0.002 0.002 0.002 0.002 0.002 0.002 0.002 0.002 0.002 0.002 0.002 0.002 0.002 0.002 0.002 0.002 0.002 0.002 0.002 0.002 0.002 0.002 0.002 0.002 0.002 0.002 0.002 0.002 0.002 0.002 0.002 0.002 0.002 0.002 0.002 0.002 0.002 0.002 0.002 0.002 0.002 0.002 0.002 0.002 0.002 0.002 0.002 0.002 0.002 0.002 0.002 0.002 0.002 0.002 0.002 0.002 0.002 0.002 0.002 0.002 0.002 0.002 0.002 0.002 0.002 0.002 0.002 0.002 0.002 0.002 0.002 0.002 0.002 0.002 0.002 0.002 0.002 0.002 0.002 0.002 0.002 0.002 0.002 0.002 0.002 0.002 0.002 0.002 0.002 0.002 0.002 0.002 0.002 0.002 0.002 0.002 0.002 0.002 0.002 0.002 0.002 0.002 0.002 0.002 0.002 0.002 0.002 0.002 0.002 0.002 0.002 0.002 0.002 0.002 0.002 0.002 0.002 0.002 0.002 0.002 0.002 0.002 0.002 0.002 0.002 0.002 0.002 0.002 0.002 0.002 0.002 0.002 0.002 0.002 0.002 0.002 0.002 0.002 0.002 0.002 0.002 0.002 0.002 0.002 0.002 0.002 0.002 0.002 0.002 0.002 0.002 0.002 0.002 0.002 0.002 0.002 0.002 0.002 0.002 0.002 0.002 0.002 0.002 0.002 0.002 0.002 0.002 0.002 0.002 0.002 0.002 0.002 0.002 0.002 0.002 0.002 0.002 0.002 0.002 0.002 0.002 0.002 0.002 0.002 0.002 0.002 0.002 0.002 0.002 0.002 0.002 0.002 0.002 0.002 0.002 0.002 0.002 0.002 0.002 0.002 0.002 0.002 0.002 0.002 0.002 0.002 0.002 0.002 0.002 0.002 0.002 0.002 0.002 0.002 0.002 0.002 0.002 0.002 0.002 0.002 0.002 0.002 0.002 0.002 0.002 0.002 0.002 0.002 0.002 0.002 0.002 0.002 0.002 0.002 0.002 0.002 0.002 0.002 0.002 0.002 0.002 0.002 0.002 0.002 0.002 0.002 0.002 0.002 0.002 0.002 0.002 0.002 0.002 0.002 0.002 0.002 0.002 0.002 0.002 0.002 0.002 0.002 0.002 0.002 0.002 0.002 0.002 0.002 0.002 0.002 0.002 0.002 0.002 0.002 0.002 0.002 0.002 0.002 0.002 0.002 0.002 0.002 0.002 0.002 0.002 0.002 0.002 0.002 0.002 0.002 0.002 0.002 0.002 0.002 0.002 0.002 0.002 0.002 0.002 0.002 0.002 0.002 0.002 0.002 0.002 0.002 0.002 0.002 0.002 0.002 0.002 0.002 0.002 0.002 0.002 0.002 0.002 0.002 0.002 0.002 0.002 0.002 0.002 0.002 0.002 0.002 0.002 0.002 
  30   32   22   23   17   27   24   30   24   27   26   21   28   27
  53   36   46   28   41   41   52   53   36   28   28   40   29   54
   8    3    7    3   10    9    8   10    7   10    3    9    5    2
   8    9    8    4    2    2    7    4    9   10    5    6    6    2
   3   13   19   23   25   13   20    8    6    4    4   23   17   23
   6   11   15   13    7    8   11   10   14    8   10    3   15    8
   7    4    4    3    4    3    5    3    4    8    4    5    7    7    4    8    4    3    4    5    7    4    4    4    4    4    8    5    4    4    4    4    3    3    5    5    4    7    4    5    5    7    4    8    4    4    4    7    4    4    3    4    7    5    5    4    5    5    4    5    4    5    4    4    5    5    4    4    5    4    4    5    8    4    8    5    4    5    5    4    4    4    4    5    5    3    3    3    4    4    3    3    4    4    4    8    4    5    5    4    4    5    4    5    7    4    4    3    4    4    5    4    3    3    4    4    4    5    3    5    4    3    4    3    4    3    4    5    4    4    4    4    4    4    7    7    8    4    4    4    5    4    5    7    4    4    4    4    5    3    4    5    4    5    4    5    3    7    3    3    4    5    5    4    5    7    4    4    8    4    4    3    5    5    4    3    4    7    4    4    4    3    4    4    4    7    4    7    4    3    4    4    4    3    3    5    4    4    5    5    5    4    5    5    4    4    5    4    5    5    4    5    4    4    8    4    3    8    4    4    4    5    4    7    5    3    4    7    5    4    4    4    8    4    4    7    5    4    4    4    4    4    4    3    4    4    4    4    3    5    7    4    4    3    4    4    4    4    4    4    8    7    4    3    4    5    7    5    4    4    4    5    3    4    4    4    3    4    4    4    4    4    4    7    4    7    4    5    4    4    3    4    3    4    4    4    5    4    5    7    5    4    3    4    4    4    7    5    3    5    5    4    4    4    4    3    4    3    4    3    4    3    4    4    3    4    4    5    3    4    5    5    4    5    3    3    4    3    5    5    3    4    4    7    5    8    4    5    5    5    3    4    4    5    3    4    3    4    4    3    5    5    7    4    4    3    3    3    4    5    3    4    5    5    5    4    4    4    5    4    3    4    3    7    5    3    4    4    4    3    4    4    4    5    5    4    7    4    5    3    5    7    4    4    4    4    5    5    4    8    4    4    5    5    4    4    3    5    4    5    5    4    4    4    4    5    4    3    4    4    4    4    4    7    4    4    4    5    4    4    5    3    3    4    5    7    4    4    3    4    4    5    5    4    4    3    4    7    3    4    4    4    3    3    3    4    4    4    3    4    4    3    4    4    3    3    5    4    3    4    7    4    4    4    3    4    4    4    5    4    3    3    4    4    5    7    3    4    4    4
  12   14   14   18   29   15   19   13   32   33   14   14   12   30   31   15   13   28   18   20   30   13   20   16   13   27   13   18   19   15   17   16   20   20   15   14   13   15   17   18   18   13   16   19   19   17   15   18   29   33   15   16   19   15   15   18   19   16   20   14   13   17   19   14   12   13   30   29   16   13   18   17   32   19   18   19   18   15   19   17   20   14   15   18   14   20   16   18   17   13   19   13   17   14   14   28   20   15   15   13   14   18   13   30   18   19   20   16   17   14   15   13   13   18   13   16   20   12   15   16   16   18   19   15   12   19   20   18   14   16   12   31   13   18   19   13   28   18   27   18   17   20   18   13   27   14   16   16   14   19   18   20   31   20   20   17   17   27   14   16   17   13   16   17   12   16   13   13   19   31   17   19   17   13   13   13   19   14   20   18   19   18   14   15   27   32   19   12   13   29   20   19   17   12   31   14   19   15   17   19   28   17   16   18   15   15   19   16   20   31   19   31   13   15   32   27   14   31   14   13   13   20   17   14   17   14   17   27   17   27   17   18   16   18   14   14   16   17   20   15   13   18   19   27   32   29   17   13   17   19   13   19   29   32   18   13   27   16   12   16   14   14   15   16   13   14   28   14   20   16   16   19   13   16   13   16   17   20   17   14   18   13   13   18   14   16   32   20   16   19   13   13   16   18   16   13   29   15   16   13   13   18   15   16   15   18   15   19   14   19   17   31   15   16   17   17   18   17   16   18   14   18   27   19   18   16   31   14   31   17   16   13   13   18   14   18   14   14   14   32   13   31   30   16   16   19   19   13   16   19   17   20   20   13   15   16   18   17   13   17   15   17   19   16   15   19   14   15   19   15   17   15   16   19   13   14   30   14   17   13   15   14   13   17   29   19   14   13   15   20   19   13   15   19   33   16   18   28   14   16   28   15   15   19   16   16   15   19   30   20   17   15   28   13   18   30   15   30   29   14   20   13   16   12   15   32   32   18   32   18   19   13   16   19   18   28   12   14   18   20   16   16   28   32   20   16   17   13   17   14   17   15   30   17   29   15   16   15   13   16   31   14   28   19   15   19   15   14   18   13   12   20   33   14   13   29   14   15   14   17   19   19   18   14   13   15   14   16   18   16   27   20   15   19   17   18   13   16   15   16
  64   73   62   20   21   18   21   23   70   23   22   65   24   20   23   25   23   20   19   20   20   28   22   28   29   24   20   19   26   19   18   18   23   26   22   20   24   24   22   20   19   23   20   21   23   28   20   23   25   24   21   22   28   24   29   18   24   73   26   22   19   20   23   28   19   26   25   23   67   58   25   28   19   27   23   25   22   24   21   21   20   27   20   75   21   25   27   26   25   29   28   18   72   58   69   19   28   27   22   27   21   29   28   24   23   21   19   22   21   21   26   18   18   26   24   28   28   25   27   23   27   23   19   21   23   28   29   24   21   21   23   25   28   20   21   28   67   23   23   69   24   27   21   28   19   21   23   29   70   21   20   20   24   66   26   73   20   22   26   71   69   26   26   22   23   19   25   19   18   27   26   25   21   21   28   25   20   22   20   22   26   22   19   19   25   27   28   28   59   19   22   25   24   20   20   66   18   22   59   26   27   26   20   21   24   28   19   20   25   28   23   22   28   29   24   23   22   22   26   22   24   21   22   20   18   59   29   20   62   26   24   26   22   21   28   22   24   19   21   19   22   29   28   18   28   28   73   24   25   27   26   18   27   19   29   21   21   18   24   21   26   20   60   27   29   18   58   64   24   22   20   28   72   21   24   18   24   26   19   21   22   25   26   21   76   24   20   25   28   24   20   25   28   25   25   20   19   27   24   29   27   19   25   20   21   76   20   28   28   23   22   21   25   22   20   23   18   27   26   22   23   24   61   26   24   29   29   59   18   26   26   22   24   19   24   22   24   61   69   18   23   25   76   65   27   26   19   22   27   18   25   27   23   21   26   26   21   28   22   65   19   19   28   29   19   62   25   28   27   24   75   26   19   29   64   66   76   22   19   22   20   26   28   28   20   20   28   19   18   27   19   18   21   22   26   29   20   69   20   18   22   28   21   19   28   26   28   24   26   20   21   29   69   27   28   67   23   27   27   19   24   27   24   24   18   18   24   25   26   19   20   18   24   21   24   28   29   21   24   23   24   27   65   29   21   19   20   66   21   26   26   18   21   66   66   73   22   22   25   22   25   27   58   23   63   27   22   25   25   22   25   23   23   71   20   27   26   27   28   22   28   20   23   20   18   19   20   27   22   23   23   21   27   26   20   25   19   24   26   27
  30   33   30   22   29   23   26   30   28   35   32   26   23   28   26   31   32   28   26   28   32   28   33   23   30   31   32   27   34   25   23   30   34   34   33   28   23   22   33   29   29   24   27   34   26   32   28   29   30   33   26   25   34   34   34   35   33   26   30   28   25   28   32   24   35   34   90   27   24   29   35   28   33   34   32   35   31   28   31   23   33   26   30   31   82   32   33   34   32   34   33   26   22   33   31   76   22   22   22   33   32   22   23   29   22   23   80   24   24   23   22   29   33   22   33   31   27   34   70   24   81   33   34   30   24   32   27   30   33   25   21   25   33   28   33   27   27   72   23   34   71   29   24   31   27   24   25   26   32   26   28   26   24   21   26   88   33   22   25   25   25   22   73   28   23   92   29   30   29   29   23   28   29   33   26   35   26   31   25   27   33   28   32   33   32   25   27   23   23   24   29   24   28   28   25   72   27   31   27   27   29   32   27   31   89   28   27   74   32   33   33   31   26   35   33   34   31   23   31   29   26   31   22   35   32   23   30   86   24   29   33   28   25   25   24   24   24   23   29   31   23   86   31   28   24   28   90   33   27   29   34   87   29   32   75   23   22   28   25   22   26   25   27   29   33   26   29   25   31   26   34   21   25   35   21   26   28   26   34   21   32   27   25   76   29   31   34   31   31   32   88   25   91   22   31   22   28   27   34   34   25   90   33   23   71   82   34   32   22   33   27   22   79   23   27   31   26   34   73   25   33   28   24   84   33   25   24   21   27   25   28   28   24   22   35   71   35   34   28   30   25   29   22   23   33   28   27   34   28   30   31   25   34   33   23   30   35   27   30   28   23   34   79   28   26   21   31   27   26   32   22   25   21   27   26   26   30   22   30   22   29   29   24   23   26   72   92   32   85   34   32   29   24   28   24   26   25   29   35   26   23   92   26   22   32   30   28   32   35   31   29   28   21   29   32   33   30   25   31   27   30   34   72   86   28   24   22   26   28   34   22   25   23   27   29   24   28   22   27   28   34   28   28   34   28   23   28   85   35   23   29   26   33   28   27   23   33   77   30   33   30   21   23   33   25   26   23   29   34   25   27   33   28   87   22   77   21   30   27   24   30   89   74   23   28   29   26   34   27   30   86   35   28   73   33   32   22   70   23   73
  35   35   99   32   96   30   25   37   27   27   34   32   32   34   24   94   37   35   34   76   37   95   30   31   38   38   32   30   33   25   36   32   27   32   26   26   31   33   24   32   27   36   28   83   31   33   28   26   25   33   32   33   25   30   26   28   85   32   35   96   36   30   31   36   35   85   33   34   26   24  100   37   24   26   85   32   31   28   35   27   23   24   24   26   37   31   27   36   36   31   35   87   35   30   33   36   24   30   28   30   30   37   23   24   28   24   87   35   35   24   25   36   35   77   98   25   38   26   28   25   28   36   25   35   28   77   28   28   34  100   24   26   24   38   29   27   36   27   28   35   36   24   27   28   29   27   83   37   23   30   77   25   35   27   38   30   27   26   32   23   37   25   30   27   29   25   34   34   26   36   30   37   78   34   32   36   37   33   32   97   28   28   24   30   37   33   30   33   31   92   26   26   31   28   24   34   37   25   78   33   32   23   25   33   27   94   28   36   25   28   33   35   34   35   35   36   34   37   31   24   29   36   37   33   28   27   37   96   80   34   30   84   26   28   29   32   25   31   37   31   31   30   37   79   29   38   92   25   37   28   25   27   37   25   91   34   26   38   31   26   37   33   27   34   32   31   27   29  100   24   37   32   80   29   35   38   28   35   31   28   28   25   33   27   27   26   27   35   26   35   26   34   24   28   31   25   25   35   30   88   76   26   30   24   37   92   33   36   24   28   78   30   31   26   25   33   31   25   29   33   34   30   36   90   99   28   24   33   36   35   32   23   32   25   37   34   27   25   32   31   24   31   34   24   31   27   30   32   26   24   28   32   29   26   37   23   97   24   36   32   26   26   29   31   37   31   97   88   32   35   35   79   25   34   26   29   25   37   37   77   36   34   31   28   34   28   23   26   29   27   33   34   38   31   32   28   35   28   28   36   28   28   30   87   86   86   27   26   79   31   36   38   38   32   34   35   24   25   32   25   36   38   77   37   34   29   35   26   37   30   25   33   25   30   26   94   24   30   25   30   94   37   24   33   28   90   28   33   26   37   29   27   26   36   79   37   82   30   35   36   99   35   29   28   26   25   87   23   32   34   38   94   30   26   32   25   32   38   38   27   37   26   23   26   25   34   30   36   34   30   32   81   76   34   32   34   24   25   35   30
  19   13   14   16   15   15   17   18   16   17   18   13   17   18   17   18   16   16   18   15   17   13   18   20   14   14   20   19   28   13   18   13   15   19   17   18   18   20   32   14   17   15   15   16   19   12   27   17   31   19   14   14   15   18   19   14   15   20   14   15   13   29   15   16   13   20   13   14   15   13   16   15   15   18   15   19   15   13   17   27   19   19   12   14   17   14   19   18   14   14   13   17   33   14   16   20   17   20   18   16   17   20   27   16   19   30   18   19   18   16   17   18   19   20   13   15   13   16   28   16   17   17   18   16   15   19   14   15   15   13   14   14   18   32   15   19   18   19   20   16   19   13   19   14   17   14   17   20   15   16   19   15   16   16   15   16   19   15   19   18   13   16   16   32   12   15   33   19   13   15   13   19   13   20   18   14   19   17   15   14   17   16   17   20   17   14   14   29   15   20   19   14   13   13   19   15   17   13   12   16   19   20   16   18   20   13   12   15   13   20   14   13   19   14   30   17   12   12   18   15   19   18   18   13   17   13   13   17   18   19   16   20   16   19   17   13   15   30   12   17   16   17   17   18   16   17   16   30   18   15   17   12   16   13   16   20   30   31   32   15   15   31   17   16   12   17   13   16   17   16   19   19   14   13   14   18   15   19   13   19   16   13   18   14   12   31   17   16   18   27   29   15   12   27   17   14   15   13   29   19   15   17   15   19   15   14   18   19   15   19   16   17   15   30   14   16   19   17   17   14   13   14   15   19   15   20   14   15   13   15   13   20   15   15   19   19   16   13   19   19   19   27   29   14   13   15   17   14   15   12   20   13   17   19   20   15   13   16   18   19   17   16   14   15   16   15   19   13   16   16   29   27   27   16   32   14   18   19   16   29   19   13   17   13   13   17   18   19   17   32   20   15   12   29   13   30   18   20   32   17   17   18   14   19   14   19   16   20   17   19   16   18   17   20   13   19   18   31   13   14   16   14   18   13   14   12   18   17   13   16   14   20   18   18   32   19   31   15   18   18   14   16   20   14   15   17   17   13   16   15   13   16   18   18   17   16   18   13   15   19   16   15   32   15   19   19   18   18   15   16   20   30   15   16   15   27   19   16   17   17   16   16   14   31   19   15   20   18   20   16   13   16   14   17   19   19   18   17   27   20
  20   20   29   24   28   20   24   28   21   68   21   29   30   30   29   26   21   27   28   29   28   28   25   21   20   19   78   30   25   27   29   22   77   19   28   28   29   25   29   21   26   19   27   25   24   25   26   21   23   27   27   29   30   27   26   19   30   77   73   20   30   28   22   66   24   26   20   24   27   22   30   28   26   23   27   20   25   27   20   23   20   25   20   22   23   23   27   30   22   30   27   29   20   21   19   63   80   21   21   22   62   29   30   19   30   27   30   30   22   28   22   20   19   28   23   20   22   28   26   28   26   25   30   73   30   19   30   19   29   25   22   23   23   24   21   19   30   28   20   26   71   23   24   28   23   26   20   26   25   20   26   25   29   19   22   27   24   19   29   22   20   25   78   28   29   61   24   20   22   29   24   29   26   25   26   19   19   19   30   79   27   27   19   24   19   28   30   30   28   29   28   24   28   24   27   75   70   23   66   27   65   26   22   26   78   22   28   26   22   21   72   63   22   20   29   23   70   24   29   25   29   27   73   19   29   27   28   28   21   25   61   30   29   78   26   25   24   25   28   28   26   22   21   27   25   20   25   24   28   23   21   28   29   29   29   20   20   24   22   24   71   23   19   23   29   30   21   25   30   20   28   26   25   30   26   21   27   29   21   19   30   24   22   27   26   30   21   22   30   21   25   22   25   27   25   23   24   25   30   22   22   30   24   61   30   21   21   28   19   25   25   25   28   30   22   22   19   24   61   21   21   29   20   25   28   19   62   20   19   25   26   19   20   26   28   24   29   25   20   28   19   22   68   23   27   21   23   66   25   27   28   25   29   24   19   20   27   29   25   26   22   22   23   23   21   26   29   29   19   21   27   26   21   19   25   21   26   19   30   19   22   30   24   27   20   80   25   23   71   28   27   69   24   20   27   21   23   24   23   20   27   30   28   30   27   62   24   29   24   27   21   27   65   19   30   23   67   23   22   29   24   22   24   26   29   30   27   28   23   19   30   29   29   20   21   26   26   25   27   26   20   80   30   23   29   29   19   21   30   26   27   29   77   22   25   19   30   28   20   21   21   23   26   21   22   26   24   24   22   19   27   61   25   20   30   28   29   71   22   30   20   21   23   25   26   21   20   20   29   29   24   25   21   22   78   76   26   19   29   30
   8   12   10   10   10   10   10   12    9   11   10    8   10   11    8    8    9   10    8   11    9    9    9    9    8   11   18   10   11    9   19   18    8   10    9   10   18   17    9   10   10   11   12    8    9    8    8   12   12    8    9   12   12    9   12    8    9    9   11   12    8   11   18   12    9   10    9   10   11   10    8    9    8   12   11   12    9    8   11    8   17    9    9   12   11   12   12    9   12    9    8   12   19    8   17   11    8   12   10    9   11   10    9    8    9   12    9   12   11    8    9   12    9    9    9   10   11   11    8    9   10    9   10   20   12   10   12   10    9   10   12    8   19   12    9    8    9   12    9   11    9    8   12   11    9   12    8    9   17   10    8   11   11   12   18   10    8    9   12   12    8    9   10   12   12   10   10   12   11    8    8   10   17   11   11   20    9   11    8   11   10    9   10   11    8    9    9    9   12   10    9   11   10   11   12   11    8    9   10   20   18   19    9   12    9    9    8   11   12    9   12   10    8   12   10    8    8   10    9    8    9   11    9   12   12    8   12   10    8   11   11    9    8    9   10    9    9   11   10    8   12   11   11   20   18    8   11   17    9    8    8   17   11    8   18   10    8   12    8   10    9   10    8    9   11    9   11   11   10   12   11   10    8    9   12   12   10   18   12   12   12    9   20   17    9   20   10    9    9   12    8   12   11    9    9   10   11    8    9   10   12    9   10   20    8   12   10   12   10   12   10    9   10   12    8    8   17   10   11   12   12   11   12    8   12    8   12    9   10   12    9    8   10   10   10   11   19    9   10   10   10   10    9   12    8    8    9   12   11   12   11   11   11   12   11   17   12   18   10   11    9    8   12    9    9    8   11   12    9   12   11   11   10   10   11    9   10   12   11   19   11   12   17   18   12   11   10   11   10   12    8   18   19    8    9    9   12    8   12   11   18    9    8    9    9   10   10    9   10   10    9   10   20   12    8   10   12   10    9    9    9   11   10   12   12    8    8   10   12   10    8   11   12   12    9   11   10    9   12   11   11   10    9   11   10   12    9   11   10   12    9   11   11    8    9   10   11   11   10   12    8    9   10   11   20    8   10   12    8   10   17   11    8   20   11    8   10   12   11   10   10   12    8   17    8   12   12   12    9   12   19    9   10    9    9   10    9   10   10   11
   8    9    7    7    7    8    8    7    7    9   15    9    8    8    8    8    8    7    8    8    9    6    9    6    7    7   15    9    6    8    6    7    7    9    9    7   15    8    8    7    8   15    9    9    8    9   13    8    9    7    7    9    7    7    7   15    7    9    7    8   13    8    7    8    9    8    8    7    7    8    7   13    8    7   14    8   13    7    6    9    8    7    9   14    6    7    6    9    8    9    8    6   14    7   13    8    7    7    9   14    8    9    8    9    9   14    9    9    7    8    6    7    8    7    7    7    9    8    6    8    7    8   13    6    9    8    9    6   13    8    6    8    6    8    9    6    7    9    7    7    9    7    7    7    7    8    9    8    8    8    7    7    9    8    8    8    7    9    6    9    7   13    9    8    7    9    6    8    8    9    8    8    7    8    8    7    9    8    8    8    8    8    8    9    6   13    7    8   14    8    8    6    9    9    7    8   14    7    8    7    9    8    7   14    7    9    8    8    8    9    9    6    7    7    8    8    9    9    7    8    9   15    6   13    7    7    8    8    7    6    7    7    7   13    6    7    9    9    8    9    8    8    8   15    8    7    7   15    7    9   13    7    9    8    9    8    8    7    6    7    6   13    7    7    9    9    7    7    8    7   14    8   13    9    9    7    8    6    9    6    8    8    9    7    9    9    9    7    8    6    7   13    9    7    7    8    7    7    8    9    7    9    6    9    7    7    9    6    6    8    9   13    7    6   15    8   15    9    9    8    7    7    6    9    9    9    8    8    6    8    7    7   14    9    7    6    7    9    7   14   13    7    8    6    9    8    8    9    6    7    7   14    8    8    7    7    6    6   14    7    8    8    7    8    9    7   13    7   14    7    8    6    9    6    8    7    8    9   14    8    9    9    7    6    8    9    9    8    7    9    7    9    8   15    7   13    9    9    9    8    9    6    6    7    7    6   14    8    7    8    7    8    8    8    8    8    9    9    9    9    7    7   14    8    7    9   13   13    8    9    8   14    6    7    7    9    9    8    7    8    6    9    8   14    7    7    9    7    6    8    9    8    8    7    7   15    8   13    6    8    9    7    7    8    7    7   14    9    9    7    7   14    7    8   15    7    8    8    9    6    8    7    7    6    8    9    7    9    7    8    9    7    7    9    9    9    8    8    6    9
   5    6    6    4    6    5    6    6    9    5    5    6    6    4    5    9    4    6    9    4    6   10    4    4    5   10    6    5    6    5    4    5    4    6    5    5    6    5    6    9    4    5    9    6    6    9    5    6   10    6    4    6    5    5    4    4    6    6    6    5   10    4    5    9    6    5    5    6    6    6    5    6    5    6    5    6    9    5    6    6    5    6    4    6    4    5    6    5    4    6    5    5    5    5    6    4    6    6    5    6    5    6    6    6    5    4    6    6    5    4    5    5    9    5   10    5    6    6    4    6    5    5    6    6    6    9    6    5    5    5    4   10    6    6    6    4    4    6    5    5    5   10    6    5    6    4    6    5    6    6    6    5   10    5    6    4    5    5    6    4    4    6    6    6    6    6   10    9    6    5   10   10    4    6    5    5    6    5    5    4    9    6    6    4    5    6    5    4    6    4    5    6    6    5    5    6    4    6    6    5    5    5    5    4    4    5    5    6    4    5    6    5    6    6    6    5    5    5    5    5    5    6    5    6    6    5   10    5   10    5    4    5    5    6    5    5    6    4    5    6    6    5    6    9    6    6    5    5    6    5    5    6    6    4    4    5    5    6    6    4    5    6    5    5    5    5    5    4    6    5    6   10    6    5    5    5    6    5    9    6    5    6    5    6    6    9    6    5    4    5    9    6   10    6    6    5    6    5    4    4    5    5    5    6    5    6    5    5    4    9    5    5    5    5    6    6    6    6    6    6    5    5    6    4    6   10    5    5    4    4   10    5    5    5    9    4    5    6    5    4   10    9    6    5   10   10    6    6    5    6    4    5    6    6    4    6    6    5    5    4    5    5    6    6    5    4    5    4    4   10    5    6    5    6    5    4    5    6    6    5    5    4    4    5    4    5    5    9    5    6    5    6    5    4    6    4    5    9    6    6    5    9    4    6    4    9    5   10    5    5    6    4    5    6    6    6    4    6    4    9    4    5    6    6    5    6    6    6    6    5    6    6    6    6    6    5    5    6    5    5    6    6    5    5   10    6    5    6    6    6    5    6    6    5    6    6    6    5    4    6    6    5    6    4    5    5    6    9    5    9   10    6    6    5    5    5    4    5    5    4    4    6    5    9    5    5    6    6    5    6    4    5    5    5    5    5    9    6    5    6
   4    4    5    5   10    5    6    5    6    5    5    4   10    6    6    6    6    6   10    6   10    5    4    5    5    6    6    4    6    4    4    5    5    5    6    5    5    5    4   10    6    5    9    5   10    6    6    5    6    6    6    5    6    6   10    9    6    5    4    6    6    5    6    5    6    6    9    4    5    6    5    9    5    4    4    6    6    5    6    4    4    5    4    5   10    6    6    5    6    9    6    5    5    6    6    6    5    4    5   10    5    4    6   10    6    6    6    6    4    5    6    5    9    5    6    6    5    6    4    9    5    6    5    5    4    6    5    4    5    9    6    6    9   10   10   10    6    5    6    5    5    5    4    5    4    5    6    6    6    6    5    6    5    6    4    5    6    4    5    5    5    5    5    5    5    4    4    6    6    5    5    5    4    5    9    6    5    5    4    6    4   10    4    5    5    6    6    6    5    6    4    5    5    5    5    5    6    6    5    6    5    5    6    4    5    6    6    5    4    6    4    5    6    6    9    6    6    6    5    6    6   10    4    6    5    5    5    6    6    5    6    6    5    5    5    6    4    6    5    5    9    5    4    4    6    6    5    6    5    6    6    6    5    4    6    6    6    9    6    5    4    6    5    6    4    5    4    9    6    5    5    4    6    4    9    4    6    5    6    5    5    5    5    6    6    5    6    5    6    5    5    5    5    4    5    6    4    6    6    5    5    5    5    5    4    5    6    6    6    6    5   10    6    6    5    4    6    5    5    6    5    9    6    6    9    5    6    6    5    6    5    5    6    5    5    6    6    4    5   10    4    6   10    5    5    5    4    5    5    6    6    5    5    6    6    6    6    6   10    6    5    9    5    4    4    6    6    4    4    4    4    5    9    5    4    5    6    4    6    5    4    5    5    5    5    5    4    5    6    6    9   10    5    6    9   10    5    6    5    6    5    5    6    5    6    6    5    6    6    6    5    6    5    6    4    6    6    4    4    6    4    9    6    5    5    4    6    6    6    9    5    5    6    5    6    4    5    6   10    4    4    6    6    6    4    5    5    5    4    5    5    5    6    6    4   10    5    5    6    6    6    4    5    5    5    6    6   10    6    6    5    6    6    6    4    4    6    6    5    5    5    6    6    5    6    6    5    5    6    6    5    6    6    5    5    6    4    6    5    9
  85   25   26   89   35   81   26   24   24   24   22   26   31   31   24   28   31   35   23   35   23   31   27   25   23   27   33   26   26   24   23   33   21   26   24   21   26   25   32   32   31   84   32   29   30   70   24   25   30   32   31   23   74   21   31   23   35   70   32   26   25   32   27   23   34   32   32   33   33   21   34   30   21   24   35   29   25   24   33   28   34   23   32   83   32   27   23   30   35   24   26   24   76   34   33   25   27   25   23   26   32   31   25   28   90   72   23   22   29   33   22   24   29   31   85   85   30   29   26   28   27   26   27   25   33   32   29   24   33   27   30   32   85   27   34   26   31   23   27   24   27   28   32   32   33   30   23   29   27   31   78   28   28   82   28   27   87   28   21   24   22   32   24   30   27   28   30   70   22   24   32   27   24   26   31   90   33   31   25   23   30   30   33   22   33   24   23   31   34   23   82   31   33   29   27   27   34   28   28   33   31   31   31   23   29   26   30   23   85   90   88   91   27   24   27   24   30   26   25   24   27   30   33   30   31   22   22   28   30   29   26   30   22   29   24   25   22   25   21   30   31   35   32   22   29   28   24   30   22   31   28   24   27   23   29   21   82   35   27   28   23   24   28   29   29   33   34   23   34   31   34   28   27   24   24   31   23   24   26   23   28   28   26   27   29   35   31   31   77   28   32   24   21   29   85   26   22   70   34   32   92   29   25   21   23   22   28   22   24   29   29   27   30   28   29   32   90   27   71   25   27   30   23   30   28   30   30   35   26   31   23   27   32   30   31   22   24   26   31   33   35   32   88   30   26   26   30   30   27   33   27   26   35   91   34   26   32   80   31   31   33   26   22   26   28   28   27   28   22   30   28   31   25   34   22   24   34   35   31   28   27   35   23   27   21   34   28   26   26   24   28   29   84   25   28   25   30   31   22   23   23   27   27   26   25   35   30   32   24   91   21   26   34   21   26   34   32   77   34   28   33   29   22   23   27   26   24   22   29   92   31   89   25   29   23   92   82   27   32   22   35   28   22   79   23   31   84   23   29   23   29   22   31   30   26   72   31   71   34   34   28   28   24   25   26   72   29   25   23   29   83   28   25   29   27   29   28   31   24   28   30   25   29   23   33   28   33   29   28   21   74   25   32   29   23   31   26   33   24   28
  67   23   19   20   18   22   24   23   17   26   25   25   19   67   18   23   52   52   22   18   56   26   20   21   16   22   21   21   19   20   25   22   22   22   20   20   18   57   22   22   17   26   24   21   23   24   25   21   24   26   24   21   18   19   25   17   26   21   24   54   26   21   22   23   19   23   26   21   20   17   24   26   17   22   20   19   25   17   22   18   65   52   16   18   20   17   17   18   26   25   55   17   25   25   26   26   22   24   26   20   24   16   24   23   23   23   21   24   24   18   20   26   23   19   25   24   22   23   24   23   20   23   19   22   19   19   22   25   25   17   18   17   18   25   16   25   18   18   21   58   17   17   17   24   19   24   21   17   17   25   23   59   19   18   21   20   20   20   25   22   22   21   21   19   53   22   26   19   21   21   16   24   22   65   16   24   24   23   19   16   21   19   18   20   22   19   23   17   19   22   22   19   19   18   19   68   24   19   20   26   21   57   17   18   25   20   17   22   22   64   26   25   24   20   19   55   24   18   17   59   17   23   22   22   17   17   24   22   20   24   24   22   21   18   17   24   18   24   19   22   19   20   18   22   20   23   19   22   21   54   25   25   23   16   22   24   23   17   68   17   20   22   16   17   18   21   24   63   23   23   19   20   67   21   63   25   25   26   23   24   22   23   17   24   21   18   25   25   21   16   23   23   23   20   23   21   18   16   17   17   17   16   24   21   19   57   23   56   20   26   24   17   20   24   18   26   21   25   58   22   19   25   64   19   22   21   57   17   58   23   19   16   20   21   25   18   56   17   17   25   23   16   18   19   18   18   21   19   24   25   19   26   23   23   18   22   26   62   26   19   20   23   16   68   18   24   66   19   24   22   21   21   25   18   66   19   17   23   23   62   16   22   17   17   19   18   18   23   26   17   16   19   19   17   20   23   23   23   20   19   22   17   19   21   17   18   20   18   17   21   67   22   16   18   20   21   22   25   60   19   23   26   16   20   64   17   25   23   18   55   18   17   25   19   26   18   19   17   23   21   22   17   19   25   19   19   68   25   18   25   24   22   65   24   60   23   24   20   24   22   23   25   17   23   20   17   24   23   21   19   19   58   17   62   24   21   25   16   17   25   25   20   26   20   19   25   18   24   16   17   21   19   21   18   17   25   23   17   18   23
  34   28   26   30   29   24   31   85   22   33   28   30   35   28   25   23   31   25   34   29   34   25   34   27   35   22   75   29   27   32   23   32   22   28   30   30   27   28   28   23   82   31   30   27   27   23   29   34   23   32   26   33   33   23   22   26   29   22   34   75   90   21   26   27   30   35   21   27   31   32   33   28   77   27   32   30   35   26   22   30   33   28   22   31   32   35   32   32   22   22   83   32   23   26   26   30   34   27   24   22   24   30   28   22   33   35   23   78   77   29   25   24   21   29   28   27   29   22   25   32   28   31   24   31   82   31   91   31   23   25   24   31   33   22   70   85   25   21   33   33   28   32   33   30   26   73   32   29   27   26   27   31   34   28   32   31   30   26   33   28   31   30   22   30   22   26   30   23   29   28   92   88   35   31   31   29   27   23   24   26   29   34   77   27   30   25   23   32   28   26   26   25   34   28   32   25   32   23   31   23   26   28   78   25   27   29   31   28   27   32   35   31   22   33   34   22   27   31   33   35   76   22   31   31   23   28   22   80   30   29   29   22   24   24   29   31   85   32   35   83   28   73   26   23   30   31   34   92   24   85   28   26   28   30   27   28   29   29   22   33   34   34   23   23   83   23   22   26   21   30   28   30   22   30   28   25   30   32   90   35   25   34   72   22   28   22   24   30   30   26   33   24   22   32   85   27   33   22   32   27   24   24   34   31   30   22   25   35   24   30   29   23   26   31   26   24   33   34   33   32   24   23   33   34   28   25   27   34   34   26   25   34   26   33   32   26   33   27   79   30   33   33   23   32   22   32   27   31   34   83   29   22   25   34   29   21   26   21   83   33   27   26   34   22   31   27   23   30   35   33   33   28   35   24   35   34   30   31   30   80   24   32   23   79   22   84   24   31   32   35   23   33   24   31   25   35   23   81   27   26   28   30   25   30   27   27   27   31   34   34   24   26   28   34   26   34   87   33   28   31   26   87   31   32   30   32   22   21   35   70   87   24   32   70   34   34   28   26   87   22   25   21   29   28   27   33   30   34   30   28   24   32   22   27   26   31   32   29   27   24   23   70   27   27   29   27   30   23   34   26   23   83   30   26   74   31   34   81   80   30   23   34   31   28   32   87   29   27   33   34   23   26   24   34   26   86   29   32   30   28
   9    9    7    6    8    9    7    9    8    6   15    6    6    7    9    7    7    9    7   15    7    8    9    8    7    9    9    7    7    9    9    9    7    9    9   13    6    6    9    7    9    9    6    7    6    6    8    9    6   14    8    6    8    7    6    9    6    8   15    6    6    9    8    6    8    6    9    6   14    8    8    7    7   15    7    7    7    8    6    9    7    9    8    9    7    9   13    9    6    8   14    7    9    9    7    6    6   14    8    7   14    9    7    7    7    8   13    8    7    8   14    8   13    8    9    7    9    9    9   15    8    9    9    8    8    7    8    8    9    9   15    7    9    7    8    9    8   15    9    7    8    6    7    9    7    6    6    7    9    6    8    6    7    9    9    7    9    9    7    9    8    9    7    8    9    8    6    6    9    8    8    7    6    6    8    9   13    8    9    7    9    7   15    8    7    9    9   13    8    8    8    8    6    9    8    8   13    8    7    7    8    9    9    6    9    8    8    6    8    7    7    7    9    9   15    9    9    7    9    7    8    8    9    8    8    9    8    8    9   14   15    8    9    8    6    7    8    9    7    8    8    9    9    7    8    9    8    8    8    7   13    7    9    8    9   15    9    8    9    9    7    7    8    9    6    6    6   13    9    7    8    8    6    9    8    6    8    7    8    8    8    8    6    7    9   14    8    6    9    9    8   14    7    8    9    7    9    6    9    6    7    7    9    8    6    8    7    8    8    6    9    8    9    8    9    6    7    9    7   13    7    8    6    7    7    6    8    9    6    9    9    7    6    9    9    8    9    9    9    6    9    8    9    7    7    7    8   15    7    8    8    7    6    8    9    9    6    7    8   13    7    7    9   13    9    8    8    8    9    7    9   13    8   13    9   13    7    7    8    7    8    9    9    8   13    8    7    7    8    9    9   13    9    7    7    9    7    7   13    8    8    8    8    7    8    8    9    9    7    6    8    8   14    8    6    7    9    9    6    9    8    6    9    8    9    8    6    8   15    9    9   15    7    7    7    8    9    8    6    8    8    7    8   15    7    6    8    9    8    7    7    9    7    8    6    8    6    8    7    9   13    7    9    7   14    7    9    6    9   14    8   14    7    9    8    9    9    9    8    6    9    7    8    9    8    6    7    9    9    8    9    7    9    6    8   14    6    6    6    8
  14   15   13   16   11   13   11   11   13   12   15   14   24   11   14   17   13   16   11   11   12   16   16   13   27   15   13   15   16   11   11   17   15   24   23   16   14   11   14   14   16   12   16   15   11   12   14   17   11   15   17   17   13   15   15   16   15   16   26   14   26   13   27   15   12   15   11   11   16   13   11   11   13   11   25   14   12   11   17   14   17   15   14   16   12   12   25   13   12   12   27   14   10   16   12   16   13   16   14   26   15   10   15   16   14   12   15   16   12   16   14   12   13   14   12   13   15   12   13   11   14   15   16   11   15   24   14   17   13   17   14   14   10   14   13   12   15   15   15   16   10   12   11   13   11   13   14   16   16   16   11   11   15   17   13   17   17   11   11   12   15   13   26   10   17   11   15   16   11   25   14   12   11   11   15   12   28   14   15   13   16   27   12   16   13   11   15   16   12   12   16   15   16   11   17   24   15   14   17   15   11   26   13   13   16   15   10   12   13   17   17   26   17   25   15   16   12   16   16   27   16   17   16   12   16   15   27   16   14   11   17   12   14   27   12   25   16   13   14   11   24   13   16   14   12   11   16   13   13   13   15   13   26   14   16   13   14   12   12   11   10   26   11   16   16   16   15   12   12   16   16   15   11   14   13   14   14   11   11   26   12   12   15   14   17   15   14   11   15   14   17   11   14   16   23   12   16   15   27   13   26   26   23   15   16   11   12   11   16   16   11   17   13   16   16   13   16   11   15   14   13   11   12   26   14   14   13   13   10   12   24   14   11   11   13   17   14   15   11   13   12   15   13   13   11   12   15   26   11   16   11   15   12   10   14   17   16   13   14   11   15   14   14   14   12   10   13   13   14   12   13   26   14   15   11   11   11   14   13   16   15   11   12   16   13   13   12   11   15   11   16   11   17   11   16   27   13   16   13   12   16   14   16   12   13   15   12   16   15   17   13   16   13   12   12   14   14   17   11   12   14   13   16   14   15   14   14   28   16   13   26   25   13   16   16   13   26   17   10   12   13   15   11   24   12   11   11   12   12   15   13   12   11   14   26   13   12   17   13   15   12   14   11   16   15   15   16   12   13   10   15   13   13   12   17   11   14   15   14   15   14   17   13   16   13   12   13   15   16   13   13   16   12   12   11   14   17   15   15   28
  17   19   23   15   21   16   21   19   22   16   15   17   22   22   19   36   21   20   23   20   17   16   35   19   19   22   16   19   34   17   20   14   18   23   20   15   14   23   20   35   16   31   15   18   14   17   20   18   19   18   23   18   32   19   20   22   20   19   20   21   18   15   21   19   18   17   20   20   22   15   15   15   22   15   18   17   19   18   19   36   21   16   15   21   23   18   18   22   23   16   20   19   22   17   16   36   20   22   16   16   19   17   15   17   18   16   15   20   17   21   22   38   15   22   23   17   19   20   23   20   15   21   17   21   18   17   18   18   21   33   19   19   16   18   35   20   23   21   21   16   22   20   22   14   14   19   20   19   16   16   16   14   22   17   23   14   15   14   18   17   22   23   15   15   21   22   17   21   19   16   20   17   20   18   17   22   37   20   18   15   17   23   20   19   15   15   33   19   18   15   17   21   21   19   22   21   17   20   23   23   15   15   15   19   34   19   31   38   23   20   21   14   16   16   18   17   21   15   18   18   21   20   19   15   19   17   21   20   19   18   18   16   20   20   17   20   33   17   23   17   15   21   21   18   18   21   17   20   18   18   17   19   20   21   20   17   23   21   35   33   21   15   18   18   22   22   23   18   18   21   19   18   18   22   21   20   19   15   14   21   16   16   19   15   23   14   15   21   23   16   22   20   17   20   20   18   19   15   19   18   15   22   19   33   16   19   17   32   22   17   22   19   23   22   19   21   15   16   16   23   21   20   21   22   20   17   36   19   20   16   21   21   14   32   22   18   23   15   22   19   22   36   19   20   16   22   23   15   14   18   15   23   18   21   21   18   21   16   20   14   19   15   21   22   31   15   21   17   21   18   16   22   34   36   15   15   22   19   23   37   35   17   15   20   15   19   16   15   32   21   16   15   33   19   21   20   19   32   16   19   22   20   17   15   19   21   17   15   23   18   23   14   19   21   23   18   18   18   36   18   18   37   33   18   22   15   15   23   20   15   15   15   15   18   14   19   15   16   19   15   18   22   19   21   18   22   21   17   19   17   16   20   20   20   15   21   19   22   17   21   21   14   21   15   19   23   20   18   17   23   17   21   18   17   22   22   15   38   21   21   32   16   19   15   17   15   17   20   18   15   17   16   22   20   18   37   16   19   33   18
  14   33   32   14   18   16   19   15   14   18   32   19   14   16   18   13   13   18   13   16   18   13   19   19   16   16   13   16   14   32   13   17   20   14   13   16   19   27   17   30   19   17   17   17   14   13   19   16   16   29   17   12   19   31   15   29   32   13   17   13   19   16   19   14   16   27   29   14   14   18   13   19   18   17   18   15   16   18   20   18   16   19   16   19   13   19   16   15   16   19   13   18   17   27   13   15   17   14   16   13   16   16   19   20   13   16   18   13   28   18   14   20   13   12   18   19   17   13   17   20   27   17   18   15   16   18   15   20   19   13   15   14   14   16   18   16   17   15   16   15   17   31   18   19   18   20   14   17   12   16   14   19   17   15   17   19   19   27   15   16   32   15   15   12   16   17   13   16   15   14   16   15   20   13   17   15   19   19   16   16   14   16   14   14   14   15   13   30   19   28   17   18   15   17   16   20   19   17   19   17   13   16   18   13   15   16   32   13   19   19   14   19   18   17   31   17   28   14   19   20   18   15   18   17   14   14   16   12   14   13   12   16   18   17   30   17   14   14   17   17   31   16   20   19   14   19   18   20   14   19   32   27   18   29   19   16   15   14   15   17   14   29   28   15   19   16   20   19   14   19   30   17   33   19   17   20   18   13   12   15   16   20   15   16   13   19   16   13   16   20   18   14   17   15   20   13   20   14   27   18   15   13   18   17   19   14   19   18   15   32   18   16   17   19   13   13   16   19   16   14   18   14   16   28   14   14   13   16   20   17   17   17   16   13   19   19   20   33   27   13   19   15   28   18   19   14   12   17   18   19   15   15   14   14   14   15   19   19   16   13   15   14   18   18   19   17   13   13   17   13   18   17   17   18   16   13   19   14   19   17   15   28   17   14   27   28   17   20   29   19   16   16   17   17   19   15   28   18   17   18   13   14   15   16   19   18   18   17   13   15   16   13   14   18   15   15   16   15   17   20   17   18   18   15   13   31   14   14   14   14   15   18   19   14   18   14   15   18   27   15   13   12   14   27   18   14   15   19   17   13   13   14   17   17   19   18   15   29   12   14   19   12   14   18   18   15   17   14   19   13   16   31   19   17   12   19   18   15   13   18   13   13   19   19   19   15   14   17   14   30   19   13   13   17   15   17   33   17   19   29
  10   10    9   10   16    8   10   10    7    8    7    9   10   11   16    8    8    9    9    7    9    9   10    8    9    8   11   10    7    9   11   11    9   10    9    7    9   11   10    8   10    8    9   10   11    7   11   11   10    7    7    9    9    7    8   10   15    7    8    8    9   11   10    7   16   10    8    7    7    9    8    8    9    8    7    7   15   10   15    8   10   17    8    8    9    9   18    9    7   10   15    8    8    9    9    7    9   10   11   11    8    8   10   11    7    9    8    9    7    9    7   10    9   10    8    7    7    7    8   15    9    7    8    8   10   10    7    9    8   10    8    9    8    8   10    7    7    8    8    7   10   10   10   10    8   10    8    7   11    7   10   10   10    8    7    7    9    7    9   10    9    9    8    9    7   10   10   10    9    8   11    7   17    9   10    9   10   11    8    8   11   11   15    8    7    7    9   10    8    9   10    8    9    7   11    7   16    7    8    8    9    8   10   11   11    8    8   10    7   10   10    8    9    8   10    8   10   11    8   10   17    8    9    8    8    7   15   10   18   10   17   11    8    7    8   10    8    8   10   10    7   11   11    9   10   16    7    8   10   10    8   17   11   17    7    8   11    7    9    7   10   10   10   11    7   11    8    9    8    7   10    7    9    8   10    9    9   10    8    9   10   11    8    9   10    8    9    8   10    7    9   10    7   11    7   17    7   11    9    8   11   18    9    9    9    8    7   11   10   11    9   11    8    9    8   15    8   16   11    8    7   11    7   10   10   10   10   10    8    9    9   16   10   10   10   10   11    9    8   11   10    8    7   10    9    7    8   15    7   16   11    9    7    7    8    9   10   10    9    9    9   10    8    9    7   10    7    9   11    9    9    8    7   10    8   15    7   11    9    8    9   17   11    7   15   10    8    8   10    9    9   10   10    7   10    7    9   11   17    7    8    8    7    8    7   10    8    8    8    8   11    9   16    9    9    8    9    8    7    9    8    7   10    7    9    9    8    8    7   17    7    8    7   11    7   11   10    9    8    8    8    8    8    8   10    9    7    9   17   11    8    9    8   11    9   11   11    9   11   11    7    9   18    8   10    9   10    8    8    7   10    8    9    8    9    9   16   11    8   10    7    8    7    7    9    8    7   10    8    9    9    8    8    9   10    8   10    9    7   10
  11   12   10   11    8    9   11   12    8    8   11    9    9   12   12    9    9   12   10    9   12    9    9   12   18   12   18   10    9   20   11    9    8    8    9   18   10    8   11    8   12   12   12   10   10   12    8   20   11    8    9    8   10   11    8   20    9    9   12   10    9    9   11   10   11   10    9   11   12   12   12    9   19   20   12   12   10   12   10   19   12   10   11    9   12    8    9   10   20   10   12   12   10   12   18   11   12    8   11   12   12    8   12   18   11   11    8   19   11    9    8   10   12    8    9    8    9    9    9    9    8    8   18   10   10    9   12   12    9   12    9   17   17   11    8   11    9   12   12   12   11   10   12    8   18    8    8   10   11   20    8    9    8   10    9   11    9   11    9    8   10   12   10    9    8   12   10   12    9    9   10    9    8    9    9    8   11    8    9   11   12   12    8   10   10   10    9   19   10   10   10   17   10   11   12    8   11   12    9   10   10   12   12    9   12    9   10    9    8    8   19   11    9    8    9   12    8   10   12   12    9    9   10    9   18   12   19   11   11    9    9    8   11   17   11   17    9   10    8   12    8    9   10    8    8   12   11   10   12    9    9   11   10   19   12   12   17    8   10   10   12   10    9   12   12   10   12    8   10   11   11   17   12   10   10    9   12    8   11    9   11   11    9   11   11    9    8    8    9   12   10    8   12   11   11   12    9   11   18    9   10    9   19   11    8    8   12   12   10    8    9   12    8   12   11   10    9    8   18   10   10   18   11   12   10   12   11    9    9   12   12   10   12   11    9   12   11   12   11   10   12   10   12   10   10   10    8   17   18   10    8   17   10    9   10   10   10    9    8   18   11   10    9   10   12   20   10   11   11   17   18   10    9   11   10   12   19   11    8    9   17   12    9   11   18   10   10    8   12   10   11   12    9    8   12   11    8   17   12    8    9   12    8   12   10   10    9   12   11    9   18   11   11   11   11   10   11    9   12   11   11   11    8    9   10   10   10   10   11   10    8   12    8    8   18    8    9   11   12    8   12   10   17   12   11   10   11   20   11   10   11   11   19   12   12    9   10   11   10   10   17   11   20   12   19    8   12    8   11   10   12   10   12   11   10   11   10   11    8    9    9    9    8   12   12   11   12    9    9    9    9   17   12   12    8   11   10   10    9    9
  11   12   14   15   13   13   11   13   14   12   11   12   16   15   23   16   15   13   11   14   12   15   12   23   15   15   11   14   12   13   11   17   11   15   14   12   14   15   16   16   15   17   15   14   14   13   11   12   11   28   15   23   14   13   24   12   28   28   11   14   17   15   16   11   12   12   16   15   11   13   15   17   16   14   16   13   27   15   16   13   15   16   15   15   27   17   17   15   12   26   26   11   11   14   16   12   14   12   12   11   14   16   24   23   11   13   14   16   10   13   23   11   13   14   14   16   13   11   13   12   23   28   11   12   15   15   15   14   17   16   15   13   11   11   13   12   12   12   12   14   12   12   11   16   12   13   14   11   15   11   16   11   12   14   11   14   17   15   12   17   15   16   14   12   15   17   12   11   13   15   17   12   10   15   17   11   11   17   27   16   16   14   16   11   12   16   11   11   12   24   16   13   14   12   11   11   14   13   15   27   15   11   11   12   11   27   12   15   15   17   13   16   11   16   17   12   16   11   15   12   11   12   13   14   11   15   10   11   13   11   14   16   14   24   11   26   14   11   16   17   13   11   10   15   11   13   24   27   11   12   16   27   13   12   13   13   17   23   15   12   15   12   16   11   14   16   12   13   12   13   15   11   10   11   17   11   16   13   11   13   16   12   11   26   12   14   27   15   13   12   16   25   15   12   16   13   11   28   13   16   15   17   15   16   15   15   27   13   12   11   12   14   11   12   13   24   14   16   14   16   15   16   14   27   12   13   16   17   10   10   15   15   15   16   12   15   15   14   17   23   11   13   15   13   14   17   15   15   15   14   11   24   12   16   16   11   14   17   12   15   13   14   13   11   16   12   11   12   17   11   16   14   17   11   11   11   16   11   17   28   10   14   12   11   11   15   14   12   14   24   14   13   14   14   17   17   15   16   14   15   15   14   12   14   13   23   12   16   15   12   13   11   12   15   15   12   16   12   16   15   11   13   13   13   13   12   17   17   15   14   15   13   17   11   27   13   15   15   14   11   12   12   12   13   13   15   12   13   13   16   13   11   16   13   15   11   13   14   14   13   17   16   11   11   15   13   16   14   12   12   14   13   11   12   28   13   12   14   14   15   13   15   15   16   17   12   16   24   14   12   12   11   16   15   12   14   12   26   15   14
  15   15   15   12   11   23   13   14   11   13   11   10   15   12   10   15   11   22   11   12   25   10   13   25   11   15   15   11   15   12   12   12   13   14   14   10   11   11   12   13   24   10   12   12   10   25   12   14   14   10   15   14   25   13   11   24   23   14   11   12   15   11   10   14   11   12   10   15   12   13   14   10   15   14   14   14   12   23   12   11   15   15   13   12   15   12   15   11   13   24   11   21   11   10   15   12   15   13   15   10   10   14   11   13   15   10   11   15   10   11   13   15   11   14   13   13   12   14   12   13   11   23   13   13   13   14   12   23   11   13   12   11   12   13   12   14   15   14   13   15   21   13   12   14   11   25   10   12   10   14   13   13   14   15   10   11   11   14   12   13   12   10   25   15   24   13   12   14   10   12   21   14   15   12   13   15   14   15   10   11   13   12   15   23   12   12   14   10   13   13   10   14   12   10   14   11   13   23   14   13   15   15   11   14   24   15   13   13   13   24   12   10   22   13   13   11   15   11   11   24   13   15   14   13   11   11   15   10   11   11   10   12   11   15   10   14   11   21   13   10   12   13   13   14   10   12   12   22   10   12   22   11   14   15   15   12   14   14   12   12   13   14   12   15   14   15   10   15   13   12   12   15   11   15   15   12   13   10   21   15   10   15   25   10   22   12   10   10   13   12   14   13   13   12   11   14   11   14   15   22   10   10   14   23   15   14   24   12   10   12   15   11   10   14   11   10   22   14   10   12   10   11   11   11   14   11   12   13   11   11   14   23   25   14   21   11   11   22   10   15   14   12   23   12   10   15   12   12   15   12   15   11   15   13   15   14   13   15   10   12   23   10   10   11   22   14   15   11   10   15   15   10   11   13   14   24   14   10   14   21   14   12   10   13   14   14   22   10   11   10   10   10   15   15   14   12   13   12   10   12   21   10   12   11   13   11   15   12   11   13   13   15   15   12   10   12   13   11   12   15   14   15   13   11   15   13   13   13   13   10   14   12   12   12   10   13   13   11   21   10   10   14   15   12   12   14   14   15   12   11   11   13   13   10   13   22   10   12   12   13   23   15   10   14   11   12   12   11   13   14   10   12   13   11   23   14   10   14   12   15   12   15   15   11   14   12   10   10   10   21   10   13   15   25   13   13   13   13   10   13
  21   14   18   31   32   15   19   18   15   31   15   19   18   19   21   21   17   21   34   15   18   17   20   32   13   19   13   16   15   14   18   20   20   18   30   14   21   20   16   19   16   29   19   20   32   13   14   18   19   31   20   14   16   30   29   13   15   20   31   15   20   13   13   13   15   14   17   16   13   18   16   14   21   20   21   35   17   16   33   19   19   21   21   17   16   20   31   17   15   19   14   15   15   21   19   19   21   17   35   14   20   21   18   14   16   15   33   19   16   21   21   19   35   14   20   15   15   15   14   18   13   20   21   16   30   16   14   31   20   35   13   14   15   19   33   18   20   20   18   19   20   18   16   19   15   31   14   33   21   14   18   19   31   16   14   20   19   18   15   20   20   18   16   13   21   20   18   13   30   14   15   14   18   19   17   20   19   17   21   17   34   21   15   17   31   15   14   31   15   21   18   17   29   15   18   19   35   17   20   21   18   21   19   16   15   15   30   20   32   14   20   15   20   20   20   20   18   20   18   20   15   21   16   29   19   21   15   18   21   35   18   17   15   17   18   21   21   16   14   13   14   18   14   13   18   20   19   19   18   16   13   17   21   14   17   15   20   13   21   21   21   19   16   15   15   15   32   19   17   16   18   18   15   20   19   17   21   21   19   15   18   13   18   16   35   18   18   20   15   30   20   20   18   20   32   16   17   18   16   15   17   31   18   18   17   15   14   16   17   29   15   18   30   19   14   16   15   15   17   20   15   33   14   17   17   13   19   16   19   19   19   20   19   17   15   20   14   18   30   13   17   16   14   15   17   20   14   18   29   16   16   21   17   17   13   33   20   34   17   18   20   17   29   17   13   20   20   21   14   18   20   16   34   19   19   19   15   30   16   21   20   21   16   15   21   19   17   21   17   16   20   18   18   19   17   19   15   16   15   19   13   20   16   18   34   13   19   20   15   17   17   32   20   16   13   19   18   19   20   19   14   16   14   20   20   21   19   14   13   14   15   15   20   30   20   15   19   17   18   13   19   20   14   19   14   15   14   17   17   17   16   18   15   17   18   17   14   34   21   21   19   16   16   19   14   19   21   19   18   20   20   19   17   14   19   19   30   13   16   15   21   15   19   15   19   17   19   15   19   19   17   17   19   18   18   15   20   16   14   20
   9   20    9    8    8    8    9   17   10   11    9    8    9   12   10   11   17   10   20    9   12   10   10   10   10   10   11   19    8   10   11   12   10   12    8   10   10    8    9   12    8   11   19    9    8    9    9   11   12   11   12   12   12   11   12    9   12   17   10    9    8   10   11    9   19   11   10   11   11   10    8   12    8   11   12    9    9   12   12   11    8   10   12    8   19    9   12    8   10    9   12    9   12    9    9   17   11    9   11    9   18   11   11    8   10    9   11   10   10   10   12    8   10    8   11   10   10   12   10   12   11   10   12    8   17   10   12   19   12    9   11    9   12   17   10    9   12   17    8   11   12   10   10    9    8   10    9    9   19   12    8    8   20   11    9    9    8   10    8    8   11    8    8   12   10   11   11   10   10    8   11    8   11   12   12   11   11   10   11   11   12   11    9    9   12    9   11   12    9    9   12   12    9    8    8   10   11    9   10   12   12    9    9    9    9    9   17   11   11   12   10    8   10   17   10   10   12    9   11   17    8   12   12   11   11   12   10   11   11    9   10    9    8   10   10   11   10   12   12   11   19   11    9   10    8   12   20   10   12    9   10    8   19   12    9   11    9   11   10   12    8    8   12   11    9   12    9   10   19   11   10    9    9   20   18    9   11   11    8    8    9   11    9    9    8    9    9   10   10   11    8   10    8    9   11   10   12   11   11   11    9   11    8    9   10    8   11   10   10    9   11   11   12   12    9   10   11   12   11   10    9    9   11    9    9   11    8   12   11    9   10   10   12   12   12   10    9    8   11   12   10   11    9   12   11   12   10    8   12   17   11   11   11   10   12   12   10   12   11    9   12   11   18   20    8   18    8   11   12    9   11   11    9   10    9    8   18   18    8   11    8   12    8   17    9   10    8    8    9   10    8   12   10   10   12   20   10    8    8   10    9   12   18    8   17    8   19   12    9   18   11    9   12   11    8    8   12   11    9    9   11   10   10   10    8   11   12    8   11    8   17   11    9   11   12    9    9    8   10   12   11    8    9   10    8    8   11    8    8   18   19   12   12   12    9   10   12    9    9    9    8   12    8   12    8   10   11   10    8   12   11   17    9    8   12    8    9   11   19   10   12   11   10   12   12   11   12    9    9   10   11   10   11   12   11   11    9    9    9   11
  13   14   15   15   10   21   10   13   12   12   10   12   11   10   11   12   10   11   10   11   10   11   11   12   10   11   15   15   14   14   11   15   12   15   14   13   10   10   12   12   15   14   14   25   15   14   11   11   15   15   24   13   10   13   12   15   11   13   12   12   13   12   11   11   12   13   13   14   12   15   11   14   12   10   11   13   10   15   12   11   11   10   13   11   10   12   11   14   12   13   22   12   10   13   14   15   11   12   15   13   10   15   11   14   10   11   12   14   23   10   12   15   24   14   12   22   10   13   22   11   13   10   11   15   24   13   11   14   13   11   14   24   11   14   14   15   11   13   12   24   15   15   11   13   13   12   14   23   12   15   10   10   11   10   12   15   15   12   12   15   15   12   23   11   15   15   13   11   12   10   11   11   13   12   22   14   10   11   13   11   14   10   10   11   15   12   24   24   13   15   14   21   21   11   10   11   12   15   10   21   13   12   13   15   14   10   15   10   15   13   10   12   10   15   10   12   25   25   14   14   12   12   15   22   15   11   15   13   12   14   15   15   12   11   11   15   15   14   13   12   25   23   25   15   12   21   10   11   14   14   11   12   23   10   11   15   10   15   25   11   10   11   14   10   10   13   14   12   11   12   13   14   11   11   10   13   14   14   13   10   10   10   13   12   21   11   15   10   12   13   11   11   11   11   14   12   13   15   14   15   15   13   15   13   24   10   11   10   14   12   13   15   14   11   25   15   15   13   10   13   12   10   15   12   11   15   15   14   12   11   15   11   12   14   15   13   13   23   12   24   14   14   12   10   15   11   12   11   12   11   13   12   14   11   10   10   15   10   13   15   22   14   15   11   11   14   11   10   10   14   13   13   12   15   14   13   15   15   14   14   13   14   10   10   15   21   11   13   10   23   15   12   21   13   13   12   24   14   15   14   13   11   12   15   15   10   13   14   15   10   14   11   12   14   14   14   11   12   14   10   10   10   10   22   12   15   13   14   12   14   13   11   11   11   10   12   13   10   11   14   13   10   13   14   14   11   24   21   14   14   21   15   10   15   14   22   12   10   13   15   15   11   11   12   15   13   12   15   14   14   14   15   13   12   12   12   10   12   24   15   12   14   15   11   14   24   24   15   10   10   13   25   12   13   15   12   13   14   15   10
   8    5    5    4    3    5    4    3    5    4    5    3    5    4    4    4    4    3    5    4    8    4    5    4    4    5    5    5    7    4    8    4    4    3    4    4    7    4    3    5    3    4    4    5    8    3    4    4    5    5    5    5    4    4    4    5    4    4    5    5    5    3    3    4    3    5    4    5    3    4    4    5    5    4    5    4    4    5    8    5    3    4    4    7    5    5    7    4    3    5    4    4    4    7    3    4    8    4    5    4    3    5    4    5    4    4    4    3    4    5    4    5    5    4    4    3    5    4    4    5    4    4    3    4    4    5    4    4    8    4    3    5    4    4    3    4    5    4    4    4    4    4    8    4    7    4    4    4    3    4    4    4    4    4    5    3    4    4    5    5    4    5    5    3    4    4    4    4    4    4    5    4    4    4    4    4    5    4    4    4    4    7    4    4    5    4    5    4    4    4    4    3    7    5    8    4    3    5    8    4    5    7    3    3    4    4    4    4    3    4    8    3    7    5    3    4    4    5    8    4    4    4    4    3    3    5    3    3    4    3    5    3    4    4    4    4    8    3    7    4    5    4    5    4    5    8    5    4    4    4    4    4    3    4    5    7    4    5    4    3    4    4    4    3    5    4    4    4    3    4    4    3    3    5    3    4    4    5    8    4    5    7    8    4    8    5    4    4    4    3    3    4    4    4    4    4    4    4    4    4    4    4    4    4    7    4    4    4    5    4    7    4    4    4    3    5    5    5    7    4    4    3    4    4    4    3    4    3    4    3    7    5    5    5    3    4    4    4    5    5    4    4    5    4    5    5    4    4    5    4    4    4    7    4    8    5    4    4    4    4    4    4    5    5    4    4    4    4    4    4    4    4    7    3    7    5    4    4    5    3    4    3    4    7    5    3    5    5    5    5    4    4    4    4    3    3    4    4    3    3    4    4    3    8    5    4    5    4    5    7    4    4    5    5    7    4    4    4    3    4    4    4    5    4    4    4    4    3    5    7    7    5    5    4    4    4    4    4    4    5    5    4    4    5    5    4    5    7    4    4    5    5    4    4    8    5    4    4    4    4    4    3    4    4    4    5    5    3    3    7    3    3    8    4    4    5    5    4    4    4    4    4    4    4    4    4    7    5    4    5    3    4    8    4    4    4    3    4    4    5
  20   37   21   16   17   36   22   21   18   19   37   17   16   21   17   22   23   19   15   17   15   18   15   14   34   15   18   21   22   18   15   34   17   22   36   17   19   17   18   33   36   17   20   22   17   37   21   33   22   19   14   14   35   14   16   16   15   23   18   21   14   17   16   18   18   15   20   20   22   21   19   31   19   20   20   37   14   23   18   20   22   16   17   20   18   17   14   14   15   16   35   14   15   22   37   19   23   20   18   17   15   20   17   14   18   18   22   19   15   19   21   23   38   19   23   22   16   18   18   19   16   31   14   35   31   31   14   22   16   21   19   15   16   19   21   22   19   14   21   17   16   14   23   23   19   21   18   18   20   16   14   21   21   18   18   14   34   16   34   36   19   34   22   31   17   18   21   18   15   15   22   14   18   16   17   22   22   15   22   36   22   20   19   16   18   15   18   18   21   22   16   37   14   20   21   15   16   20   22   16   22   22   23   18   17   18   21   15   23   15   18   17   22   22   21   20   33   22   21   16   17   18   16   34   18   18   15   15   21   22   21   31   19   17   19   23   23   19   21   22   16   15   36   16   22   19   18   19   14   18   17   16   17   21   31   22   16   19   15   17   36   17   19   15   21   18   14   18   15   23   16   20   22   37   16   17   18   20   19   22   35   18   18   22   19   15   19   21   19   20   17   17   36   19   18   21   16   17   21   21   17   15   17   15   21   21   18   23   21   19   22   18   17   20   15   18   15   22   21   14   16   20   19   18   19   18   35   35   22   14   23   23   19   15   21   15   15   14   35   20   15   18   19   20   23   23   23   16   15   20   17   20   23   16   20   18   20   19   15   14   18   21   23   21   36   16   22   22   16   23   21   22   18   22   17   15   19   18   16   20   19   37   18   22   15   38   20   23   19   31   14   23   14   21   32   18   18   21   23   18   18   17   18   20   20   14   16   17   37   14   16   22   23   21   21   21   21   21   16   21   21   21   21   16   15   18   15   19   14   37   18   19   21   17   17   35   16   17   15   16   16   20   19   22   16   33   15   19   18   19   17   18   20   18   20   17   21   16   14   20   22   16   18   16   19   21   22   21   19   20   23   16   20   14   18   17   18   15   23   14   15   18   21   36   15   16   14   17   17   18   17   17   19   18   17   35   15   23   35   17
   8    9   11   11   11   12   17   19   11   10   12    9   12   11   10   11   17   11    9    9    8   12    8    8   11    8    9    9    9   11   10   17   11   11   11    8   12   12   10    9    9   10   12    9   17   10    9   10    8   11   20   18   11    8   19    9   12    8   10   10    9    9   12   12    9   12   11    8   19   10    8    9   12    8    9   10   12   12   10   10   11   10    9    8    9   12   17   12    8   12    9    8    9   10    9    8   10   18    8    9    9    9    9   19    9   12    8    8   20   12   11   12    9   18   11   11    8    9   11    9   19    8   10    8    9   11   20    9   10   12    9   11   10   11   10   10   11    8    9   11   11    9    8   12   12   10    9   10   17   11   11    9   18   12   11   12   12    9    8   10   10   12    8   10   11    8    9   12    8   20    9   12   11   12   20   10   10   10    8    9   12   12    8   11    9   10   12   12   10   11   11   10   10   12   11   12   10   12    8    8    9   10   19   18    8   12   20    8   18   11    8   10   11    9   10   12    9   12   11   12   11   10   10   10   11   18   10   10   17   10   11    8   20   10    8   12    9   11    8    8    8   11   10   19    9   12    9   11    9   12    8   17   12    9    8   12   20    8    9   11    9   10   12    8   11   17    9    8    8    9   12    8   12   11   11   10    8   10   20   10    9   17    8   11   12   12    9   12   11   12    8    8    9   10    9    8   11    9    8    8   10   12   12    8   11   17   11   12    9    9   12   11   12   11   12   10   11    8    9   18   10    9   12   12   10   11   11    9   10    8   10   20   20    9    9   11    9   10   11    9   11    9   12   12   11    8   12   12    9    8   11    8   11   18   11    9   11   11   12   12   10   10    9   18   10   11   12   12   10   12    8   12    9   11   12   12   10   20   11   12   12   18    9   10    9   11   12   11    9    9    8    9   12    9    8   12    9   17    9   11   12   11   17   10   11    8   12   11    9   20   11   12    8   19    9   12   11   11    9   11    8   11   18   12    9   11    8   11   11   12    8    8   10   11   11   11   20   12   11    8   11   10    9   11   17   12    9    8   10   18   20   12   11   19   20   10   10   10   12   12    9   19   10    9   19    9    9   12   12    9   11    9    9   10    9   12   12   12   12   12   11   12   10   11   10   17   10   17    8   10   10   12    9   12    8    8   11   10   12   10
