spsp
14
2
500
24 14 9 1 1 17 12 10 1 47 39 20 21 48 
33 17 14 9 9 28 22 15 7 58 49 25 26 52 
10 10 
0.002 0.002 0.002 0.002 0.002 0.002 0.002 0.002 0.002 0.002 0.002 0.002 0.002 0.002 0.002 0.002 0.002 0.002 0.002 0.002 0.002 0.002 0.002 0.002 0.002 0.002 0.002 0.002 0.002 0.002 0.002 0.002 0.002 0.002 0.002 0.002 0.002 0.002 0.002 0.002 0.002 0.002 0.002 0.002 0.002 0.002 0.002 0.002 0.002 0.002 0.002 0.002 0.002 0.002 0.002 0.002 0.002 0.002 0.002 0.002 0.002 0.002 0.002 0.002 0.002 0.002 0.002 0.002 0.002 0.002 0.002 0.002 0.002 0.002 0.002 0.002 0.002 0.002 0.002 0.002 0.002 0.002 0.002 0.002 0.002 0.002 0.002 0.002 0.002 0.002 0.002 0.002 0.002 0.002 0.002 0.002 0.002 0.002 0.002 0.002 0.002 0.002 0.002 0.002 0.002 0.002 0.002 0.002 0.002 0.002 0.002 0.002 0.002 0.002 0.002 0.002 0.002 0.002 0.002 0.002 0.002 0.002 0.002 0.002 0.002 0.002 0.002 0.002 0.002 0.002 0.002 0.002 0.002 0.002 0.002 0.002 0.002 0.002 0.002 0.002 0.002 0.002 0.002 0.002 0.002 0.002 0.002 0.002 0.002 0.002 0.002 0.002 0.002 0.002 0.002 0.002 0.002 0.002 0.002 0.002 0.002 0.002 0.002 0.002 0.002 0.002 0.002 0.002 0.002 0.002 0.002 0.002 0.002 0.002 0.002 0.002 0.002 0.002 0.002 0.002 0.002 0.002 0.002 0.002 0.002 0.002 0.002 0.002 0.002 0.002 0.002 0.002 0.002 0.002 0.002 0.002 0.002 0.002 0.002 0.002 0.002 0.002 0.002 0.002 0.002 0.002 0.002 0.002 0.002 0.002 0.002 0.002 0.002 0.002 0.002 0.002 0.002 0.002 0.002 0.002 0.002 0.002 0.002 0.002 0.002 0.002 0.002 0.002 0.002 0.002 0.002 0.002 0.002 0.002 0.002 0.002 0.002 0.002 0.002 0.002 0.002 0.002 0.002 0.002 0.002 0.002 0.002 0.002 0.002 0.002 0.002 0.002 0.002 0.002 0.002 0.002 0.002 0.002 0.002 0.002 0.002 0.002 0.002 0.002 0.002 0.002 0.002 0.002 0.002 0.002 0.002 0.002 0.002 0.002 0.002 0.002 0.002 0.002 0.002 0.002 0.002 0.002 0.002 0.002 0.002 0.002 0.002 0.002 0.002 0.002 0.002 0.002 0.002 0.002 0.002 0.002 0.002 0.002 0.002 0.002 0.002 0.002 0.002 0.002 0.002 0.002 0.002 0.002 0.002 0.002 0.002 0.002 0.002 0.002 0.002 0.002 0.002 0.002 0.002 0.002 0.002 0.002 0.002 0.002 0.002 0.002 0.002 0.002 0.002 0.002 0.002 0.002 0.002 0.002 0.002 0.002 0.002 0.002 0.002 0.002 0.002 0.002 0.002 0.002 0.002 0.002 0.002 0.002 0.002 0.002 0.002 0.002 0.002 0.002 0.002 0.002 0.002 0.002 0.002 0.002 0.002 0.002 0.002 0.002 0.002 0.002 0.002 0.002 0.002 0.002 0.002 0.002 0.002 0.002 0.002 0.002 0.002 0.002 0.002 0.002 0.002 0.002 0.002 0.002 0.002 0.002 0.002 0.002 0.002 0.002 0.002 0.002 0.002 0.002 0.002 0.002 0.002 0.002 0.002 0.002 0.002 0.002 0.002 0.002 0.002 0.002 0.002 0.002 0.002 0.002 0.002 0.002 0.002 0.002 0.002 0.002 0.002 0.002 0.002 0.002 0.002 0.002 0.002 0.002 0.002 0.002 0.002 0.002 0.002 0.002 0.002 0.002 0.002 0.002 0.002 0.002 0.002 0.002 0.002 0.002 0.002 0.002 0.002 0.002 0.002 0.002 0.002 0.002 0.002 0.002 0.002 0.002 0.002 0.002 0.002 0.002 0.002 0.002 0.002 0.002 0.002 0.002 0.002 0.002 0.002 0.002 0.002 0.002 0.002 0.002 0.002 0.002 0.002 0.002 0.002 0.002 0.002 0.002 0.002 0.002 0.002 0.002 0.002 0.002 0.002 0.002 0.002 0.002 0.002 0.002 0.002 0.002 0.002 0.002 0.002 0.002 0.002 0.002 0.002 0.002 
  25   30   32   31   19   21   30   20   18   30   20   27   18   31
  46   51   29   52   45   31   47   51   49   28   40   36   34   44
   4    9    4    3    6    4    7    6    8    2   10    2    3    4
   3    2    9    5    9    2    4    4    6    2    4    6   10    9
  20   14    7   24   18    3   16    3    9   25    6   14    4   17
   8   14    8   15    9   11    3    8   10    7    3   10   15    3
  25   24   23   20   22   20   25   20   23   19   21   30   22   22   71   30   28   28   29   62   22   25   27   66   61   22   26   24   19   22   20   19   29   30   28   20   22   25   30   21   27   24   25   20   20   24   24   27   27   24   75   30   20   24   67   29   21   66   69   30   27   23   23   30   27   29   23   21   28   28   20   26   26   25   24   30   21   22   20   24   61   19   21   29   24   20   22   21   76   20   21   23   19   26   24   27   24   22   24   23   23   27   23   25   22   24   21   24   27   19   75   21   62   29   25   23   23   27   21   30   24   24   24   21   23   21   25   28   30   27   25   66   28   22   24   28   24   30   24   75   30   74   29   22   20   30   30   29   67   28   25   20   25   25   28   76   19   29   22   23   30   23   27   30   68   25   20   30   21   26   21   67   23   30   25   79   27   20   24   27   21   19   21   28   20   26   63   25   29   22   26   21   21   27   24   21   22   26   23   21   29   21   21   21   24   24   78   26   24   26   21   21   21   21   27   74   23   66   19   23   19   27   76   19   27   19   20   20   27   28   21   24   21   27   23   20   28   30   27   24   23   30   30   24   25   19   25   71   22   19   20   25   30   22   29   19   30   30   29   22   22   19   23   27   27   25   19   20   21   65   23   71   21   22   27   23   26   27   26   29   26   23   30   22   29   20   29   29   19   30   77   27   30   23   77   22   24   30   23   24   28   25   27   24   29   30   19   80   22   28   30   19   24   25   19   24   71   28   29   30   20   28   27   19   29   77   22   23   26   30   30   23   26   19   22   73   22   21   21   26   68   28   26   25   22   24   25   27   19   67   26   30   25   20   27   29   26   24   28   29   28   25   75   75   27   28   26   76   20   24   21   22   24   27   24   23   25   26   80   19   27   19   25   19   27   19   77   21   23   25   80   65   24   61   27   24   28   30   23   21   26   23   28   26   25   29   20   28   23   27   75   23   30   24   19   28   21   19   30   30   20   30   24   22   23   22   27   26   71   26   22   26   22   23   22   25   27   66   27   72   26   30   79   23   23   27   30   26   69   23   22   28   29   24   19   19   26   25   30   20   25   23   68   24   23   29   24   19   30   75   19   21   25   24   27   20   20   79   29   26   30   29   21   22   24   28   28   26   25   25   30   26   30   23   23   27   28   23   20   28
  21   21   15   18   14   17   14   15   19   19   20   15   21   34   29   30   17   20   19   15   32   20   18   16   15   21   33   14   15   16   18   18   15   15   16   20   35   30   18   21   34   18   14   19   14   21   15   14   29   19   31   32   17   21   15   19   15   14   15   17   18   19   17   21   18   21   18   19   21   20   20   20   13   16   15   14   15   20   19   16   15   17   15   14   16   21   16   17   17   34   19   15   19   18   15   16   14   17   15   17   20   16   17   17   20   14   32   14   19   18   18   19   18   14   14   31   14   15   21   16   34   34   33   16   15   31   18   17   13   15   17   14   20   13   14   33   18   14   16   17   20   19   18   17   13   30   17   18   20   19   15   15   21   21   19   16   15   14   13   34   31   16   17   18   16   19   19   19   20   17   18   13   20   19   35   18   17   20   18   17   30   15   15   16   32   14   21   17   16   35   15   21   19   30   20   16   19   14   21   17   14   13   15   14   14   17   19   15   18   15   18   16   19   17   17   14   16   14   17   19   19   16   19   17   20   14   32   29   18   15   21   21   21   18   21   34   20   17   14   16   15   30   19   17   20   20   14   16   21   20   17   15   16   31   14   19   17   17   32   21   15   33   16   15   17   20   20   16   31   17   19   20   20   20   21   20   16   16   16   15   19   32   21   20   19   18   16   19   20   15   19   16   19   20   18   15   18   17   20   20   16   19   17   18   18   17   14   19   15   20   20   21   14   20   16   20   14   20   14   21   19   14   20   20   17   18   18   19   13   14   35   16   20   15   18   14   14   20   14   15   16   15   15   15   20   29   17   21   18   17   17   19   20   17   19   15   14   14   19   20   19   14   16   19   20   35   21   13   18   17   21   35   20   35   19   21   20   14   21   32   14   15   14   31   14   32   15   13   14   20   16   21   14   17   18   20   15   19   20   19   16   19   14   15   18   19   14   21   19   19   17   18   18   21   21   17   20   18   17   14   21   19   19   14   14   19   33   29   15   21   18   19   20   19   20   16   17   18   18   34   20   18   19   15   20   19   33   15   31   18   17   33   13   21   34   14   14   20   20   19   19   17   18   20   16   18   17   30   20   20   15   14   20   15   15   21   19   13   17   14   16   16   13   14   14   17   13   15   18   17   18   16   17   14   21   15   21   14   15   16
  10    8    7    9   16   18   10   15    7   11   10   17    9   16   10   18    9   11    8    9    8    7   10    9    8   10   10    9    9    8   10    9    8    7    9    8    9    8    9    8   10    7   16   10   10   10   10   10    9   16   17   11    7   10   18    8    9   10    8    9   11    9   11    8    8    7    9    8   10   11    9    9    9   10   18    7    9   15   10   10    7    8   17   11   10    9   10   11   11    9    7   11    8    7   11    8   11    9    9   11    8   10    9    9    9   11   10   10   10    7    7    7    9    7    9    8    7   10    8   11   10    7    9   11   10   17    9    9   10   10    8   17    8    8   17    8   10    9   15   11    7    7   17    7   11   17   10    9    8   10   10   10   10   10    9    9   11   10   11    7    8   16    8   16    7   11   11   10    8    7    8   11   16   15    9    9   10   16   10    8   10    7    8    8   10    9    8    7    8    9   10    9    9    9   11    9    9    8    8   10   17    9   11    9    7    7   11   10    7    9   10    8   10   10    7   16    7   11    7   11   10   10   16    9    8   16    9   10   11   16    8    9    8   10    7   16   10    8   16    9    7   10    8    7    7   11    7    7    8   17   10   11    8   15    9    7   11    8    9    8   10    8    9    7   10   10    8    7   11   11    9    8    7   10    8   10   10    9   15    8    9   17    8    9    8   10   10    9   10    9    8   10   10   10    8    9   10   11    7    8    9    7    9    8    7    8    8    8   10    7   10    9   10    9   10    7   10    8    7    8    7    8   18    8   17    8    8   10   11   15   15    9   10   10    8    9   10   11   10   10    8   10    9    9   16   10   16    7    9   11    9    8   10    9    9    8    9   16   10   10    7   10   16   11    8   10    7    9   10   11    7    9    8    9    7   17    8    9   10   10   17   10    7    9    7    8    9    8   10    7   11    7   10   11    9   15   10    9    9    7    7   10   11    7    9   17   10   10    8    9    7   10   11   11    8    9   11   11   15   15    9    9    9    8    7    7    8   10    9   11   18    8   16    7   15    9    7    7   10    8    9   17    9   11    7   17   18    7    9   11   11   11    7    9    8    8   10    8    8    8    9    8   10   10    8    7    8    8   10    9   10    8    9   11   11    9    7   10    9    8   16    7    9    8   10   10    9    8    8    8    7    9    9    9    9   10   11   10   17   10
  30   30   36   29   33   28   34   34   32   79   23   31   23   29   36   86   23   33   27   35   33   95   26   27   30   23   26   23   23   32   28   25   34   24   36   24   36   31   24   27   32   24   26   25   23   30   29   24   36   29   32   87   32   26   73   34   80   35   26   34   23   25   27   24   33   36   26   28   35   31   31   23   26   86   96   28   33   27   27   24   24   27   31   33   27   93   35   24   29   35   28   26   35   34   24   29   30   92   30   33   34   25   29   26   25   28   25   30   26   23   23   29   24   30   24   28   23   29   24   23   26   23   83   73   34   24   29   36   35   28   23   29   26   23   25   23   28   28   33   30   28   24   33   23   27   95   34   28   32   24   30   23   32   24   36   22   26   26   29   34   34   24   29   96   23   80   31   36   34   28   28   32   28   34   32   82   32   34   32   81   27   32   28   33   28   33   25   89   27   79   26   31   31   31   35   23   80   29   81   31   27   34   27   24   34   83   36   32   23   34   25   34   30   33   28   27   26   24   76   32   36   29   36   35   29   33   25   25   29   36   35   33   34   23   35   29   78   90   25   33   24   28   25   24   22   30   30   36   32   26   36   26   22   31   25   33   35   34   75   34   33   30   83   73   28   27   31   27   30   23   31   36   29   24   28   36   33   82   36   31   26   31   92   33   26   33   33   27   31   23   26   23   31   33   29   84   88   81   30   34   30   31   30   36   29   36   29   23   26   34   25   34   27   27   25   30   74   28   96   31   27   25   26   31   32   25   25   85   29   26   24   32   36   27   23   25   31   29   35   35   36   22   27   22   31   24   30   31   36   85   25   88   25   22   77   87   29   32   27   28   24   29   28   28   32   35   35   25   88   84   34   34   29   23   35   36   33   31   27   30   22   92   32   24   36   32   28   34   28   32   30   29   27   28   29   26   33   34   24   24   26   24   25   23   32   26   32   24   31   34   22   30   25   33   36   27   32   86   84   22   22   31   84   33   24   74   26   73   36   32   33   24   27   24   80   35   27   26   25   32   22   36   30   30   28   34   28   32   34   32   23   93   94   31   33   24   24   32   27   29   26   23   28   35   35   25   35   28   35   35   35   30   78   24   25   26   27   23   30   34   29   30   25   28   31   27   23   96   25   29   26   89   22   76   28   35   26   28   36   82
  18   24   21   25   26   26   17   27   25   25   17   19   20   22   57   57   25   17   27   17   27   19   24   27   26   18   72   23   23   25   18   24   22   22   17   22   17   17   17   22   24   18   19   22   20   19   21   17   72   19   18   71   22   64   19   23   23   21   17   19   21   23   20   17   24   17   24   27   22   22   19   23   27   24   17   24   18   23   24   27   21   65   18   21   24   23   19   21   20   23   24   26   18   24   27   26   20   18   26   21   27   27   26   22   26   26   17   22   26   19   25   20   26   19   26   17   21   27   26   17   20   24   24   26   23   24   61   24   19   23   20   55   27   20   72   20   22   62   72   17   26   21   21   26   27   26   25   17   25   18   22   19   21   22   21   23   26   24   27   23   19   20   63   20   66   20   23   22   22   25   17   18   19   23   22   24   22   21   26   24   23   20   21   21   18   59   24   26   17   17   17   21   18   62   20   20   20   25   20   21   22   19   27   19   17   23   23   20   19   26   18   22   24   19   19   25   24   19   17   26   20   21   27   22   25   26   26   18   23   20   21   62   19   18   25   22   23   20   21   20   58   18   62   22   19   20   19   27   19   61   26   26   24   27   25   24   26   20   26   24   23   24   21   27   21   17   17   23   18   72   61   22   18   22   26   20   60   23   26   27   18   25   24   25   27   23   20   22   22   23   22   22   17   18   26   25   24   23   27   17   19   22   23   19   26   23   25   26   21   26   19   56   26   19   25   18   27   24   19   23   19   17   21   21   25   56   56   21   17   19   55   21   55   24   18   22   18   19   57   24   67   18   22   21   17   19   20   22   21   19   20   24   18   18   20   22   22   20   24   24   19   24   23   59   20   25   66   21   23   26   18   17   22   24   24   20   26   68   20   27   20   71   20   26   23   26   23   21   62   26   20   24   27   20   27   67   24   24   17   27   67   21   27   26   21   25   26   61   24   18   27   24   58   24   18   22   58   66   62   26   19   21   24   22   21   20   20   25   19   23   18   25   26   21   24   26   59   22   25   19   17   19   71   58   18   60   24   26   24   20   17   21   26   25   20   25   26   63   24   17   18   70   22   61   25   26   25   20   25   70   20   21   26   23   19   27   17   26   19   21   26   17   18   23   19   27   18   21   22   18   26   18   19   25   25   21   24   19   26   19
   5    5    4    3    4    4    3    4    4    7    5    4    5    5    3    4    8    5    4    4    5    4    4    7    5    4    5    4    5    3    4    3    3    4    7    5    8    7    5    4    4    4    5    3    3    4    3    3    7    3    4    4    7    4    5    4    3    3    4    7    4    5    4    4    4    5    5    3    3    5    4    4    3    7    4    4    5    4    4    4    5    3    4    3    4    4    3    4    4    5    7    3    5    5    7    4    4    4    8    4    3    3    4    3    4    5    5    4    5    4    7    4    4    3    7    4    3    5    5    5    7    5    4    5    4    4    4    4    3    5    4    7    5    4    3    5    5    4    7    4    4    3    3    4    4    4    4    3    3    4    7    4    4    3    7    4    7    3    4    8    3    3    5    4    3    3    5    5    5    5    8    5    4    4    5    4    5    4    4    4    5    5    4    4    3    4    3    5    3    7    4    5    3    3    3    4    4    5    3    4    8    3    5    5    8    4    3    4    5    4    5    5    5    7    4    4    3    8    7    4    4    8    5    4    5    4    3    4    4    4    4    3    5    5    4    5    5    5    7    4    3    8    5    5    4    4    3    3    7    4    3    4    5    3    4    4    4    3    4    4    4    4    4    4    3    4    5    5    4    5    4    3    4    7    3    5    4    4    4    4    4    3    4    4    4    7    4    5    4    3    4    4    4    4    5    3    5    4    5    4    5    3    5    3    4    8    4    4    7    4    3    5    5    3    4    4    4    4    5    4    3    5    5    7    4    5    7    7    4    5    4    7    4    5    4    4    3    5    4    5    4    5    4    4    5    3    4    3    4    8    5    3    4    5    4    4    5    4    4    5    4    5    7    4    3    4    3    3    4    4    5    4    3    4    8    3    8    4    5    4    3    4    4    8    7    4    5    4    4    4    7    4    5    4    4    4    4    5    5    7    3    5    4    8    5    4    4    4    7    3    4    4    5    4    4    4    3    4    4    4    4    3    5    3    3    3    5    5    5    5    5    4    4    3    5    4    3    7    4    7    4    3    5    5    4    8    4    4    4    5    4    3    7    4    8    4    4    4    7    4    3    5    5    5    5    4    7    3    3    3    5    4    4    4    4    4    4    4    5    5    5    3    4    3    7    5    8    4    5    3    7    7    4    5    3    5    4    4    4    4
  20   34   21   16   22   24   24   18   18   15   23   18   34   18   16   39   36   18   23   19   33   22   36   15   20   21   22   23   17   15   23   20   24   39   15   24   23   20   17   21   20   18   19   21   21   39   15   16   24   24   16   19   22   23   20   20   18   33   38   23   19   21   18   17   20   17   33   24   23   21   18   18   17   19   22   18   18   23   17   18   19   23   21   17   37   17   16   20   22   17   20   16   16   16   22   33   17   24   15   20   19   24   36   22   21   19   19   24   21   24   20   23   21   21   20   23   23   20   17   17   23   23   38   39   35   24   19   19   24   19   23   16   35   21   18   34   23   16   22   22   17   24   19   21   16   20   23   18   19   21   16   23   20   15   18   18   16   17   40   21   24   15   23   20   20   37   20   19   18   18   19   20   23   22   21   24   23   15   22   38   24   16   34   22   16   18   17   16   16   16   22   24   22   16   34   37   18   22   17   16   22   15   20   15   21   20   16   19   17   23   15   17   24   17   16   20   20   17   20   20   21   18   22   21   20   20   16   22   39   19   20   15   39   17   21   22   38   21   17   40   18   20   18   17   21   24   21   16   22   22   16   20   16   24   16   38   19   20   20   35   20   21   18   24   22   16   19   18   24   19   17   24   39   18   15   39   18   20   20   19   18   15   18   17   15   17   20   20   21   20   21   20   24   17   18   22   18   33   22   17   34   19   22   22   22   15   19   22   20   21   23   20   19   16   18   20   23   33   40   21   19   22   15   24   24   16   18   19   35   16   21   18   19   35   20   19   22   23   22   20   20   19   17   20   33   16   38   24   17   20   19   39   24   21   39   21   24   19   16   39   20   15   24   17   37   16   19   21   17   22   20   23   21   23   37   23   16   24   38   20   20   34   19   18   21   19   17   15   16   39   19   22   21   18   24   15   17   18   24   19   16   20   24   18   19   17   33   38   16   18   16   20   20   21   40   23   21   16   15   18   17   15   20   23   17   16   16   21   20   24   20   15   19   17   37   17   23   20   18   19   21   36   21   24   16   17   39   22   16   22   24   19   22   19   20   19   24   20   16   20   15   18   18   20   22   35   21   24   18   20   18   21   17   22   17   20   22   17   17   33   19   17   22   24   19   21   20   20   18   15   33   22   18   35   21   24   19   15   40   36
   4    3    5    4    5    4    4    5    4    5    5    3    5    5    5    4    4    5    8    4    4    3    7    3    4    3    4    4    5    4    5    4    4    4    4    3    4    3    4    3    3    5    4    7    4    5    5    4    4    4    5    3    5    4    4    8    5    5    5    4    4    4    7    4    7    4    4    5    4    5    4    4    4    4    3    3    4    3    4    5    3    5    8    4    4    5    3    5    8    5    3    7    3    4    5    4    4    4    5    4    4    4    5    7    4    3    3    3    3    4    5    3    3    4    5    4    4    4    4    4    4    5    4    4    7    5    4    4    4    4    5    4    4    4    5    5    7    4    4    4    5    4    4    4    4    3    4    3    8    4    5    4    3    4    4    4    3    4    7    5    4    4    4    4    5    4    7    4    4    4    4    4    5    4    4    8    5    4    7    7    4    4    4    3    3    5    4    3    5    4    4    5    4    4    4    4    4    5    4    3    4    4    5    5    5    4    4    4    4    4    7    4    4    4    4    3    5    4    4    4    4    4    4    8    3    4    4    4    4    4    4    5    4    4    7    3    5    4    4    3    4    3    5    5    4    4    5    5    5    5    4    4    5    4    7    4    4    4    4    7    4    4    3    4    4    7    4    4    5    5    5    4    3    4    3    5    4    4    3    8    5    7    4    4    5    3    5    5    4    5    4    7    4    5    3    4    4    4    3    3    7    4    4    4    4    3    5    4    4    4    5    3    5    3    5    3    7    5    5    4    4    4    5    8    4    3    4    3    5    4    3    4    3    3    7    8    5    4    4    4    5    5    3    4    4    4    5    8    7    4    5    4    4    4    4    8    7    5    4    3    3    4    4    4    4    3    4    4    3    4    3    4    8    3    4    5    4    3    4    8    5    4    4    4    5    4    7    4    4    4    4    4    5    4    4    3    4    4    5    3    4    4    4    5    4    4    5    5    5    5    4    5    4    4    5    4    5    4    5    8    5    5    4    5    4    3    5    4    4    4    3    4    5    3    3    4    4    3    5    5    5    4    4    3    5    5    4    5    4    4    4    4    5    4    4    4    4    4    4    5    3    4    3    5    4    8    4    4    4    5    5    4    4    5    4    4    4    4    4    4    4    5    3    4    5    5    5    3    3    3    5    4    7    4    4    4    4    4    5    5
  20   12   10   14   11   11   22   10   12   23    9   12    9   11   14   13   11    9   10   12   23   11   13   11   12   12   11   19   14   11   12   13   13   13   10   13   12   21    9   10   10   11   13   10   10    9   12    9   21   13   11   21   12   11   13   10   13   12   11   11   11   13   10   10   12    9   10   10   14   22   13   22   11   13   11   11   13    9   10   14    9   10   19   11   13   10   11   10   10   11   12   13   12   12   14   13    9   12   11   12   12   21   10   12   11   22    9   12   14   10   13   20   14   11   14   11   14   13   19    9   13   13   12   10   23   13   12   12   11   12   11   12    9   10   20   12   13   12   14   22    9   11   12   12   11   11   11   11    9   14   23   12   10   22   14   13   10   12   10   10    9   12   12   14   10   11   10   10   10   11    9   14   20   10   13   13    9   21   14   13   12    9   11   10   11   13   19   12   11   10   22   14   13   13   10   11   14   12    9   12    9   14    9   12    9   13   11   13   14   12   11   10   10   12   13   13   12   14   10   13   11   11   10   12   12   11    9   11   11   23   11   12   12   12   20   12   10   14   11    9   12   12    9   10   11   12   11   21   12   21   10   10   11   13   11   10   11   14   10   22   12   12    9   13    9   12   13   14   19   11   10   23   12    9   20   10   11   14   12   12   13   13    9   12   11    9   11   10   12   11   13   13    9   13   13   13   14   10   10   20   12   20   14   10   10   11    9   13   10   10   14   22   10   11   14   12   22   10   12    9   12   14   11   11    9   10   12   10    9   11   12   11   10   10   13   21    9   10   13   13    9    9   13   23   13   10    9   11   11    9   13   12   12   13   22   11   12   10   12   14   19   12   13   11   13   14   11   10   12   10    9   12   10   10   13   13   11    9   13   10   11   10   10   13   10   20   12   13   13   11   12   22   10    9   10   10   10    9    9   12   10   13   13   20   12    9   10   13   20   10   14   14   14   13    9   22   12   23   13   12   12   10   12    9   22   13   13   10   13   10   13   12   10   12   19    9   13   14   14   12    9   10   10   12   20   12   11   10   13    9   12   13   14   20   11    9   14   13   11    9   12   12    9   11   10   10    9   11   20   20    9   13   11    9   11    9   13   10   11   10   12   10   12   13   10   13   10    9   13    9   13   11    9    9   11   10   13   10   14   11
  35   30   33   25   34   34   26   32   80   88   27   28   32   34   31   36   25   35   34   37   27   89   36   35   28   33   31   29   28   32   30   34   35   84   25   33   32   23   34   31   25   27   32   33   36   27   37   32   35   28   29   33   37   24   30   28   32   26   28   36   31   77   23   37   28   37   29   24   33   37   97   24   24   23   35   25   32   33   34   32   35   24   30   37   31   37   32  100   26   27   24   24   38   32   36   35   27   26   25   30   37   32   77   29   36   25   28   31   29   33   32   24   29   28   30   34   29   34   28   35   35   29   30   30   78   27   35   34   82   37   30   34   26   34   28   31   31   34   33   38   24   35   30   36   31   35   34   29   85   27   34   29   26   93   27   36   37   33   25   24   36   34   32   24   34   37   23   85   30   25   78   29   34   25   26   25   97   33   90   37   29   30   23   23   23   27   86   35   28   32   30   26   28   25   26   36   31   34   33   26   25   29   32   37   30   23   33   24   38   35   94   97   31   27   25   38   81   36   34   36   31   26   37   33   36   37   24   37   31   33   23   37   84   27   29   35   37   85   25   30   32   25   78   35   37   34   31   31   89   25   33   32   31   34   26   32   35   26   31   31   36   26   32   36   32   34   26   29   27   23   38   29   33   37   25   28   36   36   33   36   27   34   33   24   30   29   27   25   33   25   37   79   27   34   35   30   35   26   36   30   28   27   24   31   23   27   36   35   32   33   35   23   25   25   88   34   35   32   78   24   35   25   24   25   24   37   24   35   34   25   76   38   26   25   33   34   32   30   36   25   27   35   35   36   25   35   36   25   34   30   34   26   32   27   29   24   35   28   32   31   38   27   26   37   23   35   24   36   26   26   27   32   35   33   25   23   28   25   30   23   32   36   32   27   26   25   95   37   94   37   33   32   34   37   32   24   38   34   93   26   26   26   37   35   33   24   24   30   25   33   38   29   88   30   28   36   23   76   33   32   33   25   93   35   28   28   31   27   26   36   77   23   33   33   28   34   37   87   35   37   33   31   37   30   27   29   30   25   93   27   27   25   30   24   37   28   33   36   30   29   25   26   23   25   26   85   76   37   36   29   35   29   26   29   26   33   38   36   28   88   27   37   27   29   30   85   25   29   24   37   34   25   30   36   37   26   31   36   36   25
  14    7    9    6    8    7    9    8    9    9    7    8    7    8    7    9    7    8   14    7    9    7    9    9    6    8    7    7    9    9    8    9    9    8    8    9   13    7    7    6    6    7    7    7   13    7    7    7   14    8    9    8   14    7    8    7    6    9    6    7    9   14    6    7    7    8    7    8    9    6    9    6    8    8    9    6    8    7    7    6    7    9    9    9    6    8    9    8    9    7    8   14    7   13    7    9    7    8    9    8    6    9    7    8    7    9    7   14    7   14    8    8    7    7    9   14    8    9    8    6    6    8    8    8    8    7    6    9    7    7    9   14    9    6   15    9    9   14    7    8    9    9    7    9    9    9    9    7    7    7    6    8    8   15    9    8    9    9    9    9    8    7    7    8    7    6    7    9    9    8    8    9    7    7    9   15    8    9    7    8    7    7    8   15   13    6    8    8    9    6    9    7   13   15    7    8    8    7    8    7    8    6    9    7    6    8    9   13    9    7    9    9    7    7    8    8    8    9    8    9    8    9    6    7   15    9    7   14    8    8    6    9    6   14    7    7    8    7    8    7    8    7    9    7    9    8    9    6    7    9    7    8    8    6    9    9    8    7    9    8    6    7    9    7    8    7   13    9    6    6   15    6   14    8   13    7    7    7    7    8    8    8    7    7    9    9    8    9    8    8    8    8    6    7    9    7    9    6    7    8    7    9    8    9    8    8    6    8    7    8    9    7   14    9    7    8    8    7    9   14    8    7    7    6    9    7    7    7   15    8    9    9    7    8    8    8   15   14    6    8    6    9    8    8   15    7    8    6    9    8    8    9    6    7    6    9    7    6    7    7    8    8   13    7    8    9   13    9    9    9    6    7    7    7    6   13   13    7    6    7    9    8   14    7   14    8    6    9    8    6    9    9   14    7    8    9    9    7    7    8    6    8    6    8    8    9    8    9    6    6    9    8    9    6    9    9    7    7   15    7    8    8    6   14    7    9   15    8    9    9    9    9    8    8    8    9    7    7    8    6    9    9    9    7    7    9    9    7    6    9    8    8    6    7    9   14    6    7    7    8    8    6   15    7    7    7    7    6    6    9    6    7    8    6    7   15    8    9    6    9    9    8    7    9    7    9    9    9    9   14    8    7    8   14    6    8    7   13   15    9
  17   19   19   21   17   20   16   20   20   33   19   20   19   17   14   18   21   16   20   17   18   18   21   20   17   18   18   15   14   18   30   21   16   19   14   18   16   18   14   32   13   14   17   19   15   20   31   35   18   21   16   20   21   14   19   15   15   13   14   14   15   14   19   21   21   20   19   17   20   17   18   29   18   31   21   21   31   20   21   21   17   32   19   16   17   29   20   16   20   14   19   18   14   21   16   20   34   17   15   17   21   21   19   13   17   16   21   17   20   14   30   29   17   17   15   13   21   32   34   16   14   15   18   17   14   16   18   30   16   14   13   21   16   16   15   20   14   16   14   19   18   35   21   21   16   14   15   15   17   13   14   18   16   15   16   16   17   21   14   16   14   29   13   17   17   14   14   16   21   21   20   16   15   13   14   17   17   20   14   21   21   15   15   15   21   14   14   15   31   14   19   21   19   14   17   20   18   14   29   20   16   21   17   16   15   18   15   20   15   19   31   18   18   14   18   20   33   19   19   16   16   20   20   21   16   14   19   14   21   17   16   16   15   16   18   20   14   14   15   15   15   21   16   20   18   19   17   18   17   19   21   18   15   18   20   18   19   16   20   20   14   17   18   21   18   17   17   34   16   13   13   17   19   17   20   16   21   16   19   13   19   15   19   21   20   17   32   21   29   33   31   16   21   20   20   16   15   19   20   16   16   18   20   14   18   16   17   34   18   21   14   16   21   19   15   17   17   16   21   30   16   17   15   14   17   21   20   17   21   15   20   19   20   34   20   30   20   16   17   14   17   15   17   15   17   16   14   16   20   17   16   19   13   19   17   17   15   20   30   20   30   18   30   33   21   19   18   30   34   34   31   13   21   17   13   14   16   19   14   16   13   19   19   21   29   14   15   34   15   20   19   17   21   13   15   18   15   18   16   20   20   17   17   16   30   16   20   31   14   21   19   20   14   19   33   20   15   20   16   20   17   15   20   17   21   20   19   15   20   15   18   18   32   19   17   20   18   18   29   19   17   21   16   19   14   15   15   14   17   14   16   31   18   15   17   15   19   15   19   18   19   15   20   18   18   19   20   20   20   20   16   15   16   19   31   21   20   20   18   18   19   19   29   13   16   19   19   17   18   29   20   18   20   19   17   21   15   17   13   19
   6    5    6    5    5    4    5    5    6    6    5    5    4    5    5    6    5    4    5    6    5    6    5    6    5    6    6    5    4    5    6    5    5    6    5    4    9    4    4    6    6    5    5    6    6    6    6    5    5    5    5    5    6    5    4    6    5    6   10    6    6    5    6    4    6    6    5    6    5    5    6    4    5    4    4    5    5    4    6    5    6    6    5    5    9    6    5    4   10    6    4    6    5    6    6    5    6    4    5    4    5    5    4    9    5    6    5    6    5    6    6    6    6    4    5    5    6   10    5    9    5    5    9    9    6    5    5    5    6   10    5    5    6    4    5    5    5    6    5    5    6   10    6    5   10    5    5    6    6    5    5    6   10    5    4    4    4    9    4    6    5    5    5    5    5    5    6    6    6    4    5    4    6    6    6    5    5    6   10    5    6    6    5    6    6    4    5    5    5    6    4    6    4    6    4    6    6    5    6    4    5    6    4    5    5    9    5    5    5    5    9    4    5    5    4    6   10   10    6   10    6    5    6    6    9    6    6    6    5    5   10    6   10    5    5    5    9    5   10    9    6   10    6    6    6    5    6    4    5    5    5    6    6    6    5    6    4    5    5    6    5    4    5    5    6    5    6    4    6    4    5    6    4    6    4    9    6    4    5    5    6    6    4    6   10    6    5    9    5    5   10    5   10    5    5    5    5    5    6   10    5   10    9    6    6    6    6    6    5    6    5    5    6    6    5    5    6    5    6    5    5    5    5    6    5    6    6    5    6    5    5    5    4    5    5    6    5    6    5    4    6    6    5    6    4    5    5    6    5    5    4    6    5    5    6    6    6    5    6    6    6    6    6    4    5    4    4    5    9    6    6    5    5    5    6    6    6    4    5    4    5    4    9    5    9    5    5    6    5    6    6    6    6    6    5    4    5    6    6    5    6    4    5    6    6    6   10    5    4    5   10    4    4    9    6    9    5    5    6    6    6    6    6    5    5    5    6   10    6    4    6   10    4    6    5    6   10    5    6    4    5    5    5    5    6    5    5    5    6    6    5    6    4    4   10    9    9    6    6    6    6    5    5    6   10    6    5    5    5    6    5    5    6    4    6   10    5    6    4    5    6   10    5    5    6    5    6    5    6    5    5    6    6    6    4    5    5    4    5    4
  21   17   24   24   18   18   62   17   17   17   17   62   20   20   22   22   19   24   18   18   54   26   18   63   24   24   25   18   22   22   17   54   21   16   24   20   17   16   24   16   19   19   23   17   19   16   20   22   24   16   20   19   61   25   64   23   22   18   20   20   19   19   19   20   19   24   52   52   23   20   17   19   23   18   23   62   25   23   20   25   19   21   20   23   16   21   20   21   20   18   25   17   16   16   25   22   17   64   25   24   16   52   19   16   19   20   26   22   19   20   19   25   21   24   19   19   26   20   16   25   25   18   18   18   22   18   19   67   23   20   22   16   16   25   19   22   20   24   25   19   25   56   17   26   20   24   64   18   22   23   20   17   24   25   17   20   16   21   16   18   17   17   20   16   24   26   21   19   25   23   18   20   19   19   24   22   22   60   20   21   20   20   23   22   24   22   21   17   18   24   23   21   17   24   19   25   22   19   19   23   21   17   16   16   24   19   20   24   24   62   18   23   19   23   17   23   23   25   20   21   24   25   18   26   20   24   24   18   19   17   17   22   21   21   20   19   65   21   23   68   25   22   18   23   16   22   18   20   17   57   25   20   25   17   21   22   18   25   18   22   21   55   17   21   52   20   23   16   23   21   21   24   19   25   55   20   22   16   61   26   55   21   22   19   23   24   18   25   58   19   25   23   16   21   17   23   18   62   22   19   25   20   23   63   62   53   17   53   25   16   24   21   17   23   17   24   55   26   18   52   23   21   17   21   22   25   25   23   25   23   22   22   19   18   16   24   58   16   26   18   16   23   23   24   22   25   16   24   24   22   25   26   21   20   23   18   16   24   21   17   23   22   17   25   65   16   20   20   56   23   19   59   26   23   20   17   16   24   25   19   16   17   20   20   23   24   23   19   23   25   21   22   17   17   24   26   21   17   19   17   26   17   22   20   22   21   22   21   24   53   26   17   23   21   22   23   56   21   26   21   26   19   19   20   26   20   22   22   24   19   25   16   19   21   19   24   22   62   22   24   18   20   16   20   23   18   26   60   21   23   64   21   25   23   26   20   24   60   21   67   67   18   65   18   25   21   25   20   20   60   17   24   20   20   17   21   19   24   24   18   16   16   25   25   63   68   16   25   18   24   23   25   26   24   18   23   22   22   20   26
   8   10    9    9   11   12   18   11   12    9   10   11   11    8   10    9    9   11   12   11   11   12    9   12    9   10   12   12    8   19   19    8   17   12   10    9   12   10   12    8    9    9    9    8   11    8    9   11   12   11   10   19   10   11    8   12    9   12    8   11   11   10   10   11    9   11   12   19   12   11   12   10   12    8   12   10   10   10   10    9   12    8   12   11   11   10   10   12    8   12   17   11   11    9   12    8   10    8    9   11    9   12   12    9   11   11    9   11   10   12    9   12    9    8   11   10   19   10   12    8   11    8   10   11   11   20   11   11   12    8   11    8   11    9   12    8   10    9   12    8   11    9    9    9    9    8   10   12    8   19    9    8   12   19   12   12    8    8    9   19   12   12    9   10    9   11   11   17    9    8    8   10   11   11   12   12    9    8    9   11   12    9   19    8    8   11   10    8    9    9    8   10    8   18   12    9   12   10   18    8   10    8    9   12   10   12   10   12   19   10    9   12    8   12   12   11    9   10   11   10   12   10   12   10   10   18   10    9   12    9   12    8    9   20   20    8   10   17   10   11    8   19    9    8   11    8   10   19   10    9   10   20   10    8   10    9    9    9   12   12   10    9    9    9   10   12   20   18   12    9   10   11   10   12   11   10   11   10   11    8   11   11   12   10   19    8   10   10   10   11   12    8   10    9    9    8    9   17   11    9   12    8   10   12    9    9   10   11    9   12   11   11    9   10   10   11   10   12    9   17    9   11   10   12    9   12   10   18    8   12   10   10    8   12   10   10   11   12    9   11   12   10   12   12   11   10   11   11   11   11    8   12   12    8   11    8   12   11   12    9   19   11   10   12   10   12    9   10    8   11    9   12   11    9   10   12   17   17   18   10   11   10   12   10   10   12    8   12   11   11    9    9   10   12   11    9    8   17   10   11   10   12   10   10    9   19   10   10    9   19    9   11   11    9    9   20    9   18   12   11   12   10    8   12   12   11    8   10   11   12   10   11    8    8    9    9    8   10    8   10   12   12   10   11   10    9   12   11   11    8   10   10    9   12    9   12    9   17   11   10   11    8   18   10   11   12   10   12   11    9   12   12   12   19   12   11    8   18   11    8   11   12   17   10   11    8   12   20    8   10   10   12   10   12    8   10   10    8   11   11
  13   17   21   16   15   35   13   14   20   21   13   21   20   35   14   18   21   35   20   13   18   20   21   14   15   18   20   17   19   14   19   17   15   15   21   18   15   35   21   14   19   20   32   14   16   20   20   20   17   17   29   16   14   21   20   19   16   20   30   21   17   18   19   14   16   19   19   30   15   15   21   13   21   19   16   17   16   16   19   18   17   21   14   20   20   29   13   17   14   15   20   18   30   19   35   13   18   20   17   21   32   20   15   17   15   21   18   18   21   20   15   16   21   19   18   21   18   17   31   21   18   14   19   16   15   17   33   20   16   19   21   17   21   30   20   21   19   17   21   17   16   34   13   18   30   16   17   20   17   16   19   14   20   20   15   14   32   14   20   17   20   15   20   20   14   16   14   35   20   15   14   17   19   14   32   20   15   19   16   20   17   19   18   18   19   20   21   19   19   14   18   21   32   19   33   20   17   14   19   16   19   34   33   14   21   16   17   17   18   17   14   20   13   19   19   18   15   15   21   13   21   31   29   14   18   21   15   19   16   18   30   16   15   15   21   21   21   18   20   17   16   17   35   21   29   19   19   14   15   14   20   20   32   13   16   17   21   17   14   29   19   35   21   15   21   18   16   16   14   15   18   19   15   30   16   35   21   32   20   21   20   16   34   20   15   20   19   16   21   20   14   14   18   21   16   13   18   20   16   29   20   21   19   18   19   21   17   15   18   20   19   17   20   20   21   19   13   16   30   20   16   13   15   18   14   14   19   18   17   14   15   20   15   19   14   18   33   19   19   16   20   20   16   15   18   21   31   33   13   17   20   21   14   29   32   14   14   14   14   15   21   18   16   13   17   17   16   31   33   20   14   15   21   20   14   14   16   18   18   19   16   18   14   13   32   21   16   14   14   20   13   13   16   20   29   16   20   16   29   15   14   15   20   21   18   15   17   21   17   17   17   18   21   15   21   20   15   18   16   15   16   15   14   20   30   17   16   19   19   15   20   21   15   16   20   16   14   20   20   18   15   19   21   21   21   21   35   14   20   19   19   18   21   21   19   16   21   14   14   15   35   20   15   21   14   14   19   21   14   19   19   15   16   21   21   16   20   21   15   21   21   16   18   17   29   16   15   18   19   19   14   15   16   18   15   21   31   14   20   19
   9   10   12    9    9   11    9   10   10   12   10   12   12   10    9    9   11   10   12    9   11   12   18   12    9   12   12   12    8   10    9    9   19    9   10   12   11   11   10    8   10    8    9   10   10   11   11   10   10   11    9   10   12   11    8   12   11   12   18   10   12    8   10   12   11   10   17    9    8    9   12   18   10   10   10    9   10    8    9   12   12    9   12   12    8   12   11   10   10   12    8   12   17   11    8   12   12    9    9    8    9   11   20   12   11   11    9    9   19    8   12    8   11   12   20   11   20   12   18   11   10    8   11   10    8   12   17   11    8   17   11   20    8    8   10   12   11    9   11    8   11   18   10   12    8   12   11   10   10   12   10   10   19   17    9    8   10    9   12    8   20    9   18    8   11   10   12    9    8    9    8   18    9    9   11   11    8   18    9   11    9    8    9   18   11   20    9   11    9   11    8   11   17    9   11    9   18   17   18   19   12   11   11   11   11    8    9   11    9    8    8   12   19   12   10   10    8   10    8   12   10   10    8   11   11   12   10   17   10   18   10    8    9   12   12   11   10   12    8   11   10   10   10   17   10   11   12   10   12   10    8    9    9   12   11    8    8   18   10    9    9    8   12   12    8   18   11   10    9   18   12    9    8    9   17    8   10    9   10   11   10    9   11   10   11   12   10    9    8    9   11    9    9   10    8    9   10   17   12   10    8    9   10    8    9    8   12   11    8   17   12    9   10   12   12    9   12   12   12   11   12   11   11   11   10    8   11   10   18    8    9    9   12    9   11   12   10    8   11   17    9    9    9   10   10   10   17    8    9   10    9   12   11   12   12   12   11    9   12   12   12   11    9   10   10   11    8   10   11    8    9   11   10   11   11   10   10   10   12   11    9   10   11    9    8   17   12   10   11   12   20    9   10   11   11    8   11   11   11   10    8    8    9    9   17   20   20   10    9   20   11   18    8   11    9   10   11   11   17   11   10   10   12    9   12    9   10    8   10   11   11    8   17    9    8   17   10    8   10   10   12   10   10   11    8   12   12   12   20   17   10    8    9   12   11   12    9    8    8   10   11   10   12   10   10   12   11   19   10   11   12   11   17    9   11   11   10   18   11   19   12   20    9   12   20    9    9   10    8    9    8   12    8    9   10    9   10   11   12    9
  17   14   16   16   20   14   21   19   20   18   22   15   18   20   17   21   17   18   31   21   15   16   22   34   17   36   23   20   36   14   15   37   18   15   17   33   22   17   22   35   16   23   21   17   34   14   35   18   22   15   15   23   18   23   21   18   18   20   21   17   17   14   22   17   21   21   22   17   19   16   21   33   16   21   15   17   18   17   16   21   20   18   14   15   18   35   15   17   19   15   14   21   19   32   18   18   15   15   16   22   19   14   22   20   18   18   14   38   21   20   17   19   14   18   16   21   20   16   17   17   21   20   22   22   16   21   14   19   15   37   14   20   16   37   33   18   17   21   21   37   22   15   18   36   22   15   22   17   20   23   37   21   18   16   21   14   15   18   19   15   19   21   15   21   22   22   17   17   22   16   22   18   16   17   37   19   18   19   18   35   22   15   20   16   19   15   18   16   22   18   16   31   22   21   32   22   14   22   37   15   17   20   20   15   23   19   21   23   21   22   19   15   35   17   15   15   19   33   19   18   21   14   17   19   14   14   17   21   21   15   21   22   35   19   14   15   22   18   17   36   19   21   16   19   20   19   19   14   21   21   34   21   21   17   22   21   20   17   23   22   21   21   22   19   34   17   20   16   38   14   21   20   17   19   17   14   17   19   16   20   17   36   18   22   20   22   16   19   22   23   17   15   16   15   35   15   21   18   22   19   14   17   17   20   16   15   17   21   17   15   20   14   22   23   21   18   20   18   20   14   20   32   23   35   19   16   16   21   16   17   16   16   18   17   23   15   16   18   21   20   31   17   21   17   16   16   17   22   18   22   33   17   18   16   16   21   17   19   21   20   18   17   15   14   18   18   15   34   19   19   18   17   14   31   18   35   22   23   16   23   22   18   15   17   16   22   14   32   21   17   19   14   14   17   17   21   35   16   17   18   15   16   19   20   18   18   21   17   18   21   18   17   36   16   19   17   15   15   22   15   18   20   17   18   21   20   17   19   18   37   17   23   17   15   18   15   22   14   21   21   18   23   14   19   21   21   20   16   16   19   20   20   18   17   22   17   23   21   15   15   14   18   20   17   19   33   33   14   20   21   35   17   22   18   14   37   14   23   33   19   21   19   33   16   17   15   16   14   18   18   23   17   21   20   32   16   21   17   21   38
  13   11   14   11   14   20   10   10   11   10   12   10   13   11   10   13   11   10   14   22   11   11   11   20   10   12   23   13   12   12   10   11   12   11   21   13    9   20    9   10   13   10   21   19   12   13    9   10   13   11   11   13   13   20   14    9   10   19   12   20   11    9   13   10   10   11   13   13   13   13   13   13   11    9   22   13   12   12   10   11    9   10   13   13   12   11   10   21   14   11   13   14   21   12   14   14   10    9    9   19    9   19   10   21   12   21   12   11    9   10   22   12   12   11   13   11   20    9    9   12    9   10   10   21   12    9    9   13   11   11   13   12   11   13   10   11   12   10   14   14   14    9   13   14   10   13   19   13   20   19   10   11   10    9   10   10   14   13   12   14   12   10    9   11   11   13   13   14   12   20   10   22    9   10   11   19   22   12   21   11   13   19   14   14   13   10   12    9    9   11   11   14   12   11    9   13   13   22   13   11   10    9   13   14   12   11   10   14    9   10   11    9   13   12   11   19   10    9   10   13   12   13   12   11    9    9   14   10   11   14   14   14   10    9   12    9   10   10   14    9   11   13   13   11   11   23   13    9    9   13   14   12   11   19    9   13   10   10   12   13    9   13   22   12   12   14   11    9   11   19   10   13   10   13   10    9    9   13   11   11   13   10    9    9   11    9   13   13   13   12   19   13   14    9   12   13   10   13   13   14   21   11   13   11   13   14   11   12    9   11   10   13   14   11    9   13   11   13   22   13   10   12   11   12   19   10   13   19   19   12   11   10   10   11    9   13   14   22   14    9   10   13   10   12   13    9   13    9   13   13   19   12   20    9   10   13   12   10   10    9   20   12   10   12    9    9   11   11   10    9    9   10   13   14    9   10   12   11   11   14   22   14   14   13   10   13   10   14   11   12   14    9   12   12   14   10   10   21   11   13   10   13   12   14   14   12   22   19   11    9   12   10   13   10   10    9   12   10    9   19   11   11   14   13   13   13   12   13    9   13   11   13   11   13   13   10    9   22   12   13   12   11   12   10   10   12    9   11   10   13   12   11    9   10    9    9   12   11   12   10   11   22   12   20   12   14    9   12   20   12   12   10   12   23   13   10   13   19   10   10   12   12   13    9   20   12   12   10    9   13   11   20   13    9    9   14   12   13   11   13
  14   16   15   12   14   16   14   16   17   14   14   16   26   27   16   12   14   15   11   14   12   15   11   13   24   15   27   27   12   17   11   15   17   12   14   15   13   13   13   15   12   15   27   15   17   27   16   12   11   11   27   16   16   17   17   12   11   14   14   24   14   13   24   14   11   25   15   13   11   17   24   15   15   13   12   13   16   15   16   12   16   16   25   14   27   14   17   11   13   16   11   26   11   11   15   13   13   24   15   11   23   14   13   14   15   25   23   25   14   15   15   14   14   11   11   17   16   26   12   14   15   16   17   11   14   15   16   12   12   23   23   16   14   13   15   16   15   13   14   12   17   14   16   16   14   16   23   16   16   12   11   16   12   14   17   15   14   14   16   13   14   12   28   13   12   12   11   23   15   17   12   16   14   15   12   15   16   13   16   12   15   14   12   15   14   15   11   16   13   15   11   13   13   13   15   16   15   17   27   14   16   16   13   12   16   17   17   24   13   14   11   16   11   16   13   15   26   15   13   12   13   13   15   12   15   14   16   14   16   11   23   17   16   11   26   16   13   13   11   13   27   16   12   16   16   15   14   13   11   13   16   16   14   16   16   16   14   15   11   16   13   15   12   16   16   15   12   13   17   10   14   15   16   13   11   16   14   14   11   10   17   24   13   25   13   10   23   13   14   17   13   11   24   13   10   23   12   15   16   13   11   24   15   16   15   11   15   11   12   14   15   13   15   14   12   24   14   13   17   12   13   17   27   15   14   14   13   28   14   14   15   14   13   16   14   15   11   15   17   14   14   13   16   17   15   13   17   26   10   27   11   24   17   13   26   11   14   12   16   26   12   15   11   15   17   12   12   23   13   17   17   16   16   13   24   16   17   13   14   11   12   12   13   14   14   25   16   16   16   11   14   25   14   23   11   12   12   14   12   12   11   14   11   23   17   12   14   12   26   28   16   12   26   13   15   16   16   15   16   11   11   15   15   13   12   11   15   11   12   17   15   14   12   13   17   11   16   17   13   11   13   12   15   25   12   16   16   23   26   12   14   13   12   15   13   10   11   12   12   11   13   12   16   13   16   15   12   11   26   12   15   17   17   16   17   13   16   11   11   13   13   16   14   16   12   15   14   12   15   17   13   17   17   12   14   13   15   12   23   15
   4    4    5    5    3    3    5    4    4    4    4    3    4    3    3    4    5    5    4    4    4    5    4    4    3    5    3    4    4    5    3    5    4    5    5    5    4    3    4    4    5    4    4    4    3    4    3    5    5    4    7    4    5    4    3    7    5    7    5    5    4    4    4    5    4    5    4    4    3    4    3    5    3    3    3    7    4    5    4    7    8    3    4    5    5    5    5    7    4    4    3    4    4    3    4    4    4    5    4    4    5    3    4    8    4    4    4    4    5    4    4    5    3    3    3    5    3    5    4    5    4    4    5    4    4    4    4    4    7    4    3    5    4    4    4    4    4    4    3    3    4    4    4    5    3    4    4    4    7    4    3    4    3    5    4    7    4    5    5    7    7    4    4    5    7    4    4    5    3    4    4    4    5    5    3    7    4    3    4    4    3    4    5    5    4    4    5    3    5    3    4    5    4    5    4    4    5    4    4    8    4    4    5    4    7    4    7    4    4    3    4    4    3    4    4    4    7    4    7    3    8    4    4    4    3    5    4    5    4    5    4    4    4    4    4    7    3    5    3    4    8    3    4    3    4    4    7    8    4    4    4    4    3    4    4    4    3    4    5    5    3    5    4    7    4    4    5    7    3    7    7    5    5    7    4    4    4    4    4    4    4    5    4    5    3    3    8    4    4    4    5    3    5    4    5    3    5    4    4    5    4    3    3    5    4    4    3    5    4    5    5    4    4    7    5    3    5    4    5    7    4    4    7    4    4    4    4    4    4    5    5    5    3    4    4    4    4    5    5    4    5    4    4    5    4    3    8    4    5    4    4    3    4    5    4    5    5    5    3    3    4    4    4    4    7    4    4    5    8    5    4    4    5    3    4    4    4    5    4    4    4    5    4    3    4    4    3    4    7    5    3    3    5    8    4    5    4    4    3    7    4    3    4    3    4    5    4    3    4    4    4    4    4    8    7    4    4    5    4    4    4    4    5    4    7    3    4    4    3    5    4    5    8    5    5    4    4    5    5    4    3    5    3    3    4    5    3    4    4    4    7    4    4    4    4    4    5    7    4    3    4    4    8    7    8    5    7    4    4    4    4    5    5    4    8    3    3    4    5    4    4    4    4    4    4    3    7    4    4    8    4    7    3    3    4    4    4    4    4    3
  11   11    8    8   11   11   12    9   10   11   10   10   10   12   11   10    9    9   11    8   12    9   12   12   17    9   11   10    8   12   10    9   12    8   12    9   12   11    8   10   12   10   12   10    9    9   11   12    9    9   11   11   11    9    8   12   10   11   10   12   20   12   10   11   10   17   11    9    9    8   11   11   10   10   11   11    8   10   11    9    9   11   12    9   12    8   12    8   12   12   12   17    8    9   18   10   11   10   12   11    8    8   10   20   12   11    8    9   10   12    9   12   10   11   10   10    8   12   10   10    8   10   11   18   10   12    9   18   19   11   11    9   12    8    9   12   11   12   11   12    9    9   11    8   20   12    9    8   10   11    9   11   11   10    9    9   20   10    8   12    9   12    9   12    9    9    9    9   10    9   11   10    8   12    9   10    8    8   10    9    8   10   10    9   20    8   11   11   10    9   10   12   10   11   11    8    8   11   10   12    9   18   10   12    9   12   10   11   11   10   10    9   10    8   11   10   12    8   10   17    8    9    9    8   12   12   12   10    8    8    8   19    9   12    9   10    8   10   11   12    8   11   12   12   12   12    9   12   12   11   10    8    9    9   11   10   11   10   11   19    8   19    8   12   10   10   10   12   11    8   10    9   11   11    8    8    9   10   10   12   12   11   11   17   17   17   12    9    9    8   17    9   10   12    9   19    9    8   12   10   11   10   11   18    9   12   11   10   12    9   12   12   17    9   12    8   12   11   11   12   17    9   12   12   10    9    9    8    8   10   19   20    9    8   11   10   12   11   11    9   12    8   12   10    8   12   10   12    9    9   18   12   12   10   10   11   17   19    8   12   10   11   11   11   11   17   19    9    9    9   11   18   10   11   20    9   11   11   10   10   12   12   10    9    8   19   10   10   12   10   12   11   12   17   12   12   10    9   10   12    9   12    8   12    8    9   10    9    9    8   12   10   10   20   10   11    8   20    9   17   12   12    9    8    9   10   11   12   11   12   10   10    8   12    8   10   11   11    9    9    8   10    9   10   11    8   11   11    9   12   11   12   11   10    8    9    8   12   12    8   12    9    9   12    9    8    9    8   11    9   11   11   11   12    8    9   10    8    8   10   10   20   20   10    8   12   10    9    9   20    8   18   12    9   19    8    8   11    9   10
  13   14   13   12   15   11   12   13   15   12   10   11   10   12   10   11   25   11   22   14   12   12   13   14   13   10   15   14   24   14   11   15   13   23   10   14   12   24   11   15   12   14   15   14   11   15   14   23   13   13   10   12   10   15   15   14   15   13   14   25   14   11   22   10   22   11   13   13   13   24   13   10   14   14   12   10   10   11   14   12   13   12   12   15   13   11   25   15   15   11   15   10   11   22   14   12   10   11   10   12   12   15   10   12   22   10   15   12   13   23   24   13   15   12   10   14   12   10   13   10   15   10   15   15   11   11   10   14   24   21   23   12   15   10   13   11   15   15   15   12   15   12   13   10   11   12   10   12   12   25   15   21   21   12   12   10   15   13   10   11   15   11   25   15   14   12   15   14   22   14   11   11   12   15   24   12   15   12   15   14   14   13   13   22   13   15   10   11   13   13   10   10   14   12   24   13   14   24   12   15   13   13   10   11   10   12   12   13   14   13   14   13   15   12   11   25   21   12   11   12   10   13   14   13   23   10   22   15   15   15   13   10   21   14   24   10   13   12   10   24   13   10   14   14   15   11   13   12   12   21   11   25   15   23   10   12   15   13   12   15   11   10   11   24   10   14   12   12   12   15   10   15   14   12   15   13   15   10   12   11   12   10   10   13   13   10   14   15   14   13   11   13   14   14   15   15   23   10   14   14   22   22   15   14   10   15   13   12   12   15   12   13   15   15   14   10   24   15   14   14   12   12   13   15   11   14   12   15   10   13   11   12   12   10   15   12   12   14   23   12   14   14   22   12   24   12   14   23   12   13   14   15   15   21   15   11   11   13   12   10   14   13   10   25   25   15   15   15   14   15   12   11   12   13   13   13   22   13   21   14   11   12   12   14   24   12   10   15   10   14   12   14   13   11   12   14   13   13   22   11   14   13   10   12   12   25   14   11   12   21   14   13   12   10   15   11   11   11   14   14   11   15   12   12   12   15   13   10   12   11   25   11   10   15   14   15   10   13   10   14   14   14   15   11   15   25   10   13   13   15   15   12   14   15   14   10   14   13   15   15   15   14   10   13   11   12   25   11   13   13   14   11   13   14   11   15   15   15   12   11   12   10   12   13   14   11   14   13   13   11   14   13   12   13   13   13   12   15   15   10
  16   10   16    7   11    9    9   16    9    9   11   10   10   11    9   10   10    7   10   10    8    7   10   17    7    7    9   10    9   11    7    8   10    8   10    7    8    8   11   15    9   10   10    8    9   17    9   11   11    9   10   10    9   11    9   11   16   11    7   17   10   15    7    9   10    7    9    7   17    7   11   10    9   11    8    9    7    8    8   10   10   11   11   10    9    9    8    9   10    9   15   10   16    8   11   10    8    8   10    7   10   10   10    9   10   10    8   10    9    9    9    8   11   11   10    8    9    8   11    9    8    9   10    7    9    9   11    7   10   10    7   11    8   10   17    9   10   10   11    7    9   10   16   10   10   10   11    8    9   15   11    8   15    8   10    9    9    7    9   17   17    7    7    9    8    7    7    9    8   11   10    7    7    9    8   17    8    9    8    7    9   10   15    9   10    8    9   11    8    7    8    8    8   10    7   10    8    7   10    9   11   17    9    7   10    8    9    8    9    9   15   10    7   10    9   17    9    9   11   10    7    9    7   10    9    9    8   15   16    9    7    8    7    9    7    7    7    9   11    9    8    7    9   10    7    7    9   18   11    8    9    8    7    7    7    7   10    8   11   10    8   10    7    9    7   10   10   10   16   11   18   11    8   11   15    7    7   11    9    9   16   16   10   10    7    9    9    8    8    8   16   10    9    8   11    8   10   10   18   11    8   11   10    8    8   10   10    9   10   10    9   11   10    9    8    7    8    7    8    8   10   16    7    7    9    9    8    9   10    8   11    9    8   10    7   17   11   10    8   10    7    9   17   10    9    7   15   17    7   10    9   10   10   11   16   10    9   18   18    8    8   11    8    9   10    8   16   17    8    8   10    7    9   11    8   10    9    9    8   11    9   11   10    9   10    9   10   16    8   10    9    8   16    9   11    9    9   11    8   10    7    7    9    8    7    9    7    8   16   11   11    9    9   10   10   11   10    9    7    9    8    9   17    8   10    9    9    7   11   10   10    9   10    9    9    8    8   10   11    7    9    8    8   10    9    9    9   10   10    8    9    8   17    9    7   10    8    8    9    7   10   17    8   11   10    9    9   10    7   11   10    7    7   10    8    9   11    7    8    9    9   17   10    8    9   10    8   18   11    7    7   10    8    9    9   10    7    8    7    7
   4    4    5    7    5    4    3    5    4    3    4    4    4    4    5    4    8    5    3    7    4    5    3    5    4    4    4    3    5    5    3    5    3    4    4    3    7    3    3    4    4    4    4    4    4    4    4    5    5    3    5    4    4    4    4    7    4    7    7    8    3    5    5    4    5    4    3    4    4    5    8    3    8    4    4    3    4    8    3    3    4    4    4    3    5    4    5    4    4    5    3    4    3    4    4    4    4    7    5    4    4    5    3    5    4    5    4    8    5    4    4    5    5    7    4    4    5    3    5    5    3    4    4    4    4    5    4    4    4    7    3    5    3    3    4    4    3    4    4    4    4    3    5    4    3    5    4    3    4    4    4    5    4    5    3    7    3    4    4    4    4    3    4    4    4    4    4    4    3    4    4    4    5    4    5    4    4    4    4    4    5    4    4    8    4    4    4    4    4    3    4    4    5    3    5    4    4    5    4    8    3    5    4    4    4    4    5    5    5    5    7    7    5    4    5    7    3    3    3    3    8    4    7    4    4    5    4    5    3    4    4    4    4    8    4    4    4    3    3    4    3    3    3    5    4    5    4    4    4    5    5    4    3    4    4    3    4    4    4    5    4    4    3    4    4    4    7    4    5    5    4    5    4    7    5    4    5    5    5    5    4    4    3    5    8    5    4    3    3    4    5    5    5    7    7    5    3    4    3    4    5    4    4    5    4    4    7    5    5    5    4    5    4    4    4    4    5    4    7    4    7    5    5    7    4    4    4    4    3    4    5    7    8    5    7    4    4    4    5    5    5    5    4    4    3    3    4    3    3    5    7    4    3    4    3    4    5    5    3    5    7    4    3    4    3    4    5    5    5    4    3    3    3    4    4    4    4    4    3    8    3    5    5    5    3    4    5    4    4    4    5    5    4    5    4    4    4    4    4    4    5    4    5    5    4    5    4    3    4    4    3    4    4    3    5    4    5    7    4    5    5    4    4    4    4    5    3    4    7    4    8    3    5    5    4    4    4    3    5    4    3    4    4    3    4    5    4    4    4    4    4    3    7    3    4    5    8    5    4    4    4    3    4    4    5    8    4    4    7    4    4    4    4    3    3    4    5    5    3    3    7    3    5    5    4    4    5    4    4    5    5    3    3    5    4    4    4    4    7    4
  10   14   14   11   15   12   12   25   12   11   12   13   12   10   11   13   13   10   12   11   10   14   14   14   11   10   13   11   15   13   10   13   25   23   13   10   13   11   21   10   15   12   14   12   15   15   15   21   10   13   25   10   13   24   11   21   11   13   11   15   12   13   10   15   14   15   10   13   14   13   13   10   14   11   10   11   21   11   13   12   14   13   14   14   14   15   10   14   10   11   10   14   10   11   15   11   13   13   10   24   14   11   13   12   11   13   13   14   12   12   14   10   11   11   15   15   11   12   15   12   14   11   10   10   14   13   24   15   13   12   12   11   13   15   15   10   11   11   12   10   12   15   10   11   15   10   12   11   10   10   14   15   11   10   13   25   15   15   10   15   11   15   23   12   14   15   22   14   14   15   15   15   12   15   13   10   14   11   10   13   13   10   12   11   15   11   12   14   23   12   10   15   21   12   13   15   24   24   11   11   24   22   13   12   15   13   11   15   10   10   13   14   12   13   10   14   21   11   12   10   22   13   15   14   14   13   22   15   25   25   15   11   13   13   10   13   15   15   13   14   22   12   10   21   10   10   12   10   14   15   13   12   10   13   13   12   15   12   14   15   14   11   14   12   14   15   14   23   13   10   12   13   11   11   11   12   22   11   13   11   15   23   13   11   15   11   12   12   13   12   15   24   24   13   10   14   10   15   11   13   10   11   13   10   14   12   14   10   14   13   11   12   13   10   25   14   10   13   15   14   15   15   12   11   12   12   12   24   11   13   13   14   13   11   13   14   10   15   14   23   11   10   12   12   22   13   15   12   13   14   13   13   10   14   10   10   21   23   11   13   12   21   14   15   21   10   14   12   10   10   15   10   11   12   14   15   15   14   15   11   10   12   15   15   23   14   11   12   12   15   13   14   22   12   14   11   21   11   10   23   11   12   12   12   11   13   14   15   14   14   24   12   15   11   11   12   14   11   14   13   14   15   13   10   11   10   11   15   13   12   12   22   12   15   11   11   15   15   13   11   23   10   13   15   21   11   13   11   12   14   13   21   13   13   11   13   15   14   11   13   12   11   11   10   24   14   15   14   14   11   12   23   24   10   10   14   15   25   23   12   15   10   13   21   12   12   23   10   12   14   12   25   10   11   14   23   14   14   13   14
  18   35   23   22   14   14   20   14   14   20   23   36   19   35   31   14   22   21   37   18   21   37   17   16   19   15   21   21   17   18   17   22   17   31   17   17   18   18   23   17   15   20   15   20   22   18   32   16   17   18   17   19   18   23   20   21   21   19   15   22   22   15   21   21   17   15   14   22   17   22   31   23   20   14   15   15   17   14   20   18   18   16   14   18   20   21   20   21   15   22   21   21   21   18   17   38   18   15   20   36   18   20   17   17   23   17   17   22   36   16   18   15   17   16   18   19   16   20   21   17   16   33   16   14   15   32   23   15   16   37   19   14   18   38   21   20   17   18   16   21   31   22   21   18   21   20   19   34   17   22   22   21   18   22   22   15   17   15   37   14   34   22   15   17   17   23   22   21   14   33   22   20   33   17   19   20   22   17   14   19   18   21   18   18   14   35   16   17   36   18   22   16   20   19   15   19   14   37   18   15   35   19   19   15   17   21   15   15   20   21   16   15   20   16   14   22   20   20   16   37   18   15   16   17   16   19   21   20   38   14   19   17   21   22   22   16   14   37   21   19   15   14   18   22   15   16   15   34   17   21   23   17   19   15   21   17   21   16   23   16   36   19   20   35   16   16   19   32   22   20   15   18   20   15   21   16   18   15   19   14   31   14   23   16   18   20   22   19   17   21   21   23   23   38   23   23   19   16   16   20   22   19   20   17   15   21   19   16   16   15   15   16   19   14   23   20   17   15   21   18   22   19   16   21   16   16   19   15   15   14   20   20   23   14   21   19   14   18   20   23   20   19   20   21   21   18   18   14   33   18   20   22   19   17   15   22   31   32   19   21   15   17   20   19   15   15   23   21   23   17   33   15   17   16   19   18   16   22   18   20   15   19   22   17   22   15   19   15   16   22   14   37   15   22   17   32   18   18   14   20   20   19   19   17   19   19   20   18   18   15   20   14   17   20   20   20   22   17   19   32   23   17   19   18   20   20   23   21   19   14   15   18   17   23   21   21   18   18   23   20   17   22   20   19   19   17   17   17   18   20   22   15   18   22   14   20   21   17   38   22   18   18   31   23   15   21   20   19   21   31   20   15   20   36   20   23   22   32   19   20   14   19   15   23   16   19   22   17   23   32   17   14   16   34   21   19   14   32   19   15
   7    4    3    3    4    3    4    8    5    3    3    3    5    4    5    3    4    4    4    4    5    4    3    4    4    4    5    8    4    5    5    5    4    3    3    4    5    4    4    5    3    8    4    3    5    4    3    5    4    5    5    5    4    4    3    4    4    4    8    5    4    8    5    3    4    7    3    4    7    8    3    4    7    3    5    4    8    4    4    5    5    8    7    5    5    7    3    4    4    4    5    3    4    3    4    3    3    4    3    7    5    4    4    5    3    4    5    5    3    5    4    4    4    3    5    4    5    5    4    4    3    5    4    4    4    5    4    3    4    3    7    5    5    3    4    3    4    3    4    4    3    3    4    4    5    4    4    4    3    5    4    4    4    3    3    7    5    4    3    7    4    4    4    5    4    4    5    4    5    7    4    8    4    4    8    5    4    4    4    3    3    4    8    3    5    5    7    5    4    5    4    3    7    4    5    4    4    3    4    5    4    3    4    4    7    4    5    4    4    5    5    4    4    5    4    5    5    4    4    5    4    4    4    5    5    3    4    7    5    4    4    4    4    5    4    4    5    4    5    4    7    7    5    5    4    5    4    5    3    3    7    4    4    5    3    4    5    5    4    4    4    3    4    5    5    4    4    4    3    4    4    4    4    3    5    3    5    5    5    3    4    4    3    4    5    5    4    4    5    3    7    7    4    3    3    4    4    3    7    7    5    5    4    4    4    5    4    5    5    3    4    4    4    4    4    3    5    4    5    4    7    5    3    5    4    4    4    7    5    4    4    4    3    4    4    4    5    5    3    7    4    8    5    4    7    5    5    5    4    4    7    4    5    4    8    4    4    5    4    4    4    4    5    4    4    4    4    3    5    4    4    4    7    7    5    4    5    4    4    4    3    4    4    5    3    3    7    5    4    4    4    4    4    5    4    4    4    5    3    4    3    4    4    3    4    4    5    4    5    4    5    3    4    7    3    5    4    3    5    4    7    4    5    4    5    4    4    4    7    5    5    4    5    5    5    4    4    4    5    4    4    7    3    3    3    8    4    5    3    4    4    4    5    5    5    4    3    3    4    4    7    5    4    5    4    5    8    5    4    3    4    3    5    3    3    4    4    3    4    5    4    4    5    5    5    5    7    3    7    5    4    5    4    4    5    4    4    4    5    3
