spsp
14
2
500
49 20 52 19 23 8 14 25 51 10 1 26 48 52 
52 28 59 23 32 14 17 31 57 17 10 30 55 58 
10 10 
0.002 0.002 0.002 0.002 0.002 0.002 0.002 0.002 0.002 0.002 0.002 0.002 0.002 0.002 0.002 0.002 0.002 0.002 0.002 0.002 0.002 0.002 0.002 0.002 0.002 0.002 0.002 0.002 0.002 0.002 0.002 0.002 0.002 0.002 0.002 0.002 0.002 0.002 0.002 0.002 0.002 0.002 0.002 0.002 0.002 0.002 0.002 0.002 0.002 0.002 0.002 0.002 0.002 0.002 0.002 0.002 0.002 0.002 0.002 0.002 0.002 0.002 0.002 0.002 0.002 0.002 0.002 0.002 0.002 0.002 0.002 0.002 0.002 0.002 0.002 0.002 0.002 0.002 0.002 0.002 0.002 0.002 0.002 0.002 0.002 0.002 0.002 0.002 0.002 0.002 0.002 0.002 0.002 0.002 0.002 0.002 0.002 0.002 0.002 0.002 0.002 0.002 0.002 0.002 0.002 0.002 0.002 0.002 0.002 0.002 0.002 0.002 0.002 0.002 0.002 0.002 0.002 0.002 0.002 0.002 0.002 0.002 0.002 0.002 0.002 0.002 0.002 0.002 0.002 0.002 0.002 0.002 0.002 0.002 0.002 0.002 0.002 0.002 0.002 0.002 0.002 0.002 0.002 0.002 0.002 0.002 0.002 0.002 0.002 0.002 0.002 0.002 0.002 0.002 0.002 0.002 0.002 0.002 0.002 0.002 0.002 0.002 0.002 0.002 0.002 0.002 0.002 0.002 0.002 0.002 0.002 0.002 0.002 0.002 0.002 0.002 0.002 0.002 0.002 0.002 0.002 0.002 0.002 0.002 0.002 0.002 0.002 0.002 0.002 0.002 0.002 0.002 0.002 0.002 0.002 0.002 0.002 0.002 0.002 0.002 0.002 0.002 0.002 0.002 0.002 0.002 0.002 0.002 0.002 0.002 0.002 0.002 0.002 0.002 0.002 0.002 0.002 0.002 0.002 0.002 0.002 0.002 0.002 0.002 0.002 0.002 0.002 0.002 0.002 0.002 0.002 0.002 0.002 0.002 0.002 0.002 0.002 0.002 0.002 0.002 0.002 0.002 0.002 0.002 0.002 0.002 0.002 0.002 0.002 0.002 0.002 0.002 0.002 0.002 0.002 0.002 0.002 0.002 0.002 0.002 0.002 0.002 0.002 0.002 0.002 0.002 0.002 0.002 0.002 0.002 0.002 0.002 0.002 0.002 0.002 0.002 0.002 0.002 0.002 0.002 0.002 0.002 0.002 0.002 0.002 0.002 0.002 0.002 0.002 0.002 0.002 0.002 0.002 0.002 0.002 0.002 0.002 0.002 0.002 0.002 0.002 0.002 0.002 0.002 0.002 0.002 0.002 0.002 0.002 0.002 0.002 0.002 0.002 0.002 0.002 0.002 0.002 0.002 0.002 0.002 0.002 0.002 0.002 0.002 0.002 0.002 0.002 0.002 0.002 0.002 0.002 0.002 0.002 0.002 0.002 0.002 0.002 0.002 0.002 0.002 0.002 0.002 0.002 0.002 0.002 0.002 0.002 0.002 0.002 0.002 0.002 0.002 0.002 0.002 0.002 0.002 0.002 0.002 0.002 0.002 0.002 0.002 0.002 0.002 0.002 0.002 0.002 0.002 0.002 0.002 0.002 0.002 0.002 0.002 0.002 0.002 0.002 0.002 0.002 0.002 0.002 0.002 0.002 0.002 0.002 0.002 0.002 0.002 0.002 0.002 0.002 0.002 0.002 0.002 0.002 0.002 0.002 0.002 0.002 0.002 0.002 0.002 0.002 0.002 0.002 0.002 0.002 0.002 0.002 0.002 0.002 0.002 0.002 0.002 0.002 0.002 0.002 0.002 0.002 0.002 0.002 0.002 0.002 0.002 0.002 0.002 0.002 0.002 0.002 0.002 0.002 0.002 0.002 0.002 0.002 0.002 0.002 0.002 0.002 0.002 0.002 0.002 0.002 0.002 0.002 0.002 0.002 0.002 0.002 0.002 0.002 0.002 0.002 0.002 0.002 0.002 0.002 0.002 0.002 0.002 0.002 0.002 0.002 0.002 0.002 0.002 0.002 0.002 0.002 0.002 0.002 0.002 0.002 0.002 0.002 0.002 0.002 0.002 0.002 0.002 0.002 0.002 0.002 0.002 0.002 0.002 0.002 0.002 0.002 0.002 0.002 0.002 0.002 0.002 0.002 0.002 0.002 0.002 0.002 0.002 
  17   19   17   22   23   30   31   17   21   26   29   19   17   26
  37   32   33   45   44   28   31   32   41   36   32   37   39   43
   5    2   10   10    7    8    8    6    4    3    2    7    5    4
  10    9    7    6    4    8    3    3    7    9    3    4   10   10
  23   10   15   22   20   16   14   25   15    5    6   19    3   10
  12   13    7   15    8   10   12    4   13   12    3   11   11   15
  23   26   23   35   22   22   26   22   25   27   25   28   29   87   26   21   29   29   26   28   30   21   23   33   26   31   30   25   28   25   29   28   33   31   26   33   29   26   35   24   32   30   32   26   27   28   22   29   28   29   34   86   24   33   23   34   33   28   33   27   26   25   27   31   26   28   70   23   30   34   28   33   27   26   31   29   26   25   31   25   22   79   27   31   30   25   27   33   31   87   34   22   87   31   28   29   33   30   21   23   28   26   24   24   34   31   23   29   31   80   25   22   24   34   88   30   27   35   78   27   30   33   30   22   30   23   83   86   77   23   74   90   22   27   34   34   25   23   32   26   30   25   33   85   29   28   33   24   35   26   33   31   33   26   29   22   34   25   25   28   33   33   73   29   25   33   26   28   82   83   23   35   27   29   28   22   21   21   31   35   23   31   74   27   31   23   70   88   34   83   23   22   35   22   25   25   31   23   30   22   26   27   78   30   35   35   34   21   28   73   34   25   31   70   26   34   22   28   22   30   28   70   26   25   23   25   29   24   31   33   30   32   29   31   26   84   24   28   26   33   24   25   73   25   80   23   26   33   33   25   22   25   34   22   23   23   27   28   35   29   27   33   81   25   28   26   34   35   31   30   76   34   22   31   22   29   76   28   34   23   22   31   22   26   33   72   25   32   29   28   23   30   24   35   28   74   26   30   25   22   33   23   31   35   28   32   31   30   29   23   34   82   30   30   32   32   24   30   28   23   30   22   27   29   32   33   27   78   82   28   23   29   91   27   23   35   29   33   21   24   26   29   90   22   25   27   35   25   32   30   34   24   26   34   27   23   30   31   33   22   29   29   32   24   33   24   26   30   32   34   31   82   30   35   32   32   92   32   24   32   34   33   23   26   33   33   77   28   22   30   21   75   27   23   26   25   26   29   25   26   25   31   23   29   29   26   27   77   32   22   35   23   33   34   26   25   26   26   34   32   29   31   35   30   28   71   23   24   32   34   28   34   33   28   31   83   33   29   34   26   32   71   26   23   30   71   32   24   78   22   33   24   27   82   29   27   26   23   23   26   34   90   25   31   29   31   23   28   30   25   34   22   22   28   24   25   22   28   90   25   32   78   26   34   28   31   25   85   28   22   30   29   22   24   33   24   28   29   24   92
  10   12   14   12   14   12   10   13   25   15   14   10   14   12   11   13   14   11   12   15   13   13   12   11   11   10   11   11   14   25   14   12   21   15   14   11   10   10   10   13   15   15   24   22   10   13   14   12   12   11   15   13   14   11   14   14   13   15   15   10   10   12   12   14   12   14   11   13   11   10   15   12   11   10   11   10   10   11   11   13   12   11   11   15   13   11   14   15   22   14   10   10   14   11   10   10   15   15   24   13   14   15   15   14   22   13   10   15   11   14   15   10   14   10   12   10   11   12   12   15   14   22   10   11   10   25   15   14   23   22   24   21   11   10   13   21   15   15   10   10   13   10   10   13   13   13   10   10   11   11   14   12   11   12   10   14   13   10   15   13   12   15   12   12   11   13   15   13   22   15   24   13   14   22   10   11   13   12   10   14   23   12   10   15   14   12   13   14   12   12   11   12   10   14   13   12   12   13   14   21   13   15   11   14   14   11   12   11   13   15   14   13   23   10   24   14   11   13   11   13   25   11   10   15   21   15   15   14   15   15   12   15   15   10   13   13   10   25   14   23   11   12   11   13   24   13   15   13   13   12   15   15   15   14   10   11   15   13   13   12   12   12   15   12   14   10   10   13   23   12   12   15   12   14   24   14   13   12   25   12   11   11   10   10   10   14   13   12   13   13   10   12   12   15   15   14   21   13   11   14   14   24   13   12   14   14   12   14   14   13   13   11   15   11   12   12   10   13   11   12   10   13   12   11   15   14   10   11   12   14   10   12   15   11   11   14   15   11   15   14   13   13   24   11   14   15   11   11   15   13   22   10   11   14   14   12   12   12   13   13   10   24   13   13   11   12   15   14   13   15   13   24   12   14   10   15   10   12   13   13   14   15   12   10   15   12   10   15   12   12   12   12   12   11   15   14   12   13   13   15   12   12   10   10   12   11   12   11   14   10   12   14   15   11   12   15   10   15   12   12   15   15   14   14   10   12   11   12   15   15   24   12   12   25   13   11   10   15   12   15   13   11   13   14   11   14   13   13   13   13   11   12   13   11   21   13   10   22   10   12   15   15   11   10   14   14   11   11   22   12   12   13   12   13   15   10   13   12   14   14   23   12   13   10   14   13   13   15   12   11   12   13   12   11   14   15   25   15   10   13
  21   22   32   22   14   22   31   20   22   16   18   17   16   18   18   23   34   19   18   22   19   15   15   20   16   19   15   19   16   31   18   20   19   15   19   20   32   20   21   18   23   19   15   18   15   21   23   20   23   14   18   33   31   22   17   21   19   23   21   16   21   18   21   20   22   18   22   17   16   34   21   23   22   16   16   22   18   21   15   19   21   16   18   18   14   19   21   23   19   22   15   18   17   22   20   16   16   22   19   33   33   14   19   15   19   16   21   19   23   22   16   16   18   22   15   20   21   21   18   19   16   19   18   23   20   20   19   20   17   14   21   14   19   15   22   15   18   23   36   16   17   15   19   34   22   20   22   17   18   19   14   22   20   15   19   19   15   19   19   18   15   18   21   18   17   38   33   14   22   17   22   32   17   20   20   17   16   21   19   22   15   15   16   17   17   20   14   33   14   18   21   23   31   18   22   15   19   20   19   15   15   16   22   19   14   16   17   17   14   14   18   20   15   22   16   20   35   17   22   31   17   21   20   16   22   20   19   14   23   19   18   14   20   17   18   16   18   22   21   20   16   20   20   15   20   18   21   15   35   21   18   22   35   18   15   15   20   21   18   20   22   17   17   15   15   20   17   16   16   15   22   19   22   36   17   35   18   20   22   15   18   35   22   15   22   14   20   15   19   35   19   17   32   18   14   23   22   15   16   38   36   17   19   15   23   33   22   36   16   15   21   21   18   19   18   23   22   16   21   34   15   22   20   19   17   18   16   19   35   14   17   20   37   18   23   15   21   19   20   22   21   15   15   15   17   32   21   21   16   15   21   19   21   16   20   17   20   22   15   21   33   17   22   17   22   16   15   32   21   15   19   33   17   19   21   31   32   15   15   16   17   16   34   14   20   14   20   15   15   21   22   19   18   15   20   33   14   20   19   15   34   22   33   22   23   20   19   14   15   18   16   18   16   19   18   31   20   32   14   20   23   20   16   19   35   18   21   20   22   33   14   23   16   17   17   19   23   20   16   16   14   20   15   23   16   22   15   23   19   20   33   16   22   21   19   16   19   15   18   34   19   15   18   37   20   32   19   31   22   21   34   22   19   17   16   18   17   19   18   17   18   16   19   20   18   17   20   20   16   22   21   22   21   15   21   17   15   32   34   20
  33   30   29   30   20   26   29   24   22   32   32   87   21   32   26   33   31   31   33   26   26   32   26   27   25   32   20   30   75   21   31   86   25   32   29   27   25   25   31   22   21   83   21   27   22   77   23   29   24   22   27   30   32   31   27   31   24   25   22   31   32   23   32   31   24   32   33   29   28   25   23   29   26   29   28   29   26   30   25   21   20   23   24   29   26   24   23   30   25   28   27   30   23   23   33   30   30   23   31   22   23   26   28   23   29   24   77   32   76   27   81   30   20   30   24   28   33   23   22   21   27   24   24   76   21   29   23   32   33   21   25   86   21   30   30   30   28   24   32   27   23   28   30   27   29   32   26   23   26   31   88   22   29   29   21   85   80   32   22   25   25   29   22   25   26   24   29   24   32   23   33   23   25   23   23   29   79   23   28   27   23   32   27   33   33   25   33   32   33   28   33   23   22   21   23   31   70   32   23   33   29   25   31   23   68   25   25   23   27   22   79   30   32   30   23   25   71   26   20   30   21   25   26   27   27   33   87   29   26   28   29   32   33   29   24   24   23   25   21   21   32   21   22   31   74   21   30   32   30   87   27   83   29   78   26   32   24   74   27   29   32   25   26   24   31   81   27   21   30   30   22   33   30   30   27   21   32   75   21   86   21   33   26   23   31   23   25   30   23   30   32   26   24   21   27   29   30   32   32   21   22   26   27   29   26   32   21   22   22   21   33   33   22   33   31   22   29   26   32   25   22   29   33   27   27   24   21   26   81   26   22   21   24   26   21   80   27   30   23   21   32   25   26   31   30   25   27   31   25   23   22   30   27   23   29   21   24   23   23   33   25   32   28   26   21   24   23   30   21   28   26   22   31   70   73   31   31   23   32   23   25   28   79   28   23   21   33   24   21   26   23   29   31   21   29   33   32   33   26   22   25   26   27   21   21   23   22   24   21   24   25   20   24   21   33   30   31   26   27   26   32   23   23   24   24   32   25   20   33   31   25   74   30   29   23   23   26   30   31   73   25   28   27   24   33   20   32   23   26   23   27   22   26   27   26   21   28   73   32   21   25   24   73   23   27   83   33   32   26   32   24   33   24   25   23   22   32   21   32   28   82   27   30   23   20   21   21   21   22   31   33   27   23   21   28   27   27   79   22   28
  30   20   27   29   23   20   26   21   25   25   26   22   25   26   28   23   25   27   75   28   19   24   24   22   20   28   20   25   23   23   27   80   27   25   21   27   24   21   21   30   22   21   20   24   76   27   29   27   30   24   24   30   20   27   30   30   30   27   19   25   67   20   24   29   26   21   20   27   20   21   26   66   26   29   29   23   30   23   21   28   26   27   21   19   19   30   21   23   27   28   25   25   19   21   27   23   21   20   28   29   24   21   30   27   28   22   21   24   24   28   28   21   63   22   21   29   22   80   62   22   24   28   26   30   28   26   19   20   22   23   21   29   22   26   20   21   26   22   26   21   22   24   24   19   26   29   19   24   28   24   28   21   22   23   24   26   24   22   24   25   30   26   28   28   28   73   28   30   19   23   20   70   23   25   27   21   26   77   23   25   29   76   30   29   22   22   20   24   25   24   64   29   26   20   27   19   30   71   24   24   22   28   25   21   20   21   23   21   26   24   28   21   20   68   22   23   20   30   25   30   29   23   26   28   22   19   22   22   29   28   28   21   28   28   20   20   22   26   28   28   21   19   69   24   30   27   20   30   24   30   20   24   20   19   23   22   19   22   23   22   29   27   26   28   19   26   30   27   26   26   20   22   63   25   66   29   61   28   22   30   29   27   21   19   30   20   19   73   24   26   22   27   22   64   22   29   26   28   24   30   30   22   25   30   25   30   63   23   28   24   24   30   28   25   25   19   28   27   23   23   21   25   73   30   25   28   77   22   21   65   29   29   21   19   24   26   28   19   69   19   19   27   27   23   21   20   79   23   26   63   20   28   21   22   24   73   19   30   28   24   27   20   26   21   26   19   22   73   19   25   30   28   23   25   30   25   68   24   28   28   20   19   26   69   20   30   20   19   26   68   21   29   80   19   19   20   19   30   25   28   22   28   29   24   22   20   30   26   24   29   25   23   26   25   23   20   71   65   19   20   23   20   21   25   26   72   24   26   19   66   26   23   20   21   23   20   25   28   20   29   23   24   27   63   27   28   26   30   22   21   28   25   26   25   28   25   66   28   26   20   28   20   27   20   28   28   30   25   29   29   21   21   29   78   25   24   29   27   22   19   19   22   26   64   28   27   67   26   24   22   21   20   20   76   27   24   30   24   30   23
  15   16   18   16   20   16   20   18   37   17   21   38   37   15   40   18   16   16   21   21   15   18   19   22   16   23   24   15   21   24   33   20   21   17   24   19   18   38   21   24   33   21   18   24   21   22   16   18   18   19   36   21   18   19   20   16   23   18   15   19   16   22   19   21   18   33   36   19   15   24   20   18   19   24   22   17   15   20   24   22   24   23   23   16   16   16   21   17   15   18   22   19   22   22   23   23   22   18   36   20   19   15   18   21   21   19   18   18   40   19   23   20   19   17   24   24   24   18   18   22   24   17   33   15   19   15   20   19   21   15   24   24   17   22   19   22   16   21   21   18   22   33   18   36   22   21   20   24   15   24   22   16   18   24   21   20   15   36   17   15   19   24   40   22   33   24   19   21   16   17   23   20   19   24   17   19   37   17   18   20   19   23   18   17   17   20   15   33   17   18   16   15   21   19   38   23   18   23   18   15   21   23   21   21   22   20   17   18   38   19   20   23   38   24   19   20   20   24   21   20   23   21   15   16   21   18   23   20   23   23   24   24   24   20   17   21   20   20   24   23   20   35   19   39   17   17   20   34   18   16   15   21   24   16   18   22   21   33   24   24   20   23   23   17   22   18   15   22   20   15   23   35   16   33   24   23   20   21   24   22   37   33   23   22   18   15   19   39   19   16   17   18   37   16   19   16   23   23   17   17   17   18   24   23   19   20   35   24   23   19   16   18   16   21   21   22   16   19   21   18   23   16   17   23   16   16   18   23   19   21   17   21   38   16   18   21   37   23   20   24   16   16   19   15   24   16   20   23   24   21   18   20   22   18   16   19   15   21   20   21   15   38   24   18   19   22   23   23   21   22   19   33   15   23   24   24   35   23   40   18   17   18   15   17   24   18   16   19   36   17   36   19   37   22   15   24   20   16   23   23   17   19   23   18   21   34   22   23   37   35   22   23   19   18   24   23   16   15   19   24   22   21   22   18   22   20   21   23   15   23   19   24   23   15   19   22   22   19   17   20   19   15   15   19   24   24   19   17   17   15   21   18   19   21   18   24   15   20   22   24   20   22   16   24   22   21   16   16   33   24   22   19   16   16   23   18   39   19   24   23   16   16   21   23   21   17   23   40   17   20   22   19   17   21   16   23   19   34   22   15
  20   20   31   35   20   17   14   18   20   16   31   17   19   17   15   14   13   14   14   20   34   32   15   18   33   33   20   16   18   14   32   18   21   20   16   16   14   14   17   17   19   21   32   18   19   14   14   18   14   18   15   15   14   33   21   30   16   17   18   16   14   19   15   18   20   30   16   18   17   16   20   17   13   20   17   15   16   14   19   14   15   21   35   14   19   19   16   16   18   15   18   21   33   16   19   29   18   21   15   14   31   18   13   14   15   19   14   32   18   20   19   16   20   19   21   21   16   18   17   16   18   30   21   18   20   20   14   14   30   21   16   30   14   17   19   20   16   17   20   19   18   21   20   17   19   19   15   35   21   19   19   14   14   18   15   14   21   16   34   30   17   16   21   21   14   18   14   14   16   32   31   19   21   20   13   18   17   15   18   34   15   21   14   13   21   18   15   17   18   21   13   15   17   16   19   20   20   35   18   20   14   18   17   18   21   19   20   15   18   21   18   15   14   21   14   15   18   19   21   21   18   18   21   13   20   21   16   21   19   14   18   20   20   16   13   15   30   14   18   16   13   14   20   21   19   17   14   20   21   19   16   13   14   19   17   16   21   34   18   21   15   21   18   19   13   13   20   16   18   16   33   15   15   15   18   35   35   20   21   15   18   20   14   17   20   19   16   18   16   18   14   21   34   14   15   18   16   17   29   13   18   30   20   14   17   21   17   19   14   18   15   21   18   33   20   19   13   15   14   17   33   19   32   20   21   17   16   21   21   14   16   13   20   21   15   16   19   35   31   19   15   20   16   21   20   21   32   33   16   20   16   19   14   31   21   29   19   31   13   18   19   20   15   16   14   17   17   14   21   18   18   20   31   16   18   15   15   21   17   21   13   16   13   18   32   21   21   21   17   15   33   17   15   17   14   19   15   32   17   19   16   15   17   17   15   17   19   21   33   16   21   21   19   21   17   21   34   18   18   30   34   15   14   32   14   33   16   16   14   30   15   33   20   19   18   15   16   13   15   16   31   17   21   21   16   29   21   15   33   13   17   14   35   18   15   20   16   14   20   15   15   21   35   29   15   21   30   19   15   15   18   19   13   30   15   19   21   15   18   16   14   21   19   20   20   13   18   32   15   16   17   21   20   20   16   14   15   15   14   18
  87   23   26   29   36   29   89   37   36   25   32   27   37   37   28   34   28   31   24   36   36   30   29   30   24   35   35   28   33   25   89   32   27   36   28   78   30   35   30   29   29   31   26   30   30   29   31   32   26   34   27   35   24   24   35   32   34   32   35   31   33   23   87   27   36   27   26   34   37   24   34   34   24   27   26   25   23   29   31   29   35   37   32   23   24   35   29   33   26   27   29   24   23   97   24   29   29   28   95   29   34   35   36   29   28   27   31   29   38   26   29   27   35   90   79   25   28   34   29   90   27   26   36   23   25   78   32   29   31   27   27   34   23   28   28   36   34   32   28   91   33   94   36   30   32   31   35   27   29   28   30   30   24   27   30   37   33   35   28   37   37   33   24   35   29   36   29   25   30   85   34   78   32   31   30   33   24   33   27   38   28   31   36   32   24   23   36   29   25   30  100   35   94   29   30   35   35   31   24   29   93   23   37   32   25   27   36   30   34   35   26   27   34   28   24   29   37   28   93   30   28   31   29   96   34  100   88   30   23   33   30   24   27   31   35   28   26   28   27   32   27   25   32   32   31   37   86   35   37   23   96   29   36   35   26   32   31   98   36   25   36   97   26   34   29   99   83  100   99   34   25   31   34   38   37   37   77   37   33   34   28   34   25   98   28   24   38   26   27   24   25   35   37   27   36   24   24   26   27   37   32   35   37   23   38   25   33   33   32   36   35   80   37   37   26   27   88   23   28   38   27   33   24   27   38   25   25   30   34   28   28   77   36   79   37   30   33   32   79   30   35   30   25   28   28   38   24   34   37   33   30   35   31   35   29   38   25   31   28   23   84   36   30   26   25   25   31   32   34   37   36   95   26   32   24   27   36   78   35   37   37   35   29   78   88   37   34   28   32   37   35   26   24   35   36   24   33   32   37   24   38   24   30   24   30   24   29   30   29   24   31   25   34   87   32   36   27   30   97   35   34   28   36   25   29   99   30   23   28   92   35   35   33   33   32   28   79   37   24   35   30   89   31   28   31   35   81   32   30   32   25   33   36   28   33   28   38   35   33   25   32   77   28   26   28   34   96   33   38   33   28   30   35   33   31   36   35   23   34   33   26   34   29   28   30   24   36   85   31   34   34   27   94   91   35   34   37   33   34   31
  21   19   20   22   16   14   14   37   18   21   32   20   20   23   22   19   21   23   15   20   17   17   35   20   14   15   18   17   15   15   17   15   20   17   21   16   19   17   16   22   20   21   21   14   16   17   22   20   21   14   17   22   17   19   15   19   23   20   31   22   18   16   17   37   31   18   34   17   22   15   16   17   18   16   32   19   22   19   33   17   20   21   17   19   20   18   21   18   21   22   19   20   18   17   19   15   19   16   18   33   15   23   22   17   14   32   15   22   23   16   17   22   17   21   16   14   17   21   20   21   33   21   20   17   16   21   33   17   16   16   15   17   21   14   35   15   20   16   14   16   23   17   19   20   16   21   20   20   22   33   16   19   36   19   14   17   19   18   16   20   18   17   19   37   18   21   22   23   23   14   20   23   22   16   34   17   16   23   18   17   38   18   22   20   17   37   36   15   19   16   17   20   21   18   16   20   17   15   21   20   18   19   23   19   15   17   21   19   15   19   23   16   16   16   16   21   14   17   19   15   17   20   33   20   17   14   22   19   18   22   21   21   23   20   15   20   14   19   19   14   33   21   20   34   23   33   15   14   18   19   22   14   16   16   16   19   22   16   20   21   17   21   20   19   17   37   21   21   15   35   17   19   31   14   21   22   37   21   15   14   32   21   21   19   21   17   20   16   17   16   17   20   14   15   17   21   31   20   20   15   20   14   20   15   16   14   17   14   21   14   22   22   21   21   16   17   18   17   18   22   17   15   18   19   21   22   17   35   14   20   15   15   33   16   21   14   22   20   16   17   16   15   21   18   19   20   19   22   14   21   18   15   18   20   17   35   21   35   31   21   33   19   17   14   15   31   19   18   18   18   17   21   20   16   19   16   18   21   19   15   15   19   21   15   16   18   19   15   16   18   20   20   17   23   23   32   20   31   37   20   19   22   17   20   15   20   22   22   19   15   16   16   15   22   21   20   16   14   18   23   22   18   32   32   31   20   18   21   14   22   20   16   18   19   17   22   15   18   21   20   31   18   19   36   33   14   18   23   20   19   21   15   22   15   21   20   23   20   17   16   19   15   20   21   19   20   22   19   18   19   18   19   19   21   23   16   21   19   16   20   20   19   17   20   21   22   19   19   15   21   18   31   15   16   14   15   22   35   18   21
   7    6    6    7    8   12    8   12    6    7    6    5    6    7   13    6    5    7    8    8    5    6    5   12    5    8    6    7    5    6    8    7   11    7   12    6   13    7    6    7    6    7    6   11    6   11    7    6    8    7    5    6    6    6    6    5    7    7    6    5    5    7    6    5    7    7    5    7   13    6    7    6    7    8    8    6    7    8    6    7    7    5    5    7    7    6    7    7    8   13    5    5    7    5    7    8    5    7    6    6    7    5    6    7    5    6    6    6    7    8    7    7    6    6    7    6    7   12    8    6    6   12    5    7    6    6    6    8   12    5    6    7    7   11    6   13   13    7   12    5    8   13   13    7    6    6    7    7    7    8    6    7    7    6    7    5    6   12    7    7    6    7    6    6    8    6    6    7    6    7    5    5    5    6   11    6    7    6    7    7    7    6    6   11    6    8    6    7   11    8    8    6    5    7    6    6    5    7    7    5    7    6    7    5    7    6    6    7    7    6    6    7    5    8    8    5    8    6    7    8    8    7    6    6    8    6    6    8    7    6    7    6    6    7    5    7    7    5    8    6    6   13    6    8    8    6    7   11    5    7    5    5    6    6    7   13    7    6    7    7   13    6    5    6    7   11    5    6    6    6    7    6    6    5    5    6    6    6   11    8    7    7    6    6    5    7    8    5   12    7    5    8   11    6   11    6    7    6   11    5   12   12    6    8   11   11    7    8    6    8    7   11    8    6    6   12    7    7    6    6    7    5    8    7   12    7    8    7    7    6    7    6    6    7    6    8    6    6    6    8    6    7    8    7    7    7    6    6    8   13    6    6    6   12    6    6    6    5    6   12    6    5    7    6    7   13    7    6    8    6    5   13    8    8    8    6    6    8    5    8   11    7    7    6   12    8    7    5    5    8    6    5    6   12    6    6    7    5    6   11   11    7   11   12    7    7    7   11    6    8    8    5    6    7    8    8    7    5    6    8    7    8    6    7    7    7   12    7    6    7   12    6    7    5    8    7    7    6    6    8    8    7    5    7    7    6    7    8   12    8    8    7    6    7    7    7    5    8    8    7    5    5    6   11    6    7    6    6    8    7    7    7    7    5    7    8    7    7    8    7    6    8    6    7    8    8    5    7    6    8    5    5   11    8    6    7    7    5   13    6
   9    7    9    8    9    9   14    8    7    6    8    7    8    7   14    6    7    7    7    8   14    7    7    9    6    9    7    8    7    7    8    7    9    9    7    9    6    8    9    9   13    8   13    8    8    7   15    7    6    6   14    6    7    8    8    9    7    7    7   15    9    7    9    7    8    8    8   15    9    7    8    8    8    8    9    8    6    6    7    7    7    7    8    7    6    6    9    8    7    9    7    9    7    6    9    7    8    8    7    7    9    7    7    7   14    7    7    6    8    9    6   15    9    7    8    7    9    7    7    6    9    7    8   14    8    9    8    8    9    7    6    9    8    6    9    7    8    9    9    7   15    8    7    7    8    6    7    9   15    9    6    9    7    7    6   15    7    9    7    6    7   14    9    7    8    9    7    9    8    7    9    7    8    6    8    9    8    7    7    8    8    8    9    8    7    7    8   14    8   14    9    6    7    8    7    8    7    8    8    6    9    6    7   15    7    7    8    7    6    9    8    8    8    8    8    7    7    9    9    8    9    9   14    9    7    8    6   13   13    8   15    7    7   14    9    8    9    6    9    7    7    9    9    9    7    9    6   15   14    9    9    6    6    9    9    9    8    8    9    9    9    8    8   15    7    6    8    9    8    9   14    7    6    8    6    9   15   13    6    9    7    9    9    6    6    8    7    9    7    8    7    7    8    9   13    8    7    6    7    8    8    9    9   14    7    7    9    8   15    9   13    9    7    7    7    9    7   13    9    9    6    6    7    6    8    9   15    8    9    6    7    6    8    6    7    8    8    9    6    8    6    7    7    6    6    7    6    9    9    7    9   15    7   13    8    7    8   13   14    7    9    7    6    7    6    8    9    9    9    8    9    7    9   13    7    9   14    8    7    9    7   13    9    9    9    9    8   14    7   13    7    7    8    6    9    6    7    8    8   13    6    6    8    9    7    6    9    8    6    6    8   15    8    6    8    7    7    9    6    7   15    9    9    9    8    9    7    8    8    8    6    7    6    7    6    9    8    9    8    8    9    8    9    9    8    9    6    7    8    6    7    7    6    7   15   14    9    8    6    9    7    9    9    8    7    6    6    8    6    9   14    8    8    7    7   13   14    9    9    7    7   13    7    7    6    9    9   14    7   15    7    7    7    8    8    9    8    8    9    7
  26   18   23   24   24   19   20   26   22   25   20   24   25   23   26   26   75   29   23   25   29   63   20   25   24   21   26   76   18   58   18   21   21   22   22   19   26   27   29   27   25   20   25   28   18   19   29   74   25   19   19   26   28   61   19   25   29   67   27   29   23   25   22   21   28   23   20   19   26   21   22   24   24   26   28   23   28   24   26   28   29   20   29   28   75   18   21   22   27   19   27   29   28   24   23   66   23   19   23   19   76   18   24   28   20   19   23   24   24   26   20   20   20   23   25   22   23   25   25   23   21   63   27   19   25   65   18   23   20   26   62   23   18   71   26   68   19   18   19   23   58   23   28   64   19   25   23   18   29   28   19   18   27   26   21   26   24   22   28   18   22   65   25   23   28   21   24   29   26   25   28   20   76   19   22   27   23   58   21   22   22   22   19   26   28   20   22   28   20   19   69   66   22   21   62   23   23   71   21   26   20   27   26   23   24   25   28   25   26   18   68   22   23   19   27   67   20   21   18   23   26   18   21   27   24   72   21   18   29   25   22   20   19   20   27   19   28   21   27   28   28   29   23   18   27   21   23   27   74   18   28   18   19   19   28   21   21   29   20   19   23   25   61   19   27   27   22   26   18   19   28   22   18   19   22   25   27   23   20   25   21   24   27   24   62   69   25   22   22   22   26   28   23   24   26   21   19   20   19   28   27   26   24   20   62   24   27   22   29   19   25   28   24   18   22   60   22   24   20   19   22   18   21   25   23   22   25   20   28   26   20   19   22   18   27   25   24   58   28   23   29   25   25   28   23   64   20   19   18   28   24   62   26   23   21   24   23   28   23   22   22   24   23   68   26   19   25   21   25   25   26   19   25   19   23   25   27   21   26   25   21   25   19   28   27   22   22   21   26   26   28   27   21   26   64   27   26   20   71   23   28   28   18   20   26   20   24   25   63   20   26   22   21   22   27   21   24   27   19   27   26   22   18   19   19   23   24   19   18   28   28   28   20   20   68   19   28   27   26   22   26   29   24   19   24   23   27   20   20   21   70   21   28   25   19   23   24   67   22   69   29   25   27   59   26   23   27   24   23   24   25   23   27   27   26   18   22   26   19   60   18   63   22   25   20   24   68   25   18   24   21   24   26   20   27   24   18   23   25   25
   5    8    3    5    4    4    5    8    4    3    4    4    5    4    4    4    4    4    4    4    3    4    4    4    7    7    4    5    5    5    4    4    5    5    4    4    4    4    8    4    3    7    5    4    4    3    3    4    4    4    5    4    4    4    4    8    4    4    4    4    5    8    4    4    4    8    4    5    4    4    3    5    3    4    4    3    4    4    5    4    3    3    5    3    4    4    5    4    3    4    4    4    4    4    8    3    3    4    7    4    4    5    4    3    5    5    4    4    4    4    4    4    7    7    4    3    4    4    4    4    5    7    5    4    5    4    5    3    4    4    7    4    4    5    4    4    4    5    4    4    3    3    4    3    7    4    3    4    4    3    4    3    3    5    4    4    4    4    8    5    3    4    5    3    5    5    4    4    4    3    4    4    4    4    3    7    4    4    4    3    5    4    3    4    4    4    3    3    5    3    3    5    3    4    5    5    5    3    3    4    5    3    4    4    4    4    4    4    5    4    4    4    4    4    4    5    7    4    3    8    4    4    4    5    7    4    4    4    3    4    5    5    4    5    5    5    4    3    3    4    5    4    4    3    4    5    5    5    5    4    4    4    4    8    4    7    5    3    5    4    4    3    4    5    4    4    4    4    5    4    3    8    5    5    5    4    4    3    5    4    4    4    4    4    4    4    5    4    4    3    4    4    4    4    4    8    4    4    7    4    8    4    4    4    4    5    4    8    3    5    4    5    5    8    5    5    5    4    7    4    3    4    3    5    4    4    4    4    5    5    4    4    5    3    5    4    3    4    4    8    4    4    7    7    4    4    5    4    4    4    5    5    3    4    4    3    4    5    4    4    4    3    4    4    5    4    4    4    8    5    4    4    5    3    7    4    4    7    4    4    3    4    4    4    4    3    4    3    5    4    5    4    7    4    4    3    4    5    4    4    5    4    8    3    4    4    4    4    4    4    4    5    4    4    5    4    3    4    3    4    5    5    7    4    3    8    5    5    5    5    4    3    4    5    4    7    7    3    4    3    4    5    5    4    4    4    5    5    5    5    7    4    4    5    4    5    5    5    3    4    7    3    5    5    4    4    5    5    7    7    5    4    5    4    4    4    4    4    3    4    4    4    4    4    5    5    4    8    4    5    5    3    7    5    5    3    4    5    7    3
  11   10   22   13   23   15   25   14   12   13   13   12   11   13   12   11   22   10   15   21   13   14   11   11   15   12   11   13   10   15   10   12   13   12   12   14   14   22   14   15   11   11   12   14   15   11   11   14   11   11   13   12   13   10   10   15   11   13   14   13   25   10   14   11   15   13   15   13   23   21   13   15   11   12   14   11   15   14   12   21   15   23   11   11   10   14   15   12   22   13   10   11   14   13   10   15   12   15   15   10   10   10   23   10   10   14   13   14   13   13   12   14   11   12   13   12   12   10   10   11   15   14   12   14   15   10   15   15   11   14   10   15   14   14   21   10   14   13   15   12   10   13   12   15   15   14   10   24   11   13   12   11   14   12   15   14   14   22   12   13   10   13   14   12   14   12   11   13   12   10   10   10   13   15   10   10   15   15   13   11   13   12   15   13   15   15   10   13   14   21   13   15   12   23   13   10   12   23   12   13   11   13   10   15   11   11   24   24   10   14   14   15   12   12   11   13   10   13   12   13   21   14   13   13   15   10   23   21   10   11   12   25   15   12   12   11   15   10   10   11   11   13   12   13   14   14   12   15   10   14   10   23   12   23   14   10   14   10   12   12   15   14   13   15   11   11   15   15   13   15   10   12   15   11   11   10   15   15   14   11   12   25   12   12   10   13   14   24   15   13   11   15   14   11   13   14   13   10   10   15   15   23   15   14   12   12   12   10   13   24   12   13   15   23   10   14   13   15   13   13   10   13   12   11   11   12   13   14   15   12   13   11   15   11   15   12   13   11   15   15   24   11   15   10   13   12   15   12   15   10   15   11   13   10   13   15   11   10   10   11   11   22   11   12   13   14   14   15   15   10   10   10   14   10   10   11   15   10   13   24   11   23   13   12   14   10   12   10   13   25   10   15   15   13   11   15   14   13   11   13   13   12   10   10   13   14   12   14   15   11   12   13   15   12   11   12   10   23   22   12   11   15   14   13   23   10   10   11   12   10   12   13   14   14   13   13   15   15   12   13   21   15   10   13   13   14   15   10   14   23   14   12   15   11   14   22   14   14   11   15   15   11   14   12   14   10   14   11   11   22   10   14   15   10   10   10   25   13   13   13   15   12   14   12   11   12   15   10   15   11   10   15   14   12   21   10   12   13   10   10
  18   14   17   27   17   18   14   29   18   26   12   16   17   18   15   15   18   18   17   13   16   16   18   12   14   13   13   16   13   13   17   13   14   11   17   18   18   29   16   12   26   13   17   13   15   15   16   12   16   14   12   12   16   15   11   18   18   16   15   18   12   17   18   15   12   26   15   16   13   28   30   12   15   13   15   14   18   14   13   14   17   17   16   12   16   28   18   18   13   13   26   13   16   12   17   13   18   17   16   13   16   15   13   12   13   17   18   15   12   14   12   15   15   13   17   13   12   17   30   15   13   17   12   27   16   18   12   15   15   12   18   12   12   15   18   14   13   13   18   13   28   14   30   18   15   12   12   13   15   12   13   27   14   18   14   14   18   26   29   18   14   16   15   15   14   17   16   15   13   15   16   17   11   14   18   13   17   15   14   15   15   15   15   15   13   16   15   28   18   11   12   18   13   15   11   17   15   17   14   13   18   15   14   18   15   14   15   30   13   12   14   18   16   11   14   14   17   30   18   11   15   11   12   17   12   16   28   15   18   14   17   16   14   13   17   16   15   14   15   18   13   28   17   15   25   13   15   14   16   17   26   16   18   17   12   12   14   12   18   16   17   18   12   18   30   30   15   15   15   12   13   13   15   13   13   17   17   30   26   14   12   17   15   12   30   17   17   27   18   18   14   15   16   18   26   16   13   28   12   14   13   12   15   16   29   13   13   12   12   14   17   16   16   17   14   14   13   28   18   15   15   26   17   14   15   17   17   15   29   12   15   16   12   14   16   13   14   12   16   25   15   17   15   25   14   13   11   18   16   17   15   17   12   14   14   17   15   16   13   11   29   15   17   15   17   26   18   12   18   12   14   16   16   29   18   14   16   16   17   25   16   12   13   17   15   16   17   29   12   18   12   18   14   26   29   16   12   17   26   18   14   18   13   25   15   12   13   14   18   17   17   14   13   14   14   30   18   25   12   13   15   11   11   13   14   12   29   13   13   12   16   17   25   15   17   17   18   12   14   14   12   16   14   17   13   12   17   13   30   18   18   12   16   17   18   16   18   12   15   18   17   17   13   17   26   18   15   12   16   17   12   15   15   18   14   14   18   14   26   29   14   16   28   18   18   16   16   15   14   16   30   15   16   18   29   13   14   14   15   17
  15   14   19   15   18   31   18   15   16   15   14   18   13   17   15   17   19   17   19   14   33   16   13   18   17   16   15   16   27   17   17   17   17   15   17   18   19   20   18   14   15   14   20   16   15   14   18   16   17   14   19   15   15   17   13   29   17   18   14   17   13   13   18   16   16   13   28   15   13   18   17   15   18   15   13   16   17   18   31   16   15   27   19   20   17   15   13   16   15   14   19   15   17   18   20   14   19   17   16   18   14   18   27   13   20   32   18   18   14   18   16   19   18   18   19   31   18   20   19   19   14   14   30   13   13   16   17   20   13   31   16   17   18   19   15   13   16   15   15   14   20   13   13   18   15   15   15   15   18   15   17   19   12   18   15   14   15   19   17   16   15   19   14   14   14   17   18   15   16   20   20   13   18   15   17   13   13   14   16   15   16   19   12   17   16   18   14   20   13   31   18   13   13   13   19   15   13   28   20   13   29   15   13   16   19   13   28   12   13   14   20   14   14   14   18   17   20   20   15   14   15   13   14   13   17   18   16   12   17   15   18   15   16   18   18   29   13   17   19   12   15   12   18   13   19   16   16   14   18   17   19   13   13   15   14   31   12   17   16   30   32   31   19   17   17   14   19   17   29   12   14   18   14   14   13   17   16   31   14   17   17   14   18   16   17   14   17   31   18   19   19   20   18   14   15   17   15   15   18   12   15   19   18   15   20   16   16   20   19   18   17   20   17   15   19   20   33   19   30   13   15   17   19   14   13   32   12   17   14   28   27   13   15   17   15   19   14   16   14   18   18   13   19   20   16   16   17   14   15   14   18   13   13   19   12   18   18   17   19   17   15   17   15   15   18   16   18   19   17   13   12   20   17   20   17   19   19   18   13   30   14   13   32   18   14   15   32   16   16   19   14   14   14   19   17   16   20   15   19   19   13   16   18   16   19   20   27   14   20   14   13   19   16   19   18   13   14   18   15   15   13   19   29   14   13   19   19   18   17   18   14   32   15   18   29   32   16   19   17   16   17   17   18   17   17   14   18   14   14   16   16   15   19   19   19   17   20   16   13   19   14   17   19   12   18   14   16   18   18   13   18   16   17   18   20   28   16   19   17   14   31   12   20   18   29   17   12   13   15   30   31   18   14   12   20   18   18   14   16   20
   9   10    8    7    7   10    9   10   15   10    8    9    8   11   10   10    9   11    9   10   10    9    9   15    8   10    9    9    8    9    9    9    9   10   11   11    8   17   10   11    7    7    9    7    7   16    7    7   10    8   10   10    7    9   10   11    8    7    8    9    9   16   11    9   10    7    8    8    7    7   11    8   10    9   10   17    7   11    8    8   11    8    9   10    9    8   15   15   17   10    9    7    9    7    7    8   11    9   11   10    7    7    9   10    7   10   11   15    9   11   11   10   17   16    9    8   15    7   10   10    9   10   11   10    7    7   17    8   10    8   10    8   11    8   16   11   18   18    7    9   11   10   11    9   11   10    8   11    7   10    8   11    9    8   11   10    8   10    9   10    9   16    9   10    8    7   11   10   10    8    9   10   10    8    7   17   16   15   16    8    7    8    8    8   10   10    8    8    7    7   11    8   11   10    8   10    9    8    9   10   10    9    9    9   10    9    8    9    7    9   10   16   10    9    7   10    8    8    9   10    7    7    9    9    8    9   10    7    7   10   18    9    7   11   11   11   10    8    9    7    9    7    9   10    7    8    9    8    8    9    8   11    8   10   15    8    7    9   10   18    9    7    9    7   10    8    8    8   11    9    9    9    8   11   10    8    8    9    9   10   10    9    8   15    7    7   11    7    8    9   11    7   11   10    7    8   10    7    7    8   15   16    7    8    9    9    9    9    7    7    8   11    9    7    7   10    8   10    7   18   15   15   11    8    9    7   10   11    8    9   15    9    8    9    7    8    8   11    8   10   10    8   16   11   11    8   11    9    7    7    8   10    8    7   10   16    8    9    7    9   10    9    7   16   10    7    8   10    7   17   10    9    9    8    7    9    7    7   10   10    8   15   10   11   11    9    7    8    9   10   10   11    8   10   10    9    8   10   16   15    8    7   11   10    9   10    7    9   10    7   10   10    8    9   10   10    9   10    7    7    7    8    7    7   10   10   16    7    9   16   10   15    9   11   11   11    9   11   18    8   10   11   18    7   10    8    8    9    9    8    8    8   15    8   17   11    7    9    8   17    8   16    9   11    8    7   11   18    9    9    9   17   17    7   10    7   10    7   10    8   18    8   11    8   11   10    9    8   17    9   11    9    8   10   16    8    9    8    8   10
  20   17   19   18   17   19   16   16   20   16   16   16   19   18   15   18   18   18   18   15   20   23   17   18   15   16   22   36   19   21   18   21   22   17   17   18   22   14   21   19   18   16   20   22   15   17   15   22   38   16   34   17   18   21   20   14   17   15   21   14   19   21   21   21   20   20   16   15   20   20   18   22   32   15   21   23   14   18   19   15   21   19   21   20   16   15   23   33   19   15   36   19   14   37   21   15   19   23   20   15   19   18   18   20   20   14   19   21   23   20   15   16   18   20   23   35   23   19   16   16   38   17   16   14   20   17   22   14   34   21   19   14   17   18   18   22   19   15   17   15   20   14   20   23   17   14   20   17   22   19   16   23   18   17   20   20   16   22   21   21   17   21   17   31   19   23   15   17   15   22   19   17   15   15   15   16   15   19   33   17   18   22   17   16   17   22   15   23   21   14   22   20   23   18   21   17   18   20   20   22   23   21   17   18   14   16   23   17   19   23   32   32   18   20   16   20   18   16   18   15   22   17   18   31   18   19   22   19   17   23   16   17   16   17   31   17   19   16   16   34   17   17   35   15   18   31   18   22   22   20   17   21   21   19   20   18   22   37   20   14   21   37   15   36   21   18   21   17   17   31   16   20   20   15   33   15   15   17   16   15   21   19   21   20   18   15   20   14   19   19   37   34   16   23   17   20   21   16   22   17   15   15   19   20   20   14   21   21   19   21   15   16   21   17   31   21   16   18   21   36   15   33   17   18   22   21   18   16   14   19   21   19   15   36   16   22   17   17   36   22   20   17   20   36   14   21   35   19   19   14   33   21   23   36   15   22   16   21   17   21   22   21   15   17   37   15   19   20   20   23   34   20   21   15   20   18   14   15   16   18   17   38   15   16   22   17   21   23   21   20   23   15   16   17   21   32   22   16   34   19   19   36   16   19   23   21   20   22   15   17   19   16   18   15   15   15   17   15   19   36   20   16   22   20   18   19   16   36   16   16   20   18   20   15   15   16   23   22   22   21   18   15   17   18   22   20   15   17   15   23   14   20   36   21   34   16   20   18   21   35   22   19   33   22   18   14   23   35   15   21   18   22   21   22   19   18   20   21   19   32   23   36   18   17   20   22   22   17   36   18   17   21   36   22   18   21   36   15   17   15
  12   12   12   10    8    8   10   11   10   10   11   11   11   12   11   10   10   12   20   11    9   10   11    9    9   11    9   18   19   12   10   12    8    9   10   12   10   12   10    8   12    9   10    9    8    9   11   10   12    8    9   10   12    8   10   11   10    9   12    8   11   18   20   11   11   12   10   12   10   10   11   12   10   12   10   19   11   10   19   11    8   19   10   12   11   11   19    9   10   11   12   10   12   12   10    8   17    9    9    9   10    8   12   12   11   10   10   10    9   12    8   12   10   12    9   11   10    9    9   11   10   10    9   12   10   10   12   12    9    9    8    8   10   11   10    8    8   12   10   10   12   11    8   10    9   17   10   10   20   12    8   18   11    8   12   11    9    9   10   12   10   12    9   12   11    8   12   10    9   12   11   20   11    9   12   10   11   19   11   19    8    9    9    8    8   10   10   10   12    9   12   20    9    8   12   12   12   10   10   11   12    8   11   11   10    8   11   11   10   11   12   10   18    8   12    8   12   10    9    9   12   10   11    8   10   11   10   11   12   10   20   18   12   12   11   12    9   10    8    8    9   12    8   10   11    9   10    9    8   11   11    9    9    8   18   11    8   20   11   20   10   10   12   12   11    9    8   12   10   12    9    8   12   17   11    8    8   19   18    8   10    9    8    8   11    8    9   10    9   10   10    9   12    9   19   12   10    9    9   20   10   17   12    8    9   11   10   19    9   12   12   12   11    8    8   12    8   12   10   20    8   10   11    8   11   12   10    9   11    9    8    9   11    8    9    9   12    8    9    9   12   17   11   10    8   11   12    8   10   11   12   12    9   12   17   11   12   11    9   18   12   10    8    8    8   12   11   11   20    8   10    8   11    8    9    9   11    8   12   10    8    8   10   10   20   10   12    8   11    8   11   10    8   10    9   12   11    8    8   10   10   17    8    8    8   10   10    9   11   17    9   10   12    8    8   10   11   18    9    9   11   11   11   10   11    9    8    9    8   11   11   10   11    9   11    9   12   12   12   12    8   12    8   12   10    8   12   20   12    8   11   11    9    8    8   11   17    9   20   10   12   17   11    9   10   19   10    9    9    8   12   12    8   12   11   12    8   10    9   11   11    9    8   12    9   20   11    8   10   10    9   10   10   10    9   10   11   17   10   11
  15   15   14   13   14   15   13   15   14   11   14   10   10   12   11   12   10   15   14   11   10   11   10   13   11   11   14   10   12   10   13   15   14   10   15   10   14   15   12   13   11   13   21   13   22   10   15   10   12   14   13   11   15   14   15   15   12   15   13   10   12   14   15   11   10   13   12   14   12   14   11   10   11   13   13   13   11   13   13   14   21   15   15   15   22   10   10   14   15   11   22   10   13   10   24   14   11   24   21   11   25   14   12   22   13   12   13   15   13   12   11   23   15   24   12   14   10   13   11   12   13   10   12   12   24   14   12   13   14   11   22   12   11   21   13   15   14   14   13   10   12   13   13   10   10   13   15   10   15   12   15   11   13   11   15   10   10   13   14   12   10   13   11   14   11   11   12   10   15   13   13   14   12   21   13   13   21   13   23   12   25   14   15   11   11   14   12   13   24   14   10   21   13   10   11   12   15   10   12   13   13   13   12   15   13   10   10   14   13   23   15   15   24   11   11   10   15   12   14   12   10   10   13   12   12   15   10   11   13   13   15   10   24   10   13   15   13   14   13   15   10   11   10   14   13   10   10   10   15   11   15   12   25   12   10   23   11   12   10   14   12   11   14   15   10   14   10   10   15   15   13   10   13   14   12   13   10   12   15   12   15   14   11   12   13   11   14   15   10   23   21   15   21   13   14   15   10   14   11   12   15   21   13   15   10   13   15   11   15   24   10   11   11   12   15   15   12   23   12   14   14   13   11   12   15   12   12   13   11   15   15   15   14   15   21   13   14   15   15   11   14   15   13   14   11   11   13   15   14   10   14   15   15   12   15   12   14   14   14   10   13   11   11   10   24   25   12   12   14   10   12   14   15   12   10   11   12   10   10   12   13   14   12   11   10   10   14   21   12   13   11   15   14   13   14   12   11   12   12   12   15   12   12   15   11   11   13   13   15   15   13   12   12   11   11   14   11   21   12   14   10   11   14   14   12   14   13   14   12   24   12   13   13   15   13   15   15   14   10   25   10   15   13   12   10   15   12   11   11   10   10   22   12   12   21   13   14   11   13   11   11   13   12   10   14   21   13   10   13   10   10   21   10   11   10   12   13   11   15   14   11   15   13   15   11   12   14   12   12   12   12   13   15   25   14   14   21   10   13   11
  18   14   27   13   12   16   14   18   16   13   16   14   13   13   17   14   14   15   13   13   18   17   13   14   16   18   18   16   15   13   27   18   14   16   15   16   26   16   12   12   15   17   12   16   14   18   28   16   18   14   17   25   16   13   14   16   14   18   12   16   14   14   13   12   13   17   11   15   11   12   12   14   14   17   12   28   17   15   13   28   16   15   13   17   16   16   26   13   12   16   14   16   26   18   18   16   28   14   16   14   25   12   12   13   29   18   12   18   15   14   14   29   16   17   12   16   12   16   18   27   15   25   12   16   12   16   11   15   12   16   15   16   13   13   18   13   12   15   13   13   18   15   17   18   18   13   18   12   25   13   12   30   14   18   28   18   14   12   15   18   12   15   14   15   12   18   18   18   18   14   15   17   13   16   14   17   17   17   14   18   17   13   17   13   18   28   15   14   12   13   13   15   16   18   11   17   13   17   18   12   17   13   14   14   15   12   18   18   18   14   15   12   11   25   12   17   16   12   12   15   14   12   17   16   17   16   13   16   25   18   15   11   12   15   15   13   12   14   25   14   14   12   25   18   14   14   18   16   18   15   14   18   13   18   16   18   16   16   15   16   12   18   13   13   13   15   16   13   17   12   17   16   15   27   12   17   12   14   17   17   25   18   14   25   14   15   17   13   15   17   13   17   12   15   15   26   15   18   17   29   14   16   18   16   14   16   17   17   17   28   18   29   18   15   18   25   27   12   28   16   14   17   15   14   13   18   18   14   13   18   12   12   14   17   18   25   18   29   15   17   16   16   15   18   12   15   13   12   14   13   11   18   14   13   18   15   12   15   12   16   16   17   14   12   16   13   17   27   17   16   27   14   18   11   29   15   14   14   12   11   14   13   16   15   25   15   17   13   15   14   12   18   12   16   16   18   28   15   12   12   14   14   14   14   26   12   14   17   17   18   13   16   18   14   14   12   18   18   18   13   13   14   11   12   17   15   18   18   12   16   30   17   17   12   11   15   26   13   14   30   18   12   26   13   15   14   25   18   15   12   18   11   25   17   14   18   15   14   30   16   13   12   17   15   25   14   14   14   26   12   16   26   14   29   15   18   14   14   13   15   17   26   17   30   16   14   17   17   17   18   26   27   16   12   30   26   17   16   18   15
   6   10    5    6    5   10    5    4    4    5    6    6    6   10    6    6    4    6    6    6    6    4   10    6    6    6    4    4    5    6    6    5    9    6    5    6    9    6    6    9    4    6    4    6    6    5    6    6    5    6    5    6    5    6    5    6    6    6    6    6    4    6    6    5    6    6    4    6    4    6    6    5    9    6    6    5    4    5    9    6    5    4    6    5    9    4    6    5    4    6    5    6    9    6    6   10    5    6    5    5    6    6    5    4    5    6    5    5    9    4    4    6   10    5    5    6    6    6    5    5   10    6    5    6    6    4    6    4    9   10    4    5    6    5    9    5    5    5    5    5    6    6    6    5    6    5    5    5    5    6    5    6    6   10    6    6    6    4    6    5    4   10    6    6   10    5   10    5    5    5    6    6    5    6    6    6    4    6    6    5    5    6    4    5    6    4    6   10    6    5    6    6    4    6    6    5    5    5    5    6    6    5    4    6    6    5    5    4    4    6    4    6    5    5    6    4    9    6    9    4   10    6    5    6    6    6    6    5    6    6    4    4    6    4    4    4    9   10    6    4    6    6    5    5    6    4    6    5    4    5    4    6    4    4    6    5    6    9    5    6    6    6    6    6    5    6    6    4   10    5    6    9    6    4    6    6    5    5    6    5    6    5    6    6    5    6    9    6    5    5    5    6    6    5    6    6    5    6    5    5    9   10    5    6    5    6    6    6    4    6    5    5    5    5    5    5    6    9    6    5    5    4    5    5   10    4   10    5    5    9    6    6    9    5    6    6    6    4    6    5    5    6    9    9    6    6    6    4    5    5    4    4    6    5    5    6    5    6    6    5    5    5    9    6    6   10    6    5    6    6    6    6    5    5    5    5    6    4    5    5    5    6    6    5    4    5    6    4    5    4    6    6    6    5    4    5    9    4    6    5    5    6    5    5    4    9    6    5    5    6    5    5    6    4    5    5    4    6    6    5    6    6    5   10    4    5    5    5    6    5    5    4    6    5    6    4   10    5    6    6    5    4    5    4    5    5    4    5    5    4    6    6    4    4    4    6    9    6    6    6    5    5    6    9    5    4    6    5    5    5    5    6    4    6    6    9    6    6    6    5    4    5    6    5    6    5    5   10    6    6   10   10    6    5    6    5    4    4    4    6
  20   14   18   15   17   16   16   14   20   16   19   15   14   18   20   18   20   30   18   16   18   15   15   20   18   15   14   18   18   29   13   19   14   20   12   15   16   19   14   33   20   14   18   18   13   17   13   17   19   13   15   33   18   17   18   15   17   32   13   15   14   33   20   19   13   17   12   19   16   18   19   32   17   14   33   18   16   18   14   13   13   15   15   20   18   13   16   16   17   16   18   20   16   16   17   15   13   29   16   13   15   16   30   20   20   29   17   14   13   13   16   15   18   17   19   15   18   18   16   17   17   19   18   17   27   19   16   13   17   20   12   16   13   18   20   12   18   13   15   16   16   14   19   19   19   32   19   19   15   30   12   13   18   15   17   30   28   16   20   14   14   13   18   15   14   17   16   15   16   13   18   19   19   15   19   12   18   29   12   18   19   17   18   15   12   19   32   18   13   17   15   13   14   18   14   16   14   18   19   32   20   18   19   16   18   19   19   13   16   17   12   18   14   18   17   16   29   15   17   20   30   14   12   31   20   16   18   15   13   13   20   18   14   13   18   19   13   17   18   18   17   18   18   20   18   17   19   15   19   14   16   30   20   18   13   18   27   13   15   19   16   32   14   14   15   17   20   18   16   13   13   15   32   15   17   18   19   18   15   17   15   15   13   19   15   15   16   14   16   17   13   15   13   16   14   31   16   19   16   17   17   19   18   12   16   16   13   15   14   18   13   13   18   20   17   16   27   20   15   28   16   19   18   20   20   33   20   16   14   20   16   13   17   15   16   15   16   17   18   12   14   27   28   18   15   18   17   13   17   18   17   20   13   12   13   18   14   15   20   20   13   29   17   18   13   19   20   15   17   12   18   17   18   19   15   19   17   16   15   18   18   18   18   13   12   16   16   18   18   17   18   14   18   13   13   12   17   27   18   13   15   13   15   14   20   15   18   19   19   32   17   16   14   14   14   17   14   16   13   17   31   15   14   19   17   16   16   20   12   14   15   18   15   15   20   14   19   17   13   18   15   30   12   14   19   13   16   20   19   13   17   16   14   13   14   15   14   19   15   19   19   14   19   18   19   14   13   19   20   15   19   14   31   13   15   16   17   19   31   17   13   14   14   13   14   18   17   13   19   15   17   17   19   19   15   14   30   17   15   13
  14   18   29   12   13   18   15   16   18   14   16   14   17   18   12   16   18   16   13   16   14   12   17   12   14   17   12   13   13   13   17   18   14   14   14   16   13   14   12   18   13   16   12   17   14   15   13   18   11   15   16   12   14   12   27   13   17   15   13   29   12   16   14   17   28   13   18   18   26   14   25   13   14   16   12   17   18   16   16   14   16   13   30   14   27   17   26   27   13   18   12   18   18   13   13   18   15   12   18   17   16   17   13   12   29   17   15   15   15   15   18   14   14   18   26   14   12   18   17   14   18   15   14   14   13   18   27   15   17   15   14   26   13   17   25   14   18   17   14   14   12   12   27   15   14   12   15   14   13   18   13   16   25   15   18   16   13   17   14   16   18   16   17   16   13   18   12   12   18   13   17   17   15   14   13   14   15   29   18   18   12   17   17   12   27   28   18   14   15   15   15   13   12   17   14   14   16   18   12   17   14   17   14   17   15   12   12   13   13   12   14   17   11   30   12   13   15   12   25   17   15   16   14   14   30   28   16   14   16   18   15   15   13   17   14   18   17   12   17   18   15   12   16   12   18   16   12   13   15   13   18   15   15   11   15   13   16   16   14   16   12   13   29   12   12   13   15   15   17   13   12   17   13   17   15   13   12   14   16   14   18   12   30   17   14   13   14   16   11   17   18   16   17   13   13   12   18   12   18   16   18   17   17   15   13   16   13   15   12   12   17   17   12   14   14   11   14   13   13   12   15   15   13   17   11   15   11   13   14   12   13   17   12   15   13   18   13   16   25   28   15   15   11   25   13   14   15   13   13   13   18   15   15   16   13   11   12   18   14   18   18   29   17   12   16   16   13   17   14   17   13   15   17   13   13   12   13   17   18   13   13   12   18   17   14   16   14   25   15   13   12   11   12   14   15   18   16   15   13   18   13   17   28   15   13   25   17   13   15   16   17   13   17   14   17   13   25   15   25   17   12   17   17   15   15   15   12   16   12   12   28   15   13   17   12   26   15   13   26   12   13   17   15   29   15   16   16   15   14   30   16   12   14   15   17   13   18   17   16   18   28   15   17   18   12   15   12   18   28   17   18   15   12   18   18   13   14   12   17   18   16   13   14   13   18   12   15   16   13   16   18   17   12   18   29   17   18   14   16   18
   4    5    3    3    4    8    7    5    3    4    4    4    4    5    4    5    4    4    4    4    3    4    4    3    5    4    4    4    4    4    3    4    4    4    4    4    4    5    4    4    5    5    3    4    4    4    3    4    4    4    4    4    4    4    3    4    5    4    5    3    4    5    4    5    4    5    4    7    3    5    4    5    8    4    3    5    4    4    3    3    5    4    3    4    4    5    4    3    4    4    7    3    3    4    4    5    4    4    4    5    3    4    5    5    4    4    5    5    4    7    4    4    4    5    5    5    5    4    5    5    5    4    5    3    7    8    3    5    4    4    4    5    4    4    5    7    4    4    5    4    4    4    4    5    4    5    4    4    5    3    4    4    4    5    4    4    3    3    5    4    3    4    4    4    4    4    4    3    5    5    4    4    4    4    7    4    5    4    5    4    3    5    4    4    5    5    3    4    4    3    4    5    4    3    8    4    7    3    3    4    5    3    8    4    3    4    4    5    5    5    5    3    3    7    5    5    3    3    3    8    3    4    3    4    4    3    4    5    4    4    3    4    8    4    3    5    4    5    5    4    3    4    7    4    4    4    3    4    4    4    4    7    4    4    3    4    4    4    7    5    8    4    5    4    4    4    4    4    3    5    3    4    4    4    4    5    4    7    4    8    7    3    5    5    3    5    8    3    7    3    5    3    4    5    4    8    3    7    3    4    5    5    4    7    4    4    5    4    3    4    7    4    4    5    4    8    4    4    5    4    5    5    4    5    7    4    3    5    4    5    5    4    4    5    4    4    4    4    5    5    4    5    8    8    4    4    7    4    5    4    5    8    4    7    3    4    4    4    5    4    4    4    4    3    3    3    4    5    3    5    4    4    4    7    3    5    4    4    4    4    3    4    5    4    5    4    4    4    4    4    5    3    7    5    4    7    5    4    4    5    7    3    4    4    7    5    3    4    4    4    5    4    5    5    5    5    5    3    4    7    4    4    4    5    5    5    3    3    4    5    4    4    4    5    5    4    5    4    7    4    5    5    5    5    3    5    4    4    3    4    4    7    4    3    5    5    4    4    4    4    4    4    7    4    4    3    4    4    4    5    8    4    8    4    3    3    5    4    3    5    5    7    4    3    3    4    4    5    3    4    5    3    4    3    4    3    5    8    5    3
  17   11   16   12   14   15   11   12   16   16   13   26   12   11   12   14   12   13   13   16   15   16   12   14   16   11   12   13   13   13   15   12   12   11   11   14   12   15   13   12   12   13   15   15   16   27   15   13   15   13   26   13   11   14   14   12   11   12   14   13   12   15   11   14   13   13   24   15   16   13   17   16   16   15   10   12   11   13   15   13   13   17   12   16   15   14   16   12   13   15   12   11   15   14   15   12   11   15   13   15   11   12   13   11   14   15   16   15   17   12   26   12   17   15   11   12   13   13   16   11   12   11   14   15   15   15   15   11   13   13   15   13   15   15   16   15   13   13   10   23   28   15   11   11   15   17   13   12   15   16   15   16   23   13   15   16   13   15   12   13   16   14   16   14   15   16   12   27   17   16   23   14   27   11   12   12   28   17   11   23   11   11   15   13   11   14   11   17   12   13   16   27   23   11   11   12   11   15   17   11   15   15   12   14   14   15   13   13   16   17   10   15   28   13   11   14   12   13   16   11   16   11   13   25   15   16   14   13   12   15   12   12   16   16   15   15   12   13   11   14   16   12   16   12   12   17   12   14   14   17   11   15   15   11   11   15   16   11   10   12   11   14   12   17   13   14   14   14   11   13   11   28   27   16   13   17   14   12   11   15   12   14   11   13   16   13   11   13   16   11   11   15   15   11   15   13   15   11   13   16   10   14   11   11   14   11   10   14   16   26   17   12   16   12   12   11   16   13   26   12   14   15   15   12   11   23   14   12   25   10   15   25   14   13   26   25   14   14   13   14   13   14   14   17   26   17   11   12   11   23   14   17   27   12   13   15   14   11   17   15   12   16   11   14   11   11   16   27   11   17   13   11   13   11   15   15   13   12   15   14   13   17   14   14   14   16   13   12   11   16   11   25   11   11   13   14   12   24   14   16   11   14   14   16   15   11   14   13   13   14   28   16   14   17   12   16   28   12   26   11   16   25   13   14   11   14   14   11   10   14   23   11   15   13   15   13   15   11   11   15   13   12   11   23   14   14   11   13   16   13   10   16   11   11   11   10   12   13   14   13   17   14   27   16   11   14   14   11   11   11   15   16   16   11   15   15   12   27   12   16   12   14   25   26   12   14   15   13   16   12   27   16   12   13   14   16   13   13   12   10
  15   24   13   16   11   13   12   12   15   12   15   10   12   11   14   24   12   12   24   25   11   13   11   24   15   17   17   16   11   23   14   12   16   11   11   12   28   12   12   13   11   11   12   14   17   17   24   27   12   16   17   13   16   14   15   16   11   16   13   16   14   16   15   13   15   13   16   17   13   16   13   14   13   11   11   15   16   14   12   14   26   13   11   13   13   14   13   12   11   13   16   12   14   26   12   15   11   16   17   17   15   17   27   11   11   12   16   14   14   14   16   23   13   12   25   11   13   25   13   16   16   17   23   16   24   14   11   12   15   17   15   25   13   14   13   28   13   15   15   12   17   14   15   14   16   24   11   24   12   12   15   11   16   14   13   11   16   14   15   25   25   17   15   15   14   15   17   15   13   16   11   12   13   11   10   16   16   23   24   11   13   14   13   14   16   14   16   14   13   14   12   15   13   27   13   16   13   16   13   16   15   25   28   11   16   14   25   10   11   12   13   14   15   13   13   11   11   15   11   28   13   14   15   13   17   16   15   11   12   15   13   12   15   13   14   13   15   16   11   17   14   14   13   13   13   28   15   11   27   14   11   17   27   12   14   14   15   14   24   14   14   11   13   25   13   25   14   14   16   13   27   15   25   17   27   13   15   15   12   13   14   14   11   16   16   15   11   16   26   17   16   13   16   13   15   13   26   13   26   14   12   11   12   13   17   13   12   17   10   11   16   15   11   12   15   17   13   26   12   12   16   15   15   15   11   15   16   24   13   15   27   14   15   26   13   13   14   12   11   11   16   15   11   14   27   13   17   10   16   14   11   14   24   15   16   17   13   15   11   14   13   14   13   11   11   12   15   15   15   13   14   13   26   15   16   17   16   14   16   12   28   13   13   13   15   11   13   13   25   14   12   16   16   16   16   24   15   11   12   15   13   14   14   11   11   24   23   17   12   10   13   11   16   14   15   17   14   11   13   17   12   14   15   15   12   12   17   13   16   11   14   13   12   17   13   11   12   17   12   16   13   14   13   13   14   16   13   15   15   13   14   17   26   11   17   12   11   15   15   12   14   11   14   15   11   11   11   13   12   11   27   12   12   12   14   15   15   11   12   11   14   16   17   16   26   11   17   13   11   16   13   14   11   15   17   14   11   17   10   15
  20   17   22   18   17   21   19   23   22   32   18   20   19   16   23   15   22   31   15   20   20   15   15   19   33   15   16   32   17   36   22   16   22   20   16   20   19   15   19   14   19   14   15   20   20   21   19   14   22   22   21   18   14   23   23   15   15   21   14   22   19   20   15   21   18   19   22   21   16   16   21   17   21   18   32   15   15   20   18   16   19   17   20   19   18   23   18   21   14   19   14   21   18   17   18   35   16   19   19   16   17   19   15   16   19   17   21   15   18   15   20   22   20   22   19   20   20   14   35   16   17   21   21   15   14   32   21   15   20   14   16   15   19   20   20   15   17   22   34   17   35   16   21   37   21   20   19   16   23   34   20   19   38   19   17   21   14   16   15   21   17   16   15   17   14   18   21   32   22   19   20   19   20   17   23   15   19   19   35   21   19   18   37   20   20   20   15   34   23   16   31   22   15   15   18   18   37   16   19   17   23   36   14   22   33   20   15   19   17   20   16   14   19   16   15   20   23   16   16   35   19   23   18   22   18   23   14   19   16   16   20   22   18   33   20   23   19   14   15   17   21   18   23   14   19   22   21   17   21   14   33   16   21   22   20   15   15   23   37   17   15   15   18   17   19   31   15   23   16   17   16   36   15   19   14   21   20   18   32   16   16   19   37   17   18   36   23   22   20   19   18   18   14   16   17   21   20   15   15   20   16   36   20   31   18   34   16   21   21   19   23   17   17   37   33   16   21   21   22   21   34   15   16   14   17   16   16   14   15   18   33   35   21   18   18   22   16   15   31   20   23   17   17   33   21   17   18   19   22   18   22   23   20   16   21   22   36   20   19   19   16   35   20   15   18   17   15   15   16   22   20   21   22   19   17   21   21   15   23   16   20   22   22   21   31   19   21   21   22   22   16   33   19   22   17   17   18   21   17   18   33   15   18   20   15   15   21   23   18   19   31   20   31   21   22   22   18   16   22   15   22   18   17   32   20   18   17   17   19   37   19   20   14   21   22   14   35   35   23   19   17   21   36   21   20   15   21   32   23   18   21   20   15   15   18   18   21   16   16   21   17   22   15   33   23   20   15   21   18   16   16   16   17   15   34   16   22   17   21   14   15   23   22   15   20   16   20   21   17   34   31   17   32   17   23   14   16   21   32   15
