spsp
10
2
500
13 26 15 12 4 28 32 10 14 11 
66 104 90 85 82 101 100 71 83 61 
10 10 
0.002 0.002 0.002 0.002 0.002 0.002 0.002 0.002 0.002 0.002 0.002 0.002 0.002 0.002 0.002 0.002 0.002 0.002 0.002 0.002 0.002 0.002 0.002 0.002 0.002 0.002 0.002 0.002 0.002 0.002 0.002 0.002 0.002 0.002 0.002 0.002 0.002 0.002 0.002 0.002 0.002 0.002 0.002 0.002 0.002 0.002 0.002 0.002 0.002 0.002 0.002 0.002 0.002 0.002 0.002 0.002 0.002 0.002 0.002 0.002 0.002 0.002 0.002 0.002 0.002 0.002 0.002 0.002 0.002 0.002 0.002 0.002 0.002 0.002 0.002 0.002 0.002 0.002 0.002 0.002 0.002 0.002 0.002 0.002 0.002 0.002 0.002 0.002 0.002 0.002 0.002 0.002 0.002 0.002 0.002 0.002 0.002 0.002 0.002 0.002 0.002 0.002 0.002 0.002 0.002 0.002 0.002 0.002 0.002 0.002 0.002 0.002 0.002 0.002 0.002 0.002 0.002 0.002 0.002 0.002 0.002 0.002 0.002 0.002 0.002 0.002 0.002 0.002 0.002 0.002 0.002 0.002 0.002 0.002 0.002 0.002 0.002 0.002 0.002 0.002 0.002 0.002 0.002 0.002 0.002 0.002 0.002 0.002 0.002 0.002 0.002 0.002 0.002 0.002 0.002 0.002 0.002 0.002 0.002 0.002 0.002 0.002 0.002 0.002 0.002 0.002 0.002 0.002 0.002 0.002 0.002 0.002 0.002 0.002 0.002 0.002 0.002 0.002 0.002 0.002 0.002 0.002 0.002 0.002 0.002 0.002 0.002 0.002 0.002 0.002 0.002 0.002 0.002 0.002 0.002 0.002 0.002 0.002 0.002 0.002 0.002 0.002 0.002 0.002 0.002 0.002 0.002 0.002 0.002 0.002 0.002 0.002 0.002 0.002 0.002 0.002 0.002 0.002 0.002 0.002 0.002 0.002 0.002 0.002 0.002 0.002 0.002 0.002 0.002 0.002 0.002 0.002 0.002 0.002 0.002 0.002 0.002 0.002 0.002 0.002 0.002 0.002 0.002 0.002 0.002 0.002 0.002 0.002 0.002 0.002 0.002 0.002 0.002 0.002 0.002 0.002 0.002 0.002 0.002 0.002 0.002 0.002 0.002 0.002 0.002 0.002 0.002 0.002 0.002 0.002 0.002 0.002 0.002 0.002 0.002 0.002 0.002 0.002 0.002 0.002 0.002 0.002 0.002 0.002 0.002 0.002 0.002 0.002 0.002 0.002 0.002 0.002 0.002 0.002 0.002 0.002 0.002 0.002 0.002 0.002 0.002 0.002 0.002 0.002 0.002 0.002 0.002 0.002 0.002 0.002 0.002 0.002 0.002 0.002 0.002 0.002 0.002 0.002 0.002 0.002 0.002 0.002 0.002 0.002 0.002 0.002 0.002 0.002 0.002 0.002 0.002 0.002 0.002 0.002 0.002 0.002 0.002 0.002 0.002 0.002 0.002 0.002 0.002 0.002 0.002 0.002 0.002 0.002 0.002 0.002 0.002 0.002 0.002 0.002 0.002 0.002 0.002 0.002 0.002 0.002 0.002 0.002 0.002 0.002 0.002 0.002 0.002 0.002 0.002 0.002 0.002 0.002 0.002 0.002 0.002 0.002 0.002 0.002 0.002 0.002 0.002 0.002 0.002 0.002 0.002 0.002 0.002 0.002 0.002 0.002 0.002 0.002 0.002 0.002 0.002 0.002 0.002 0.002 0.002 0.002 0.002 0.002 0.002 0.002 0.002 0.002 0.002 0.002 0.002 0.002 0.002 0.002 0.002 0.002 0.002 0.002 0.002 0.002 0.002 0.002 0.002 0.002 0.002 0.002 0.002 0.002 0.002 0.002 0.002 0.002 0.002 0.002 0.002 0.002 0.002 0.002 0.002 0.002 0.002 0.002 0.002 0.002 0.002 0.002 0.002 0.002 0.002 0.002 0.002 0.002 0.002 0.002 0.002 0.002 0.002 0.002 0.002 0.002 0.002 0.002 0.002 0.002 0.002 0.002 0.002 0.002 0.002 0.002 0.002 0.002 0.002 0.002 0.002 0.002 0.002 0.002 0.002 0.002 0.002 0.002 0.002 0.002 0.002 0.002 0.002 0.002 0.002 0.002 0.002 0.002 0.002 0.002 0.002 0.002 0.002 0.002 0.002 0.002 0.002 0.002 
  21   26   28   26   32   18   21   25   19   21
  37   41   33   35   29   51   28   53   32   29
   4    3    2    8    9    6    6    8    8    5
   8    7    5    3    3    4    4    6    6    8
  20    3    5   17   21   24   11    7   12    7
   8    5   15    4    3    9    3    5   11    8
  79   26   28   22   26   23   30   30   29   27   21   64   19   20   24   20   28   25   19   27   25   27   23   65   76   29   21   19   26   22   29   27   25   19   20   24   25   24   76   23   66   26   19   25   65   28   22   21   30   21   28   20   75   27   27   26   25   27   25   24   64   26   20   27   20   21   21   28   20   27   75   30   27   27   21   30   19   27   63   25   29   19   22   27   24   19   22   23   19   28   19   21   22   26   23   25   29   28   22   24   23   25   24   28   27   27   79   25   30   21   21   25   22   20   20   67   28   20   25   69   25   30   23   64   73   22   22   24   25   26   26   20   29   19   23   30   28   25   23   22   26   22   28   28   21   29   23   73   25   21   19   29   22   29   30   21   75   27   21   70   26   30   26   24   24   27   28   30   24   23   26   22   23   30   30   27   27   23   27   30   25   22   22   28   70   27   23   29   28   19   24   24   66   20   30   30   30   22   30   24   24   20   30   25   27   68   19   20   19   28   19   28   27   21   28   30   28   75   28   25   23   64   71   21   73   28   22   19   30   29   20   24   30   80   22   25   30   19   23   30   29   30   29   29   19   25   22   26   24   24   29   64   22   30   30   27   65   24   76   30   30   61   75   20   28   30   65   22   61   20   71   29   19   26   20   28   22   24   73   27   24   29   20   26   19   29   19   21   26   20   25   28   23   23   29   62   27   79   28   27   29   26   20   23   25   26   19   19   30   20   63   26   24   27   30   24   19   24   26   74   21   27   28   28   25   23   24   27   20   24   20   19   22   23   19   74   26   25   21   24   19   24   25   26   22   30   26   21   24   24   26   22   25   22   21   29   61   25   78   22   22   25   23   21   19   19   24   28   28   21   27   22   19   22   23   22   20   24   71   25   20   19   26   21   26   27   23   24   29   23   24   21   24   24   29   25   69   21   70   25   24   26   25   74   27   22   25   29   20   28   22   29   23   27   62   29   30   23   21   28   28   24   30   24   22   65   19   68   30   27   27   27   26   24   29   19   22   62   67   26   26   30   79   30   26   30   26   27   24   27   21   30   24   79   21   23   20   28   26   77   79   22   66   71   25   30   63   19   27   25   23   30   26   26   25   20   26   24   22   63   27   21   25   26   21   20   28   29   29   24   22   66   22   19   19   28   24   19   23   21
   3    3    4    5    5    3    7    4    4    4    4    3    5    4    3    4    3    4    4    8    5    3    5    3    5    3    4    5    7    8    8    4    7    5    4    4    4    4    4    3    3    4    4    5    4    5    5    4    4    7    4    4    4    7    5    5    4    4    3    4    3    7    5    4    4    4    4    5    5    7    4    5    4    3    4    4    5    4    4    5    3    4    4    4    4    5    7    3    3    4    5    4    5    4    5    4    8    4    4    4    4    4    4    4    3    5    4    8    3    3    4    4    4    4    5    4    4    4    4    3    4    4    4    4    3    5    4    5    4    7    4    5    4    4    5    5    4    3    4    3    3    3    4    4    4    5    4    8    5    4    3    5    4    5    5    5    8    4    4    4    4    4    3    3    5    4    3    4    5    4    4    5    5    5    5    4    7    3    4    4    5    4    4    3    3    5    3    5    3    5    8    4    4    8    4    4    4    5    4    8    5    7    4    8    4    4    5    4    8    5    4    7    5    5    4    4    4    3    4    5    3    5    3    3    7    4    7    5    4    4    4    5    7    5    4    4    4    5    4    4    4    4    5    5    5    4    4    5    5    4    7    5    4    4    5    4    5    5    5    3    4    4    5    7    5    4    4    5    5    8    4    5    5    4    7    4    7    4    3    8    4    4    5    4    5    3    4    4    5    4    4    4    4    4    4    4    5    8    4    4    4    5    5    5    4    5    4    5    4    4    5    4    4    4    3    7    5    5    4    4    7    4    3    8    4    4    8    8    5    5    3    5    4    3    4    5    4    4    3    4    5    4    3    4    4    3    4    4    5    4    4    4    3    8    3    5    4    4    4    5    4    4    7    3    5    4    4    4    4    4    3    4    5    3    8    3    4    4    3    4    4    4    7    4    3    3    4    3    4    8    4    5    3    3    4    5    4    4    4    4    4    4    3    4    7    7    3    4    4    3    4    5    4    4    7    4    4    5    3    3    5    5    4    4    3    3    7    4    3    5    4    3    5    4    4    7    3    7    4    4    4    4    5    4    5    4    8    3    4    8    5    4    4    4    7    4    4    5    4    3    5    5    5    5    3    4    5    4    7    3    5    4    7    4    5    3    5    3    3    4    5    4    5    4    3    4    4    5    3    7    4    4    4    5    8    3    3    3    7    4
   7    7    5   11    8    6    8    8    6    7    6    5    6    6    5    8    7    8    5    6    6    6    8    7    7    7    8    5    7    7    6    7    5    6    6    7    7    7    6    6    5    7    6    5    6    7    6    6    5    8    8    7    5    6    7    6   12    8    7    7    7    6    6    6    7    6    6    8    6    7    7    6    6    5    7   12    6    6   12    6    5   13    6    8    7    5   11    7    7    8   11    7    7    5    7    7   11    7   13    8    8    8    8   12    8    6   12    8    6    6    7    6    6    6    7    7    7    7    7    7    7    7    7    6    7    7    8    8    8    8    6    6    7   12    6    6    6    7    5    5    6    5    5    8    8    5    6   12    7    8   12    6    6    5    7    7   12    6    6    8    6    8    6    5    7    7    7    5    5    6    7    5    5    7   12    7    6    5    6    7    6    5   12    7    5   13    7    6    6    7    7    8    7    8    5    6    8    8    6   13    5    6    7    6    6    8    7    5    6    6    7    7    5    7    8    5    5    6    7   12    8    8    6   13    7    7    8    5    7    6    6    7    6    7    6    5    6    6    7    7    6    7    7    6    7    5   11   11    6    6    6    6    7    7    6    7    7    6    5    6    5   12    7    6    5    7    6    6    8    8    6    5    6    6    7    6    5    7    5    7   12    5    8    6    7    7    7    6    6    7    6    8    6    6    5   13   12    6    5    7    6    7    7    6    6    5    6    6    7    8    7    5    5    5    5    7    6    6    8    7    8    8    7    6    6    7    7    7    6    6    8    7    7    6   12    8    7    7    6    6    8    8    7    5    7    7    6    7    7    8    7    5    7    6    6    6    5    6    6    6    8    8    5    6    7    7    6    6    7    7    5   12    5    7    8    5    5    6    6    6    5    7    8    6    7    6    6    6    7    6    7    6    5    6   11    7    6    6    5    7    5    6    6    7    7    7    8    7    6    8    6    7    5    5    6    6    5    7    7    7    8    7    8   11    6    8    6    6    8    7   12    6    7   11    6    6    7   11    6    6    5    8    7    8    5    8    7    7    5    8    8    6    5    5    6    6    6    5    8    5    5    7    6    6    7    7    8   11    6    6    7    6    6    7    6    6    7    7    5    5    5    8    6    6    6    7    6    7    7    7   11    8    6    7   12    7    8    7    7    6
  19   56   17   22   19   18   53   19   25   59   16   22   26   55   20   17   16   21   63   21   17   24   17   19   24   20   17   19   20   20   19   19   26   66   26   68   18   17   21   17   21   23   18   23   24   23   17   25   24   22   19   20   24   26   22   22   23   65   19   26   20   20   54   24   24   24   20   20   19   20   19   21   19   16   57   19   17   20   25   20   22   18   25   18   20   19   19   24   19   18   66   64   24   19   24   26   17   16   25   52   23   54   24   25   26   18   16   19   21   23   26   57   24   26   24   22   19   21   25   20   24   18   64   25   21   24   26   16   18   19   25   20   18   57   17   66   24   23   20   21   19   23   66   26   19   25   60   23   24   21   64   23   20   21   19   65   23   58   20   26   16   21   24   24   19   23   62   17   20   25   19   23   26   65   16   19   25   18   24   22   23   21   19   17   18   64   18   16   20   24   25   17   24   26   24   21   23   26   56   19   16   19   66   16   24   25   16   22   26   25   16   24   25   25   23   17   17   19   53   22   67   23   17   21   25   23   19   24   23   24   21   24   25   24   22   22   21   16   25   19   22   18   16   24   25   21   16   24   21   18   22   24   19   20   18   57   20   23   20   25   24   22   23   18   17   16   22   53   17   18   18   17   18   19   21   18   58   22   17   26   24   63   21   21   18   20   54   58   21   22   16   19   26   20   20   68   19   23   19   17   24   18   20   20   20   20   24   23   20   20   26   17   19   21   23   17   23   17   25   26   23   20   22   19   22   20   60   18   25   65   18   19   26   25   20   20   24   19   24   21   25   17   17   20   22   24   20   23   19   16   26   25   52   17   18   17   60   24   24   25   54   17   23   22   22   21   19   20   23   23   17   26   16   22   21   58   25   23   25   21   20   19   16   21   19   25   26   20   23   23   23   22   20   16   55   17   21   24   17   19   22   53   17   22   58   18   16   18   16   24   25   20   60   17   21   25   18   16   24   20   22   23   17   24   22   24   17   21   18   24   18   19   24   17   21   21   22   26   18   22   22   23   26   24   24   25   25   16   23   26   22   21   21   17   22   25   22   20   17   26   18   67   17   20   23   18   21   22   20   24   23   17   16   19   22   23   23   19   17   16   19   23   26   24   26   17   19   24   23   20   21   17   23   25   23   21   16   25   17   23
  29   24   28   32   22   27   30   64   26   22   30   31   29   27   26   27   23   29   26   22   20   64   30   25   77   27   30   25   25   27   29   26   28   27   23   24   29   30   29   23   25   31   24   30   21   23   22   29   26   31   32   27   26   31   27   28   30   28   31   27   31   26   74   23   82   25   23   31   31   22   25   22   28   29   74   21   24   31   21   20   69   71   27   31   25   23   28   28   30   23   27   67   28   24   31   28   22   32   32   80   22   77   22   32   32   27   22   70   29   21   22   23   25   20   20   32   21   30   24   28   22   30   31   28   31   72   21   24   25   31   23   28   23   22   29   29   32   74   21   84   26   31   25   30   27   25   25   29   20   28   31   32   27   27   24   30   25   20   20   24   26   31   26   70   23   24   30   31   83   22   29   26   22   23   22   24   28   24   25   30   24   25   25   23   21   27   24   32   22   23   27   69   72   30   27   20   20   30   22   30   28   24   25   78   27   30   26   30   27   22   30   29   24   30   24   24   26   31   21   24   21   31   27   28   30   66   29   29   29   21   25   20   22   20   23   26   26   25   67   31   27   27   22   27   21   20   29   21   30   30   22   21   29   26   26   29   30   21   21   30   26   25   31   21   25   28   22   21   66   22   21   21   72   64   74   31   28   29   79   26   30   20   22   64   24   25   20   20   70   72   24   23   22   21   27   26   22   26   27   31   29   26   31   21   31   27   25   22   21   21   31   27   27   23   28   30   30   21   22   30   29   30   20   24   32   23   26   29   23   21   30   22   23   79   30   29   24   32   24   22   23   23   20   26   24   26   26   22   24   27   84   27   22   84   75   25   27   26   21   22   24   25   23   29   20   20   26   21   67   21   24   23   29   27   32   29   27   21   23   23   29   29   29   21   25   24   19   20   29   20   28   21   21   26   22   31   77   22   23   24   25   28   30   20   27   22   19   26   28   32   30   29   26   20   23   31   64   26   24   29   23   22   30   20   22   24   29   31   21   24   20   27   23   28   24   29   23   21   29   27   29   22   31   31   20   24   77   31   24   25   81   67   27   29   23   26   30   20   29   19   24   28   30   23   20   28   67   30   28   25   23   70   29   24   30   26   28   30   30   29   27   30   30   21   20   71   30   30   20   31   21   30   29   26   22   84   82   22   29   24
  26   33   81   25   23   27   27   23   27   30   32   23   91   22   23   93   34   30   35   31   24   81   36   80   23   30   25   23   29   23   29   34   32   28   28   29   34   28   27   28   23   31   22   33   24   32   32   80   33   25   23   23   35   24   23   24   23   22   33   33   36   24   25   36   35   27   33   31   31   29   27   23   24   29   34   32   25   32   34   25   29   32   25   88   23   28   25   26   31   28   23   27   23   29   35   36   24   23   26   32   22   90   96   27   26   28   36   24   91   83   32   36   30   25   24   31   34   29   25   35   24   25   27   35   31   26   26   36   24   33   36   29   31   91   36   24   35   32   23   33   32   33   25   27   31   22   23   22   34   33   36   34   34   23   34   36   33   36   28   30   25   33   34   34   29   30   33   31   34   91   30   32   31   28   26   28   36   23   34   32   36   36   31   27   33   34   81   31   36   29   26   82   29   34   23   35   27   30   96   24   33   25   31   24   23   31   25   28   23   36   33   22   24   91   31   33   34   25   34   31   30   80   28   32   24   24   31   36   32   24   25   31   25   26   24   31   24   27   33   26   36   85   32   34   22   29   26   75   29   23   33   32   28   29   29   89   23   25   25   36   24   29   30   36   28   30   34   28   34   89   36   27   23   23   26   31   86   34   31   28   33   25   30   79   34   27   28   35   28   83   23   34   32   36   23   96   35   31   27   34   29   29   28   23   28   29   33   35   23   27   83   94   24   34   36   31   73   31   75   30   27   24   23   26   96   34   33   29   25   36   24   22   25   26   25   31   25   29   94   29   29   24   34   31   29   92   28   32   73   35   30   77   34   85   34   32   90   29   27   24   24   23   35   96   35   34   35   27   31   23   32   77   27   33   34   35   23   26   23   30   25   29   30   29   30   78   82   24   28   28   33   81   29   23   31   27   25   28   32   31   83   32   23   35   87   79   28   35   83   25   25   28   25   28   35   29   24   27   33   22   76   26   73   94   29   31   29   27   32   28   36   32   83   31   29   24   25   29   26   32   36   86   25   26   27   23   83   24   36   36   31   32   76   29   31   27   28   34   26   24   27   32   24   35   24   32   24   24   29   27   30   29   27   35   24   30   25   76   30   28   23   23   31   32   34   36   31   33   26   36   30   36   35   34   23   32   83   32   32   25
  14   13   12   16   11   13   14   26   16   24   16   14   16   12   16   17   16   12   14   11   13   25   12   16   12   11   11   14   24   15   13   12   15   14   13   14   17   14   16   15   12   25   14   12   15   27   17   14   15   12   26   16   17   15   12   16   23   23   12   13   11   11   14   23   11   12   15   11   11   12   11   12   14   17   13   17   15   16   13   14   14   11   17   27   14   12   13   13   26   23   16   15   12   14   12   15   14   17   11   25   13   26   11   13   15   11   11   13   15   24   11   16   11   11   15   13   12   16   11   16   10   13   26   27   17   14   12   13   26   15   15   13   14   14   15   11   11   11   13   11   15   14   15   13   14   13   11   14   12   23   15   16   12   17   14   11   13   12   13   16   12   14   12   13   14   11   14   12   14   12   14   14   17   13   11   11   15   14   23   11   15   16   14   12   13   15   11   12   12   16   13   14   14   13   12   11   15   14   23   24   13   13   12   15   13   11   13   12   12   16   14   14   16   16   14   26   16   24   17   16   12   17   15   27   27   12   11   15   15   15   14   16   15   13   15   16   14   12   12   14   15   11   16   16   13   27   16   12   25   12   15   12   16   17   11   11   16   27   16   14   15   13   13   14   11   12   12   23   16   13   15   11   12   13   13   12   15   16   13   12   16   14   16   17   10   13   17   16   15   12   15   11   13   24   13   14   12   11   11   11   15   13   13   15   12   17   11   11   15   12   11   13   11   16   17   12   12   13   12   14   11   14   17   17   10   13   13   15   12   11   13   14   13   11   12   25   11   16   28   16   23   17   27   14   12   12   11   15   13   27   14   17   24   13   14   15   24   14   14   12   15   15   15   25   25   27   14   16   12   11   14   14   16   14   17   16   16   17   14   14   14   12   16   15   13   12   15   13   17   15   14   13   14   10   13   16   11   25   16   13   24   10   11   15   14   13   17   14   11   16   13   17   24   11   11   11   15   12   12   12   13   17   17   11   12   15   15   13   14   12   11   11   16   17   12   13   16   14   12   12   13   28   13   15   14   13   15   13   12   28   12   15   11   14   15   14   11   15   14   17   23   26   16   12   13   15   11   13   12   11   11   13   15   11   16   16   13   27   17   12   12   28   15   15   14   14   11   13   13   12   12   15   23   15   14   16   16   15   17   14
   9    8   10   10    9   18   10    7   10    9    8    9   17   10    8    9    7    9    9    7    7    9   18   10   16    7    7   10    7   10    9    8    8    9    8   10   10   10    8    9    9    7   10    8    7    9   11    7    9    8    8    8   10    8   10   11   11   17    7    8   10    8    9    9    9    8   10   10    9   10    9    7   10    8   11    7    7   11   10    7    9   10    8   10    8   10    8   10   11   10    9    7   18   15   17    9    7    7   10    9    7   11   11   10   11    9   10    9   10   10   10   10    8   10   11    7    8    9    9    9   10    8    8    9   10    9    7   11   10   10   10    7    9   18    8   11    8    9    7   11    9    9    9   15   15   11   10   10   11   10   10   10   18    7   11   17    9    7    9   11   10   11    9   18    9    9    9   10    8    7   11   10   11   17    7   11   17    7    9    9   15    7   15   10   10   10    9   10    8    9    9    8    7   11    9   10    9   18    9   11   10    7   10    7    9    9    9   10    9   10   10    9   10   10    9    8   15   17    8    9   16   17    9    8    8    9    8   11    9   10   17   16   11    8    9   10    9    8    8    9    7    7    9   18   10   11    9   10    9    9    8    8   11    9    8    8   10   18    9    7   10    8    9   11   16   15    9   11   11   15   15    7   11    7   11    7   10    8    7   10   11   10    9    9   10   18    8    9    8    9   16   10    9    9   10    7   10   10    9   10   10    9   10   10    7    7    9    8    8   11    9   11   17   10    8   17   10    8   11   11   10   10   11    8   11    9   10    9   10    8    7    9   11   10    9    8    9   11   10    7   10   10    7   17    7    7   16    8   16    7    9    8   11    8   11    7    9    9    7    9    7    7   11    7   10    8    8    8    8   16   10    7    8    8   11   10    9    7    9   11    9    9    9    9    8    7   10    8    7   15   11    7   10    8   17    7    9   10    8   16    7   10    8   11    8   10    9   10   11   16   11    9    7   10   11    9    9    7    7    8   17   11    9    7    9    9    9   10    7    8   10    8    8    9    7   16    8    8   10    8   11   11    8   10    7    9   10   10    9   10    7    8    8    8   11   11   10   11   11    7   10   11    9   10    8   10    9   18    9   11   16    9   10   10    7   10   11    8    7    8    9   10    9    8    9   10    9    8    9    9   11    9   10   10    8   10    9    7    8    9
  14   13   12   14   12   17   15   15   17   14   11   18   18   17   18   14   17   13   12   17   17   12   18   12   15   18   14   15   15   28   16   15   11   13   15   15   18   14   16   17   12   15   14   30   13   12   17   16   14   16   14   13   16   18   16   14   17   15   16   12   12   13   16   17   17   12   18   29   15   27   17   13   13   12   18   12   12   12   18   27   17   13   16   16   15   27   15   16   13   17   14   13   18   16   18   29   18   18   15   12   15   18   15   15   12   12   18   13   12   14   14   27   12   13   13   14   16   13   14   13   12   15   18   14   18   13   14   25   16   15   17   17   14   26   16   17   17   30   12   27   16   17   14   12   12   17   15   15   15   17   15   15   17   17   15   14   17   18   13   18   12   11   15   17   17   13   12   15   14   12   13   17   18   17   14   15   15   16   14   17   26   13   12   15   12   12   15   12   15   14   16   14   18   17   14   13   29   17   13   17   12   12   15   12   16   18   17   15   27   12   14   12   14   14   17   17   28   15   13   13   17   13   14   13   13   12   28   27   15   30   16   13   17   15   13   13   13   14   15   12   17   15   12   16   12   17   12   13   12   12   13   12   17   16   12   18   12   18   15   17   18   17   16   13   16   29   12   17   12   13   17   18   14   14   14   17   15   18   13   17   16   12   13   15   14   15   15   18   28   11   17   17   15   16   13   12   27   18   25   17   12   18   14   15   16   28   14   14   15   14   13   18   16   27   15   18   18   18   16   29   16   15   18   15   13   13   16   12   14   13   17   26   15   14   30   14   17   18   27   13   12   12   12   17   17   18   16   28   17   15   17   15   18   17   16   25   12   14   18   13   14   15   18   18   18   15   17   13   16   16   28   12   14   18   17   12   14   15   13   12   12   12   15   12   18   14   18   12   18   17   17   25   14   18   14   16   14   16   14   13   13   17   16   16   12   13   16   16   18   18   13   25   12   29   18   15   14   18   15   12   17   15   28   13   30   14   16   17   15   18   17   17   14   12   14   14   16   27   13   15   18   17   25   14   12   17   15   18   13   13   16   16   16   16   13   15   13   14   13   14   15   14   13   12   14   27   12   13   15   14   14   17   15   17   16   13   17   15   13   17   16   13   14   12   12   12   17   12   15   14   13   14   15   25   16   15   12   15   17   18
  10   17   15    8   10   10   10    9   16   10   11    9    9    9    7    8   16    9   11    7    8   10   10   18    8    8   16    8   18   15    7    8    8   11    8   11   17   10    8    8    8   11   11   11    9   10   10    9    8    8   10    8   11    8    9   11    8    9    9    7    8    9    8    8    9    9    8    8    8    8   10    7   10    7    9    9   10   11   10    9    8   11    7   10   11    9    7   11    8    7    9    9   11    9    7   16   10    9    8   10    8    8   11    8   11    9   18   15   10   10    8    9   11    7   10    9   11    9   10   17   10   10    7    7    9   16    8    8   10    9    8   10    8   10    8   11    9    7    8    7   11    9   15   10    9    7   11   10    7   11   10   10   15   10    7    9   17    7   16   15    8   10   11   11   10    8   15   11    7   10    7   11   11    9    9   10    7   11   10   16   10    7   10   10   10    8    8   16    7   10    9    7    8   10    7    9    9    8   11   10    9   11    9    8   10   10   10   17    8   15   10    8   10   10    7   15   10    8    7   10   10    8   10    8    7   10    9    7   11    8    8   11   11    7    8    7   10    7   10    8    9    7    8   11    8   11    8    9    8   10    8    9   11   11   17   11    9    7   10    8    8    7    7   10    9    8    9    8   15    9   11   11    8   11   15   11    8    8   17   10    8    8    9   10    8    7    7    9   10   18    9   10   10    8   17   10    9   15    7   11    7   10    7    8    9    9    9   11    7    9   10   11   10    9   10   16   10    7    7   11    9    9    7    7   10   10    7    9    8   11   11   17   10   10    7    9   17   11    7   15   11   16   10    9   17    9    7   10    9   11    9   10    8   10   10   17    8   10    9   11    8    9   10   10   10   10    8   10   10    8   10   10    8   10   11    9   10   11    7   15   10   16   15    9    7   10   11    9   10   10    8    9    8   15    7    8   10    9    8    9   10    8    9    7    8    8   10    7    8    7   10   11   16   10    7    7   18    7   10   10    7   16   11    7   11    8    7    9   10    8    8    7    7   11    8   10   18    9    9   10    8    9    9    7    9    8    7   11   11   10    9    8   15    8    8    7   15   10    7   16    9    7   16   10   10    8    7    9   16    8    9    8    7   17    9   10    9   10    9    9    8    8    9   10    8    9   10    8   11   10    7   10    9    9   10    8    9    7    7    9
  10   12    8   17   11    9    9    9   12   10   10   10    8   12   17   12   10    9   11   12   12    8   10    9   12    8   11    8    9   10    9    8   12   12    9    8   10    9   10    9   12   18   10   10   10    8    9    9   12   10   11    9    8   10   17    9   10   12    8   12   10   10   12   10    8   12    8    8   11   12    8    9    9    9   12   10    9   10   11   12    8   12   10   10   10   12    8   12   10   10   10    8    9    8   10   10   12   11   12    8   17    9    9   12   10    9    8   10   10    9   17    9   12   12    9   11   10   18   12   11   11    9    9    9    9   12    9    9   11   12   10    9    8   11   10   10   12   10    9   10    9   12   10   10   10   12   20    8   12    9   11   12   12   10   12    9   12   18   17    8   12   11   11    9    9    9    8   10   12    9    9   11   11   11    9   11    8    9    9   20    9   11    8   12   12   10   11   12    9   10    9    9    9   12    9   10   17    9   10    8    9    9   10   10   10   20    9   10   12   11    9   10   20   19    8    8   12   12   11    8    8   10   12    9   12   12    9   11   10    9    9    8   10   11   12   12    8   10   12   11   10    9   20   10    9    9   10   12   11   12    9   12   11   12   19    8   12   11   10    8   10   10   12    9   11   18   12    9   10   12   19    8   11    9   11   19   10   10   12    9   10    9   10    9   12   20   12   11   12   11   17   11   12    8   18    9    9   11    8    8   10    8    8   10   10    9   10   11   12    9   10    8    9   12   10    9   11   12   10    9   11    9   10    8   12    9   10   18   10   12   12    8   10    8   12    8   10   11   12    8   11   12    9   20   19   11   17    8    9   11   10    8   20   10   12    9   11   11   12    8   20    8    9    8    9   11   10    8   10    9    8   10    9   11    9    8   11   12   11   12    8    8   12   17   10   10    8    9   20    8   11   12   11   12    9    8    8   10   11   11    9    9    9   20   10    9   11    9   12    9   10    9    9   10   11   11    8    9    9   12   12    9   12   10    9   12   11   10   11    8    9    9    9   10   18    9   10    8   12   10   11    9   10   12   20    8   11   19   10   11    9   12    9   10    8   12   12   12   12   18    9   12    8   10   12   10   11   10    8   12   12    8   10   10    8   18   12    9   11   10   11    8   10   11   10   10   12    8    9    8   11   10   11    8   19   11    9    9   10    8
   6    8    8   11    6    7    6    6    7    5    8    6    6    6   11    6    6    6    6    6   11    6    8    5    7    5    7    7    5    7    7    8    7    7    6    7    5    5    8    8    8    6    7    7    6    8    8    6    7    8    6    6    7    6    8    6    7    7    6    7    5    6    8    7    8    6    7    5    7    8    8    6    6    8    7    7   13    6    6    5    6    8    6    6    7    6    7    7    7    7    6    6    7    8    7   13    6    6    6    6    8    6    7    7    6    6    8    8    6    7    8    6   13    5    6    6    8    7    7    7    7    7    6    6    5    7    6    8    8    7    5    7    6   13    8   12    6    7    5    5    5    5    8    7    7    8    8    7    6    8    5    7    6    7    5    8    6    8    5    6    6    7    6    6    6    6    6   12    7    8    5    7    6    6    7    5    5    7    7    5    6    6    5    7    7    7    7    5    7    5    8    6    7    7    6    7    7    6    5    6    6    5    6    8    7    7    7    7    5    7    7   12    6    7    7    5   11    8    6    8    6    6    5    7    5    7    6    6    6    5   12    7    7    6    6    8    5    6    7    6    7    5    8    5    7    6    6    5    6    5    7    8    6   12    6    5    7    8    6    6    7    6    6   11    7    6    7    7    8    6    8    6   12    5    5    5    8    8    6    6    6    7    6    5    6   13    8    6    7    8    7    7    7    7    6    8   12    8    7    7    6    6    6    6    7    7    5    8    7    6    5    5    6    6    6    7    7   11    8    8    7    7    6    5    5    6    5    8    6    6    8    5    7    6    5    6    5   12    8    6    6    8    5   11    7    8    7    8    8    6    7    6    8    5    7    5    8    5    7    7    7    6    5    7    8    7    7    5    7    8    6    7    7    7    8    7    7    8    7    6    8   11    8   12    7   12    5    5    6    6    7   12    8    7    8    5    5    6    6    8    6   12    7    8    7    5    7    6    6    8    6    8    5    6    7    8    5    5    5    7    7    6   12    5    7    6    7   12    5    8    7    5    8   13    5    6    8    7    6    7    7   13    8    5    5    8    7    5    7    5    5    6    5    6    7   13    7    6    7    5    7    7    6    6    7    6    8    5    6    5    5    6    6    6    5    6    7   11    5    6    8    5    5    6    7    5    6    5    7    8    6   11    8    7    8    7    6    7    6    7
  17   15   16   23   17   22   23   23   15   31   18   23   21   15   21   15   16   21   17   18   15   20   21   14   20   17   18   21   19   34   18   16   22   16   17   21   16   21   18   17   18   17   18   17   18   16   17   34   23   35   23   19   18   35   22   16   17   18   21   31   18   15   16   14   21   19   18   15   17   18   16   18   22   17   20   21   21   14   23   22   19   20   15   18   18   22   22   17   21   15   16   14   14   18   19   16   20   22   17   16   14   21   17   15   38   18   33   14   15   21   21   16   36   16   20   17   17   18   18   19   20   18   14   37   20   23   23   22   17   15   16   22   15   22   17   18   14   14   15   20   18   36   23   18   16   17   16   15   15   22   17   23   22   14   14   16   21   22   20   21   22   17   23   20   18   36   22   21   21   36   20   20   34   18   35   33   16   23   16   22   19   20   19   15   16   21   16   16   19   35   21   16   18   16   16   21   21   18   17   17   17   15   33   14   18   20   19   21   19   16   16   15   14   21   33   17   32   18   22   19   18   18   21   21   17   21   36   18   23   18   17   22   17   19   35   33   18   33   17   20   15   21   15   18   21   23   19   19   15   37   23   17   36   15   16   16   23   20   23   20   21   20   21   19   34   20   22   20   16   21   18   21   16   21   32   20   17   16   36   22   23   16   15   18   22   22   18   16   38   31   18   14   18   14   36   19   16   20   19   16   15   22   23   19   17   22   15   15   23   14   16   19   18   20   37   21   14   22   19   33   37   15   20   15   22   19   17   22   19   23   21   17   16   37   18   19   16   17   15   21   20   18   19   17   16   16   21   20   18   21   20   17   21   20   19   18   14   17   20   37   20   21   20   22   21   17   16   16   15   22   20   16   19   17   16   14   22   14   17   22   34   17   17   34   19   19   23   20   21   21   20   20   18   17   18   17   15   19   14   20   18   18   18   15   16   14   20   18   17   14   16   19   21   22   21   36   17   16   17   20   16   21   14   21   19   16   23   14   19   16   17   15   31   15   16   21   21   21   22   35   20   20   18   14   19   36   19   16   19   21   22   18   16   18   20   23   15   20   16   16   17   23   20   21   19   20   36   20   21   17   34   19   17   15   16   20   15   38   22   23   18   17   15   20   19   21   19   15   20   20   35   15   37   20   19   16   18   22   14   22
   4    9    6    6    5    4    4    9    5    6    9    6    6    6    5    6    6    6    5    6    6    6    6    6    5    4    5    6    6    6    9    6    6    5    4    6    5    5    5    5    6    6   10   10    5    5    6    6    5    9   10    5    6    5    6    6    4    5    6    6    5    5    6    5    9    5    5    6    4    5    6    6    4    5    6    6    9    5    6    5   10    6    5    5    5    5    4    6   10    6    9    4    5    5    6    4    5    6    5    6    5    6    4    5   10    6    5    4    5    5    6    4    5    6    6    5    6   10    5    4    5    5    5    5    5    6    6    5    6    6    5    6   10    5    6    6    4    5    5    4    6    5    6    5    5    5    6    4    5    4    5    4    9    6    6    6    4   10    5    6    4    5    9    6    6    5    5    5    5    6    5    5    5    6    6    5    5   10    6    5    6    5    6    5    6    5    6    6    6    6    5    4    5    5    6    5    6    5    6    5    5    6    6    9    5    5    4    6    5    6    6    6    6    6    4    6    4    6    9    4    5    6    9    6    4    6    5    6    6    6    5    6    4    4    5    6    6    6    6    5    6    5    6   10    5    5    6    5    6    6    5    6    6    4    6    5    6    4    5    5    6    5    5    5    4    6    6    6    4    4   10    6    5    5    6    5    6    6    4    6   10    6    6    5   10    4    6    4    6    4    5    5    5    4    5    5    5    5    4    4    6    6    4    6    5    6    5    6    6    6    5    5    5    5    5   10    5    5    6    6    6    5    6    5    5    4    6    6    5    6    6    4    6    6    6    6    5    4    6    4    5   10    6   10    6    6    6    5    5    5    6    5    4    5    6    6    6    5    6   10    5    4    5    6    5    4    9    5    5    5   10    5    5    5    6   10    4    5    5    5   10    6   10   10    9    5    5    6    5    5    4    5    4    5    6    5    6    6    6    6    6    5    5    6    5    5    6    9    4    6    5    6    6    5    5    9    6   10    5    5    6    5    5    5   10    5   10    6    5   10    6    5    5    5    6    6    5    6    6    6    6    5    4    6    6    6    6    6   10    9   10    6    5    6    6    4    6    5    6    6    6    9    9    9    6    6    6    5    5    5    5    6    4    5    6    6    6    9    5    5    4   10    5    9    4    5    6    5    6   10    5    6    5    6    6    6    6    5    5    5
   4    4    5    3    3    4    5    5    4    5    5    5    4    4    5    5    7    5    4    4    4    3    4    4    5    3    4    8    5    5    7    4    4    5    4    3    4    3    5    4    5    5    4    4    4    5    4    5    5    4    4    4    4    4    3    4    3    4    3    7    4    5    5    4    4    3    8    4    4    4    4    5    4    3    7    3    5    5    5    4    4    4    4    3    5    4    5    5    4    4    4    4    4    4    3    5    4    4    4    4    4    5    4    4    4    4    4    5    4    4    4    3    4    4    4    5    5    4    4    4    4    5    4    4    3    4    4    4    3    4    3    4    5    7    5    8    5    3    5    4    4    4    4    4    4    4    4    4    3    4    8    4    4    3    5    5    3    3    4    5    4    4    5    7    4    4    8    4    5    4    4    3    5    5    5    4    8    4    4    4    4    4    5    5    5    4    7    4    4    4    5    4    5    4    4    3    4    5    4    3    5    4    4    5    7    5    4    4    4    4    3    4    5    5    4    4    7    4    4    5    4    4    5    5    4    4    4    5    3    4    5    3    4    3    5    4    3    5    5    4    3    4    4    4    4    4    4    4    5    3    3    8    4    4    3    4    4    4    4    4    4    5    8    4    5    4    3    7    3    5    3    4    3    3    5    4    4    5    4    5    5    4    4    5    4    4    5    3    3    4    4    5    4    3    4    4    5    4    5    4    3    3    3    4    5    5    8    4    5    5    5    4    4    3    4    3    4    4    4    4    4    5    3    4    4    4    3    4    3    5    4    8    3    4    5    4    5    4    4    4    7    8    4    4    5    3    4    5    7    4    5    5    4    4    4    4    4    3    3    5    7    3    5    5    3    4    4    4    4    3    4    8    3    7    4    4    4    4    5    4    4    4    4    5    7    5    5    4    4    5    4    5    4    5    4    4    4    7    7    4    4    4    4    5    5    4    5    5    4    3    4    3    7    3    3    4    3    4    3    4    4    5    4    4    4    5    4    7    5    4    4    4    5    7    4    4    5    3    3    4    4    4    8    3    7    4    5    5    4    3    4    3    4    4    4    3    4    5    5    7    4    4    5    4    4    4    5    4    8    4    4    4    5    3    4    3    4    4    4    4    4    4    5    4    4    3    5    3    5    4    3    4    3    5    3    5    8    8    4    4
  23   10   13   10   21   12   12   13   12    9   12   12   10   12   13    9    9   12   20   12    9   13   10   14   11   12   10   11   12   11   12    9   13   10   19    9   11   14   10   11   12   12   12   10   10   13   10   12   11   10   13   13   10   10   11   20   14   10   11   14   11   21   11   13   12   13   14   13   11   14    9   11   19   10   11   11   11   12   13   14    9   12   13    9   13   12    9   13   14   10    9   10   12   10   14   13   12    9   20   11   23   10   10   11   11   13   12    9    9   12   14    9    9   11   13   11    9   11   12   10    9   13   12   12   11   12   14   11   13   12    9   13   14   10   14   10   12   12   11   12   22    9   14   20   11   10   21   11   11   13   10   12   10   12   12    9   10   11   14   13   11   12   12    9   14   12    9   12   11   21    9   13   13   12   10   12   12   13   19   13   11   12   19   12   10   11   13   14   10   19    9   11   10   10   10   10   10   10    9   11   10   22   13   10   13   22    9   10   11   22   11   14   13   13   14   12    9   22   11   10   13    9   10   22   22   10   11   11    9   23   14   12   14   10   13   21   10   10   13   13    9   14   11   11   10   13   13    9   12   10   11    9   12   13   13   11   12   13   13    9   10   13   12   10   13   12   11   10    9   13   20    9   13    9   10   20   14   14   13   12    9   11   10   10   13   11    9    9   22   11   13   10   10   10    9   13   22    9    9   13   13    9   13   11   11   13    9   10   10   14   13   14   11    9   14   13   14   10   11   13   13    9   13   10   21   13   13   14   10   11   10   21   10   22   11   14   13   11   13   12   11   10   11   13   12   12   10   13   13   11   14   10   14   14   12   14    9   11    9   13   13   13   14   11   20    9   12   10    9   21   14   22   10   12   13   11   12    9    9    9    9   13   13   13    9   14   12   10   13    9   11    9   11   10   14   22   12   11   10   14   20   12   10   20    9   11   14    9   23   23   12   14   10   13   13    9    9   12   12   13   22    9   13   10    9   10   13    9   13   12   23    9   21   13   13   13   21    9   10   13   10    9   11   11   12    9    9    9   14   10   14   19   12   10   11   13   13   10   12   12   13   21   10   11   11   13   19    9   10   14    9   14   12   13   13   10   14    9   14    9   14   13    9   13   10   12   19   14   12   14   14   20   11   10   11   21   11   12   12   11
   4    3    5    5    4    5    3    7    3    5    4    4    3    3    5    4    4    7    4    7    3    5    5    4    5    3    3    4    4    4    5    4    4    4    7    4    4    3    4    3    8    7    3    4    3    4    4    4    4    4    4    5    4    5    5    5    4    4    4    3    4    4    4    4    5    4    4    5    4    4    4    4    7    4    5    3    4    4    4    3    4    5    4    5    4    4    4    4    8    7    5    7    4    4    3    3    4    5    5    3    5    4    3    3    7    7    5    4    5    8    5    4    4    4    4    4    4    4    5    3    4    4    4    4    4    4    3    4    5    5    3    3    4    4    4    5    4    4    4    3    4    7    4    4    4    5    4    3    5    4    5    4    5    4    5    3    4    5    4    4    3    4    5    4    4    4    7    4    5    4    4    4    3    5    4    5    5    4    5    5    4    7    4    5    4    5    5    3    3    4    7    3    5    3    5    4    3    5    3    4    4    4    4    4    3    4    4    5    4    4    5    4    5    3    4    4    5    4    5    4    3    5    5    5    4    4    4    4    4    5    4    4    4    4    5    4    5    5    4    4    4    5    4    3    4    3    4    5    5    4    5    3    3    5    5    5    4    4    4    4    3    4    5    4    5    4    4    4    4    7    3    4    4    4    5    4    3    4    4    4    5    4    3    5    5    4    4    5    4    5    5    5    4    3    5    5    4    4    7    5    3    5    4    3    4    3    5    4    4    3    5    4    5    7    3    4    3    4    4    4    5    4    4    5    4    5    4    5    5    4    4    5    4    4    4    4    3    4    4    3    7    4    4    4    3    8    4    4    4    3    4    5    5    3    4    3    7    4    4    7    4    3    8    4    3    4    4    4    4    4    4    4    4    3    5    3    4    4    3    4    4    4    5    5    5    3    4    7    4    4    4    4    5    4    5    3    3    3    5    4    4    4    4    5    4    5    4    4    4    5    4    5    4    7    5    3    5    8    3    5    4    4    4    4    4    4    4    7    5    4    3    4    5    4    4    4    5    4    3    5    4    5    5    4    5    4    4    4    8    8    4    4    4    7    3    3    7    5    4    5    4    5    4    7    4    3    5    8    4    4    4    5    7    5    7    4    3    7    3    4    3    5    5    4    5    4    5    4    3    4    4    4    4    7    5    4    4    5    4    8
   7    7    8   13    6    5    5    6    6    6    7    6    8    8    8    5    6    7    5    7    8    5    7    7    5    5    5    5    6    6    6    7    6    5    6    5    6    6    7    5    8    6    5   11    8    5    7    7    7    6    6    6    6    7    5    7    5    7    6   12    5   12    5    6    8    8    8    8   13    8    7    7    8    6    7    6   13    6    7    5    6    8    7    6    5   11    6    6    8    7    8    8    7    7    6    6    6    7    6    7    5    7    6    7    6    7    6    8    7    6    7    8    5    6    6    6    7    6    7    7    5    7   11    8    6    6    6    6    7    5    7    5    6    7    7    6    5    7    7   12   13    7    6    6    8   13    7    6    7    7    7    6    6   12    6   11    6    8    6    7    7    5    8    7    5    6    5    6    5    5    6    6    7    7    5    5    7    8    6    6    6   12    7    6    7    6    6    6    5    6    8   13   11    8    6    8    6    8    7   11   12    8    6    6    7    5   12    5    7    5   13    5    6    7    6   11    6    8    6    6    7    7    7    5    7    7    5    8    5    7    7    7    6    7    8    8    7    8    6    7    8    7    7    6    7    7   12    7    7    6    5   12    6    6    6    8    7    7    6    7    8    7    8    8    5   11    8    6    8    7    6    8   11    5    6    7    8    7    6    8    7    5    6    5    5    5    7    5    8    7    7    5    5    8    6    7    6    5    7    5    6    6    7    6    6    6    6    8    7   12    6    6    8   11   12    8    6    8   12    6   12   11    7    6   12    6    7    7    6    7    8    6    8    7    6    5    7    8    8    7    7    5    8   11   11   12    5   13    6    5    5    8    6   12    7   11    7    7    6    7    5    6    6    8    5    6   11    7    6   12    7    8    5   13    6    6    7    5    7    7    7    7    7    8    7    5    5    6   11    7    8    5    8    8    6    7    6    7    6    8    5    5   12    7    7    8    8    7    8    7    7    7    7    8    6    7    6    6    7    7    7    7    7    6    7    7    7    7    5    5    6   13    7    7    7    5    5    8    7    5    7    6    7    7    5    5    7   12    8    8    7   11    6    6    6    5    7   11    6    7    8    7   12    8    6   12    7    7    8    6    8    7    7    7    7    7    8    8    6    5    7    8    6    6    7    7    6    6    7    5    6    8    6    7   12    6    6    8    7    7
  15   13   15   12   13   27   10   15   17   13   11   11   14   13   11   12   12   13   12   12   23   14   15   11   27   14   14   14   11   17   11   14   14   17   11   23   16   14   27   11   16   13   15   15   12   15   17   12   28   13   11   23   15   11   14   12   13   15   14   13   12   26   27   16   13   25   15   12   11   12   12   12   13   15   12   14   12   13   15   13   12   25   13   12   16   27   15   13   26   15   11   13   12   14   14   11   17   15   17   12   11   14   11   15   28   13   15   17   13   14   11   16   15   13   17   14   16   17   12   12   14   12   28   23   12   12   10   17   13   12   26   14   14   13   13   26   12   13   15   11   14   14   23   15   12   16   14   27   15   11   16   15   11   27   16   23   11   13   12   16   12   13   13   15   27   14   15   14   15   17   13   17   25   11   13   15   15   17   14   14   13   11   13   17   13   11   16   17   14   11   11   13   12   17   13   14   25   15   12   23   14   16   26   15   14   11   13   16   12   11   16   15   13   11   23   12   12   26   11   15   14   14   15   24   11   13   11   15   15   16   15   16   17   15   11   16   15   14   12   11   10   14   14   12   17   26   16   13   16   13   11   26   17   24   14   13   15   15   13   17   16   12   11   15   10   23   27   17   10   15   16   14   16   15   25   25   15   13   16   14   11   11   17   16   15   16   14   26   11   16   14   17   13   16   24   11   15   24   13   13   13   12   17   16   16   14   16   14   27   12   15   14   13   27   16   15   14   15   13   23   17   16   12   11   17   11   11   11   11   13   12   16   12   16   13   12   16   13   11   11   12   11   12   17   12   10   17   11   13   15   13   15   17   13   11   23   23   15   17   13   11   12   10   15   11   15   12   10   15   14   13   13   13   12   13   25   15   12   11   13   16   12   14   15   15   16   12   17   16   15   12   11   14   16   12   15   11   16   15   13   15   13   26   15   12   12   11   13   14   15   14   13   15   11   16   15   11   16   14   10   12   14   16   11   14   16   15   16   15   15   12   14   13   12   23   25   10   13   13   13   11   14   11   15   14   12   12   12   10   27   14   11   17   17   28   14   13   14   12   15   12   14   14   16   13   12   14   11   28   13   12   16   12   11   17   14   27   12   16   14   16   25   12   11   23   12   11   11   17   17   16   14   25   12   12   23   13   13   25   12
  10   11   11    8   11   11   11    8   10   10   20   12   12   11    9   12    9   11    9   12    8    9    8   10    9   10   10   10   12   11   11   11   12   10   12   11    9    8   11   11   12   10    8   12   11    9    8   12   10    8    8   12   10    8    9   11   19    9   10   10    9    9   10    9   17    9    9    9   19   11   11    8    9    8    9    9    9    9    8    8   11    8   11   18    8   11    9   12    9   11    9    9   11    9    9   12    9   11   11   12   17   11   10   12   11    9   12   11   10    8   10   10   12   10   11   10   10   19    8   10   12    8   10   11    8    8   11   10   10   12    9   20   11   10   11    9   10   11    9   10   12    8    8   11   12   12   11   12   11    9   10   18    9   12    9    9   10    9   11   17   11   11   12    8   11   18   10   12   12   18   11    8    8   11   17   12    8    8   17   17    9   10    8   11    9    8   11   10   12    9   11    8    9   12   12   10    9   12    9    8   11   11   12    8   10    9   11   12   12   12    9    8   12    9    8   10    9   12   18    9   11   12   10    8   11    9   11   11   17   10    8   18    8    9    8   10   11   20   11   11   11   11   11   11   12    9    8   12   10    9    8   10   12   17    8   10   11   19   17    8    9    9   10   12    9    8    9    8   12   11   12   12   12   12   11   12   11    8    9   11   11    9    9    9   12   12    8   10   11   12   11   11   12   10    8   12    9   12   11   10    9   11   10   10   12   12   19    8   12   12   17   10    8   12    9    9   12    9   11    8   11   11   10    9   10   11   12    9    8   10   11   12    9   20   19   10   17   10    8   10   12   12   10   12   10    9   10   12   11    9    8   12   10   10    9    8    8   12   10   19   10    9   11   12   20   20   12   11   12   12   11   10   10   19   10   12   10   11   19   11   12   10   11    8    8    9   10    9    9   10    8    9    8   12   11    9   19   12   12   12    9    8   12   12   10   11   17   11   10   19    9   11   11    9    9   10   11   10   12   11    8    9   10   10   10    9   10    9   10   11   10   12   12   10   12    9    9   10   18   10   10   12   10   19    8    8    9    8    9   12    9   11   11    8   10   10   20   11    8   18   20   12   10   10    9   11   10   12   10    9    9   17    8   17   11   10   12   11    9    8   11   10    9   11   10    8   11    8   12    9   17   11   12    8    8   12   18   12   12   11
