spsp
10
2
500
2 20 15 23 14 18 16 33 33 6 
78 79 68 103 88 72 92 84 98 70 
10 10 
0.002 0.002 0.002 0.002 0.002 0.002 0.002 0.002 0.002 0.002 0.002 0.002 0.002 0.002 0.002 0.002 0.002 0.002 0.002 0.002 0.002 0.002 0.002 0.002 0.002 0.002 0.002 0.002 0.002 0.002 0.002 0.002 0.002 0.002 0.002 0.002 0.002 0.002 0.002 0.002 0.002 0.002 0.002 0.002 0.002 0.002 0.002 0.002 0.002 0.002 0.002 0.002 0.002 0.002 0.002 0.002 0.002 0.002 0.002 0.002 0.002 0.002 0.002 0.002 0.002 0.002 0.002 0.002 0.002 0.002 0.002 0.002 0.002 0.002 0.002 0.002 0.002 0.002 0.002 0.002 0.002 0.002 0.002 0.002 0.002 0.002 0.002 0.002 0.002 0.002 0.002 0.002 0.002 0.002 0.002 0.002 0.002 0.002 0.002 0.002 0.002 0.002 0.002 0.002 0.002 0.002 0.002 0.002 0.002 0.002 0.002 0.002 0.002 0.002 0.002 0.002 0.002 0.002 0.002 0.002 0.002 0.002 0.002 0.002 0.002 0.002 0.002 0.002 0.002 0.002 0.002 0.002 0.002 0.002 0.002 0.002 0.002 0.002 0.002 0.002 0.002 0.002 0.002 0.002 0.002 0.002 0.002 0.002 0.002 0.002 0.002 0.002 0.002 0.002 0.002 0.002 0.002 0.002 0.002 0.002 0.002 0.002 0.002 0.002 0.002 0.002 0.002 0.002 0.002 0.002 0.002 0.002 0.002 0.002 0.002 0.002 0.002 0.002 0.002 0.002 0.002 0.002 0.002 0.002 0.002 0.002 0.002 0.002 0.002 0.002 0.002 0.002 0.002 0.002 0.002 0.002 0.002 0.002 0.002 0.002 0.002 0.002 0.002 0.002 0.002 0.002 0.002 0.002 0.002 0.002 0.002 0.002 0.002 0.002 0.002 0.002 0.002 0.002 0.002 0.002 0.002 0.002 0.002 0.002 0.002 0.002 0.002 0.002 0.002 0.002 0.002 0.002 0.002 0.002 0.002 0.002 0.002 0.002 0.002 0.002 0.002 0.002 0.002 0.002 0.002 0.002 0.002 0.002 0.002 0.002 0.002 0.002 0.002 0.002 0.002 0.002 0.002 0.002 0.002 0.002 0.002 0.002 0.002 0.002 0.002 0.002 0.002 0.002 0.002 0.002 0.002 0.002 0.002 0.002 0.002 0.002 0.002 0.002 0.002 0.002 0.002 0.002 0.002 0.002 0.002 0.002 0.002 0.002 0.002 0.002 0.002 0.002 0.002 0.002 0.002 0.002 0.002 0.002 0.002 0.002 0.002 0.002 0.002 0.002 0.002 0.002 0.002 0.002 0.002 0.002 0.002 0.002 0.002 0.002 0.002 0.002 0.002 0.002 0.002 0.002 0.002 0.002 0.002 0.002 0.002 0.002 0.002 0.002 0.002 0.002 0.002 0.002 0.002 0.002 0.002 0.002 0.002 0.002 0.002 0.002 0.002 0.002 0.002 0.002 0.002 0.002 0.002 0.002 0.002 0.002 0.002 0.002 0.002 0.002 0.002 0.002 0.002 0.002 0.002 0.002 0.002 0.002 0.002 0.002 0.002 0.002 0.002 0.002 0.002 0.002 0.002 0.002 0.002 0.002 0.002 0.002 0.002 0.002 0.002 0.002 0.002 0.002 0.002 0.002 0.002 0.002 0.002 0.002 0.002 0.002 0.002 0.002 0.002 0.002 0.002 0.002 0.002 0.002 0.002 0.002 0.002 0.002 0.002 0.002 0.002 0.002 0.002 0.002 0.002 0.002 0.002 0.002 0.002 0.002 0.002 0.002 0.002 0.002 0.002 0.002 0.002 0.002 0.002 0.002 0.002 0.002 0.002 0.002 0.002 0.002 0.002 0.002 0.002 0.002 0.002 0.002 0.002 0.002 0.002 0.002 0.002 0.002 0.002 0.002 0.002 0.002 0.002 0.002 0.002 0.002 0.002 0.002 0.002 0.002 0.002 0.002 0.002 0.002 0.002 0.002 0.002 0.002 0.002 0.002 0.002 0.002 0.002 0.002 0.002 0.002 0.002 0.002 0.002 0.002 0.002 0.002 0.002 0.002 0.002 0.002 0.002 0.002 0.002 0.002 0.002 0.002 0.002 0.002 0.002 0.002 0.002 0.002 0.002 0.002 0.002 0.002 0.002 0.002 0.002 0.002 
  19   22   18   23   24   31   17   28   29   31
  53   50   31   52   32   34   29   38   54   35
   4    9    2    5    7    5    8    5    6    2
   6    5    9    5    3    6    4    2    5    8
  18   17   14    6   23   19   12    7   22   14
  11   11   10   15    8    8    4   11    9   10
  20   17   25   25   70   18   25   27   19   22   72   20   21   21   18   22   21   20   24   18   20   22   18   27   27   23   20   18   67   17   71   58   21   27   19   20   18   19   24   26   22   26   22   20   20   26   22   22   19   24   18   22   26   25   23   65   21   23   22   27   19   27   26   18   22   25   19   59   23   26   18   20   65   19   19   27   26   27   22   23   20   25   26   23   18   22   19   56   21   26   27   26   22   22   18   27   18   26   27   63   19   22   27   26   24   21   21   19   24   24   27   21   24   22   22   26   59   17   22   17   17   27   26   18   23   21   25   21   18   26   24   20   62   19   20   20   25   19   24   22   20   24   19   18   19   21   21   26   25   56   21   22   17   19   18   24   17   57   18   27   18   24   19   18   23   19   22   21   19   20   26   56   23   17   23   19   19   25   21   26   19   24   26   27   22   25   18   26   22   23   26   20   24   17   22   17   20   21   25   63   19   19   23   25   17   21   24   68   23   19   61   23   19   18   27   25   24   24   24   24   17   26   20   17   27   27   20   24   24   21   63   21   20   66   27   20   21   66   24   24   58   20   22   23   17   24   23   24   17   27   20   21   21   20   17   20   24   20   19   25   21   27   62   27   24   20   23   26   71   61   19   20   20   25   25   21   19   22   58   20   21   21   24   24   24   21   18   24   19   17   23   22   23   27   18   61   27   26   22   21   20   25   23   21   23   24   21   26   17   24   21   18   18   24   23   25   26   17   23   26   20   18   27   22   25   24   58   26   23   19   27   19   26   21   22   21   19   22   21   23   25   24   27   22   21   26   24   21   22   27   25   18   25   19   67   26   20   18   24   25   27   66   25   24   26   24   17   19   27   19   63   18   21   20   24   25   23   18   21   21   22   17   26   23   24   23   19   18   19   25   26   27   25   25   21   26   18   24   27   17   23   24   23   19   20   66   24   21   21   67   17   23   21   19   19   21   19   21   27   18   26   62   17   55   24   21   23   72   20   27   22   25   18   24   60   24   17   23   17   27   18   26   21   21   17   24   20   17   25   19   25   25   22   20   23   18   20   23   18   55   18   27   56   20   19   21   18   20   24   26   60   24   27   19   24   24   20   21   24   18   26   18   26   21   20   64   18   17   68   24   19   20   25   24   19   18   19   21   23   27
  22   17   17   21   58   19   16   18   22   25   18   19   25   18   18   25   22   17   23   22   19   24   68   26   20   22   24   16   22   53   24   22   64   24   24   22   25   19   25   24   21   25   23   23   23   52   20   25   53   19   21   18   59   20   19   18   17   57   17   58   61   25   20   16   24   19   22   63   26   22   17   24   19   25   23   26   21   21   22   17   23   24   16   21   25   17   20   17   20   17   26   17   22   24   18   25   22   17   23   16   59   19   17   55   26   24   17   17   24   25   17   17   22   25   23   18   20   17   23   26   25   17   62   17   17   16   19   18   25   54   22   19   22   18   22   25   18   18   18   26   22   52   22   67   21   24   23   16   22   24   17   19   24   25   25   23   23   23   18   53   25   22   17   17   16   23   25   17   18   17   21   18   18   20   18   22   18   25   56   19   24   19   18   23   19   54   25   25   21   23   26   16   18   19   16   20   17   21   22   24   22   19   16   21   17   59   21   19   25   19   19   21   17   22   16   22   26   19   24   16   18   20   57   19   20   23   25   26   20   19   23   18   53   24   17   16   56   19   25   18   16   25   20   22   25   65   26   21   25   22   26   20   21   16   22   24   19   18   20   26   22   19   23   22   16   18   22   19   20   21   17   64   19   20   61   25   21   24   17   61   17   19   25   25   20   63   24   20   20   18   16   18   24   20   23   23   22   18   26   19   67   19   22   26   20   17   17   22   24   22   22   25   20   25   21   23   52   23   24   22   18   68   21   21   59   21   18   22   17   21   17   21   18   62   24   17   24   58   25   19   21   21   26   21   18   17   16   22   21   20   52   19   53   20   17   20   23   23   22   18   22   61   25   21   20   26   22   66   17   24   18   20   17   19   19   24   22   18   23   54   23   24   20   19   20   19   22   24   21   22   17   19   19   22   21   23   17   19   21   18   55   26   25   18   16   66   23   20   21   21   19   19   19   17   25   23   24   25   19   21   17   24   26   18   23   64   24   25   25   19   26   18   56   20   20   18   17   23   26   22   67   22   22   23   22   19   52   25   65   18   62   23   26   16   20   25   16   24   23   16   23   20   17   22   16   25   25   17   24   23   57   58   24   23   16   17   16   24   22   16   21   19   17   20   23   20   22   16   17   56   19   53   20   17   24   21   59   20   19   24
  19   19   14   20   15   33   20   19   16   18   13   17   18   19   30   13   19   18   30   15   14   16   19   21   21   17   13   20   15   16   14   20   18   19   21   18   15   20   31   15   15   18   30   13   15   20   19   13   17   20   14   20   16   14   20   18   20   21   15   13   21   16   20   16   14   15   18   15   33   14   34   17   14   19   16   15   17   16   15   16   14   21   14   15   18   17   35   19   32   19   20   16   33   14   19   18   18   14   16   29   31   21   31   18   16   19   30   21   30   14   18   16   15   15   14   21   18   16   16   29   31   20   20   16   14   15   20   14   20   32   16   16   18   18   17   21   31   16   20   15   16   21   30   21   14   19   20   21   17   17   20   17   29   17   33   20   20   32   17   21   20   15   21   16   16   18   18   16   20   17   21   17   35   14   18   19   16   17   19   21   18   20   15   14   18   16   13   18   15   20   18   13   15   16   16   35   19   15   14   17   15   15   14   18   15   16   14   16   15   30   18   15   16   20   21   14   15   20   13   18   14   21   15   21   33   14   17   17   17   14   14   33   20   21   16   17   20   33   14   21   19   18   17   19   18   21   29   13   21   34   15   15   17   20   15   21   14   16   20   16   21   14   15   18   15   16   15   15   18   14   14   15   32   14   33   17   15   14   15   16   14   19   14   13   14   14   15   16   16   14   19   21   19   15   15   30   21   17   20   15   14   14   17   21   16   19   16   13   14   14   20   17   20   17   18   20   21   15   21   17   18   14   21   15   18   29   19   29   20   19   14   17   21   16   21   17   14   16   15   21   19   33   20   17   19   21   14   15   18   18   20   18   19   19   13   19   15   18   14   19   17   21   20   17   15   18   21   15   15   18   21   16   19   13   21   18   18   15   17   15   18   13   14   18   18   19   20   21   19   16   17   17   18   33   14   33   18   16   15   18   33   18   21   13   16   15   21   13   33   14   19   14   18   21   21   19   17   14   30   20   14   15   17   21   18   14   13   17   14   17   16   15   15   18   19   16   19   17   33   30   17   32   14   19   32   32   21   29   14   20   18   18   18   30   14   13   33   16   32   21   13   16   18   19   17   17   16   20   15   21   21   19   18   18   21   15   29   21   14   19   20   21   13   34   19   14   14   20   21   19   15   17   16   13   17   35   16   14   17   32
   6    6    6    6    8    9    9   15    6    9    7    9    6   13    9    9    8    8   13    9   14    9    8    9    9    8    7    7    6    8    7   13    9    7    9    6    6    9    7    6    7    7    9    7    6    9    7    9    9    7    6    7    7    8    9   15    7    8    6    9    7    7    7   14    9    6   15    8    7   14    9    9    8    7   14    9    8    6    9   14    7    9   13    7    7    9    7    9    7    6   14    8    8    6    7    8    7    9    7    7    8    6    8    9    9    6    6    9    9    7    7    8    8    7    7    7    9    8    6   14    6    8    8    6    6    6    7    7    8    8    7    6    8    9    9    7    7    7    7    9    7    7    7    6    8    9    6   14    6    6   15    8    9    9   13    7    9    9    8    8    9    9    6    6    7    8    7    7   13    8    8    8    9    8    9    7    7    6    8    8    9    6    9    9    9    8    9    9    7    8    9    6    7    6    8    9    7    7    9   13    8    9    9    9    7    8    8    7    9    9    9    6    8    6    8    8    7    9    7    8    9    6    8    9    7    7    9    8    9    6    9    9    9   14    8    9    9    7    8    6   13    9    6    8    7    7    9    8    9    7    7   13    8    9    6    8    6    7    8    8    9    7    7   13    9    7    8    9    8    8    7   14    9    8    7    6    9    8    8    6    7    9    8    8    7    6    8    7    8   14    7    9    8    6    8    9    9    9    7    8    8    8   13    6    7    7   15    9    6   14    8    6    8   13   14    7   13   13    8    7   14    8    7    7    9    7    9    9    6    8    9    8    7    8   13    9    9    7    8    7    6    8    8    9    7    8    7    7    9    6    8   13    7   13    7    6    9    9    8    8    8    6    8    8   15    8    7   15    7    7    9    6   13    9    9    6    8    6    7    7    7    6    9    7    8    6   13    8    7    9    8    6    6    7    8   13    7    8    7    6   15    8   13    6    6   13    9    8    8    6    9    7    7    8   13    7    8    9   14    8    8    8    6    9    6    9    9    7    7    9    8    6    7    9    8    7    8    6    6    9    9    8    8    8    6    9    9    7   13    8    9   14    6    7    8   14    9    8    9    9    8    8    8    9    7    9    6    6    7    6    8    9    8    8    8    9    6    8    9    6    8    7    8    7    9    7    8    6    8    9   13    7    9    8    9    6    8    7    7    8
  72   25   33   25   29   32   28   81   30   26   29   26   23   84   31   28   26   26   29   32   33   30   23   24   27   22   32   27   26   23   87   33   31   30   27   24   26   29   23   31   26   25   21   23   28   29   24   28   33   90   30   29   33   90   26   30   22   26   33   24   31   24   28   30   78   32   33   33   22   33   27   25   22   27   32   28   25   90   34   22   35   30   33   26   26   29   25   30   25   26   28   27   27   25   25   32   23   31   27   28   27   22   81   30   35   22   25   24   84   87   33   27   75   31   33   33   34   30   32   33   32   35   22   25   29   21   24   27   27   33   31   34   29   25   35   34   33   34   35   26   31   29   31   30   77   32   25   24   33   22   33   31   24   27   22   29   34   31   28   32   22   34   31   84   29   23   27   25   31   23   89   72   25   25   33   29   26   24   33   28   21   21   31   35   32   21   22   27   23   28   23   72   30   33   29   92   25   32   23   27   24   35   34   33   24   26   25   24   34   23   34   33   33   23   31   30   31   33   30   21   32   34   35   27   22   25   23   25   21   24   28   33   26   71   35   30   28   32   25   29   30   24   26   23   29   26   24   24   29   23   30   28   30   34   23   26   21   25   32   31   25   24   27   27   26   35   24   34   25   26   22   25   25   34   23   27   28   34   23   28   27   23   34   22   29   26   27   73   22   76   22   25   90   32   32   30   30   32   29   35   35   23   75   31   25   31   27   22   26   28   29   31   26   78   30   82   31   32   22   33   22   34   34   23   33   26   22   34   30   88   31   27   25   23   25   30   24   29   27   28   23   26   25   27   26   35   28   23   33   23   32   24   30   23   33   22   33   33   29   26   75   23   23   89   25   23   31   73   27   33   29   33   83   24   35   24   28   32   70   24   24   24   31   34   78   28   29   27   24   32   28   28   80   23   33   27   31   27   32   31   33   31   23   26   22   24   70   27   31   22   27   70   27   22   82   80   27   28   31   28   28   27   26   27   27   29   71   31   28   34   32   29   35   24   23   30   26   30   25   34   33   80   22   33   21   74   26   28   85   73   23   24   89   33   35   27   26   27   33   26   35   24   32   27   26   72   29   22   26   32   31   24   34   30   23   76   34   22   73   30   91   28   23   34   24   22   76   23   23   88   24   33   28   25   22   31   22   24   73   77
  29   24   23   19   20   23   75   27   28   28   22   26   26   29   25   19   21   58   28   24   27   72   22   26   25   23   25   24   23   19   28   25   22   29   23   26   26   24   24   75   22   26   25   24   19   73   24   63   19   19   18   19   21   22   28   23   27   27   25   19   20   27   18   18   19   28   20   21   29   28   20   23   26   27   20   21   20   18   20   29   27   23   26   21   63   25   25   25   28   27   27   29   24   20   25   22   22   18   23   27   20   22   25   26   24   28   20   70   62   22   28   26   59   27   18   60   24   21   24   26   27   26   26   22   27   28   26   18   26   23   24   23   23   20   27   28   22   23   22   26   25   29   22   25   27   27   20   20   22   21   63   25   26   26   21   22   24   24   20   27   27   21   22   23   28   23   29   22   23   19   22   61   22   21   62   19   74   25   26   26   23   22   21   25   28   19   26   60   22   25   67   29   27   28   65   18   27   20   20   26   65   24   28   29   27   25   69   25   29   26   19   26   26   26   23   28   29   23   20   21   20   22   27   29   20   21   28   29   23   24   27   20   29   66   26   22   28   19   26   25   23   24   25   22   19   20   19   18   20   22   24   18   20   22   21   22   18   25   18   23   23   27   65   22   18   24   28   20   18   27   27   19   19   26   18   26   67   20   23   71   23   67   23   24   29   64   24   69   28   29   29   29   28   76   25   25   26   24   26   67   24   23   26   67   22   25   60   27   25   28   24   27   26   27   27   21   20   19   23   28   70   19   19   23   21   24   23   27   65   22   25   21   20   23   28   25   29   22   18   29   20   29   21   28   21   69   19   24   20   27   61   29   18   22   24   28   28   25   28   59   69   27   18   76   70   20   67   19   27   28   21   25   27   25   24   21   24   29   58   23   22   27   19   21   23   18   21   19   27   23   23   29   22   25   59   68   22   68   19   22   24   29   24   23   26   19   19   19   26   19   26   22   24   22   20   22   25   27   23   28   21   22   19   25   22   23   23   21   19   25   27   19   28   20   20   19   25   22   20   20   23   71   25   69   24   26   23   21   73   18   21   19   27   22   27   22   29   28   28   25   22   22   63   21   19   67   26   62   18   29   27   24   18   22   26   62   28   25   26   23   23   23   28   18   23   26   20   24   27   22   27   28   28   21   22   69   18   64   25   26
  18   29   15   13   18   16   16   13   17   28   11   15   15   13   15   14   18   11   11   16   11   18   12   13   15   14   13   14   15   16   14   12   15   17   15   18   11   16   15   18   12   17   15   12   12   25   12   18   17   12   12   18   17   14   12   12   11   15   13   18   17   18   17   14   12   18   13   11   12   17   17   13   13   29   15   29   15   13   18   18   14   14   12   18   17   18   12   14   12   26   18   16   18   18   12   15   16   15   18   17   13   13   14   12   11   17   25   15   15   12   14   16   17   13   18   13   17   13   16   15   14   17   18   12   14   15   18   18   28   12   13   26   26   14   14   15   17   11   16   14   15   26   17   15   13   14   13   26   27   12   16   17   17   17   17   14   17   14   16   18   18   14   15   11   11   18   12   15   13   12   15   14   18   15   17   15   25   15   12   16   15   15   14   29   12   15   25   12   12   11   25   28   16   15   18   18   29   15   30   14   15   12   29   17   14   13   29   18   11   27   18   29   13   16   28   17   17   30   15   16   27   15   14   14   15   13   17   18   14   16   12   18   16   26   12   16   16   14   14   13   25   18   14   17   26   16   16   12   14   13   16   15   18   25   18   25   17   12   17   18   18   16   14   14   13   12   18   12   13   15   13   14   12   17   16   17   12   17   18   17   18   18   27   26   14   18   17   17   15   17   15   14   14   30   15   14   12   12   12   15   14   13   17   18   14   14   18   28   18   25   15   17   15   14   16   15   16   18   13   13   15   13   17   17   16   17   14   12   16   15   16   16   29   15   15   13   17   12   13   12   14   18   17   14   18   13   17   18   12   15   14   18   15   17   16   17   18   12   15   18   26   14   26   15   15   12   16   29   12   13   15   17   17   14   27   18   13   18   12   13   18   17   18   17   11   15   13   14   30   16   13   15   15   16   17   15   16   13   14   13   13   12   25   16   25   18   18   30   29   14   14   28   27   16   15   14   13   15   16   12   17   13   17   17   25   14   27   16   13   15   11   18   13   12   12   15   16   16   13   25   15   15   18   14   14   15   14   18   17   14   15   15   15   18   18   17   14   11   14   12   30   14   17   13   18   17   18   16   15   27   12   29   14   18   14   13   18   16   25   12   15   17   18   12   13   18   14   18   13   14   13   14   17   13   13   17   13   12   15   17
  11   11   17   16   16    8    9    8   11    7    9   16    7    9    9    8    8   10    9   10    7   15   10    7   10   11    9   10   10    9    8   16    9   11   10    9   16    8    7    8    7   11    8   11    7    8   16    9    9    7   11    8    7    7    7   10    8    8    8   10    8   10    7   11   10    8    8    9   10   10   18   10   10    9    9    9    7   11    7   18    8    9    9    9   10    9    8   10    9    9    8    7    9   18    9   11    9    8    8   11   10    9   16    7    9   11   10   15    7    8    7   10   10    7   16    9   10   11   15    9    8    9    7    9   10    7   15    9   10    9   16    8    8    7    9    8   10    7    9   11   10   15   10    9    9   15    8    9   11    8    8   10    9   10    8   17   11    8   17   10    8   10   10   11   10   10    8    9    9    9   11    8    8    7   11    8    9   10    8   10   18    8    7    7   17   11    7    8   10    8    8    9   17   11    7    9    8   10   17    8    8    8   10   11   10    9   11    8   16    7   10   16   10    7   17    8    8    8   17   10    9   10   10   10   11   11   10    9    7    9    9    7    9    9   10   11    8    7   10    7   10    9    7   10    8   11   11    9   11    9   18   16    9    8    8   10   10    7    9   10    9    7    9   10    9    9    8   10   10   10    9   10   16    7    7    9    8   10   16   15    9    9    8    7    8    9   10   18   17    8   11    9   10    8    7   10    8    8   11    8    7   10   16   11   15    7   10   10    7    7    8   10   11    9    8    8    8    7    7    9    9   10   10   10    7    8   11    7   10    9   10   15   10   11   10   11    8   10   10   18   10   11    9    8    8   10    9    8    9    8    8   10   10    7   10    9   10    8    7    9   17    9    8    9   10    7    9   10   16    7    8    8    7    9   11   10    9    7   10   10   10   17    8    9    9    7    7    7    7    7    7   10   11    7   10    7    7    9    8   10    9    9   10    7   17   10   11    7   10   18   10   10    9   17    9   10    9   15   11    9    9   10   11   11   10   10   10    9   17    8    8    7    9   11   11   15    9    8    9   11   16    8    8   10   10    8    9   10    9   15    9   11   10   11   10   10    8    8    7    8    9   10    8    9    9    7    9   11   10    8   11   10    9   11    7   10    8   11   10    7    9   10   11    7    9    7   10   18    7    8   10    8    8   11   10    9    9    9   11    8
  21   21   33   21   24   21   21   21   68   25   29   29   32   24   23   30   31   70   29   32   32   33   30   29   30   87   24   23   26   32   22   27   28   75   21   22   23   30   24   25   30   21   31   22   74   33   33   29   73   29   24   29   83   84   27   30   31   33   33   32   27   21   76   30   31   21   76   32   25   70   23   31   23   33   25   24   24   21   86   21   30   23   33   26   20   21   32   23   22   26   80   24   26   29   21   31   30   33   28   30   32   29   33   23   21   22   29   31   24   20   31   22   33   24   26   23   32   29   32   23   21   27   22   29   72   21   29   27   29   31   26   33   24   28   29   31   26   26   22   20   30   30   23   27   29   22   28   32   32   20   33   30   27   21   30   23   76   33   21   28   78   22   30   21   21   24   20   21   28   21   24   26   27   20   20   32   30   26   24   27   27   26   33   25   23   24   33   23   68   30   25   33   29   31   29   24   24   22   33   23   21   33   24   33   86   31   32   24   32   88   24   28   25   24   30   78   22   87   30   31   72   21   31   26   31   22   32   33   21   32   29   22   29   76   30   27   21   29   24   33   82   22   27   27   33   26   27   25   30   26   27   27   31   26   30   23   27   25   21   26   29   26   84   27   21   33   21   32   24   25   30   27   32   32   25   26   31   28   83   26   67   31   26   30   30   25   27   31   80   22   21   22   27   25   28   26   29   26   23   26   22   31   30   24   28   27   33   24   27   26   21   31   28   32   29   82   31   31   24   69   22   26   24   27   81   22   21   32   32   30   33   30   27   21   26   22   29   31   29   27   33   25   29   26   28   29   32   31   24   31   26   27   27   32   26   23   31   25   21   25   23   28   29   25   32   32   22   23   22   28   30   31   32   21   30   20   86   29   24   30   29   24   30   32   86   22   80   28   26   23   33   78   30   24   74   32   24   31   21   30   24   32   31   27   87   27   25   21   31   27   23   30   23   78   27   21   33   24   71   22   33   32   30   79   23   30   73   32   27   28   33   22   68   33   20   23   29   23   28   25   30   31   25   29   27   27   30   21   24   22   30   30   28   26   25   25   30   24   23   31   33   88   32   28   21   25   27   32   21   27   27   69   26   31   29   32   22   33   31   21   30   23   30   23   29   26   23   32   27   29   28   81   24   28   24   30   23   25   25   30
  17   20   17   18   17   20   21   16   21   18   15   15   21   18   18   19   15   19   14   20   16   19   21   19   14   17   16   16   14   14   20   32   17   19   15   15   13   19   29   17   18   18   18   20   18   19   21   15   16   15   20   14   15   18   15   19   18   13   29   17   20   19   20   13   21   17   29   19   20   17   14   14   19   16   20   18   20   21   17   15   15   19   20   13   14   20   19   32   14   20   19   19   16   14   21   34   20   14   17   16   15   30   15   18   33   21   16   16   14   16   21   21   29   21   30   33   19   19   17   17   18   16   14   16   21   13   14   21   14   13   16   19   19   19   14   14   20   19   16   17   15   16   21   16   31   14   13   16   19   16   19   17   14   18   20   21   20   17   15   16   30   31   19   21   13   30   17   31   21   13   29   20   15   17   35   18   17   15   15   20   18   14   21   14   21   19   17   15   30   19   20   14   19   15   14   18   19   21   15   15   13   16   15   18   18   30   13   21   16   21   17   20   19   18   30   17   30   14   19   14   21   14   21   21   20   16   21   13   16   14   17   14   20   30   16   13   15   13   14   17   18   14   21   17   19   17   18   20   19   18   20   18   16   18   19   14   20   14   17   17   35   29   30   19   18   14   13   14   19   16   20   20   18   19   20   15   21   16   30   17   14   21   19   14   21   14   29   30   17   17   15   18   30   17   18   17   19   17   33   17   16   16   16   30   35   19   19   18   19   16   21   20   14   32   35   15   20   16   14   20   19   20   21   21   18   13   15   18   21   15   21   20   21   15   20   35   16   14   16   15   16   19   20   29   17   14   30   16   32   20   16   16   15   14   19   19   13   21   19   13   15   16   16   17   17   15   16   31   18   18   20   21   13   20   14   17   16   14   15   18   32   16   14   17   30   13   20   35   13   16   17   14   13   16   19   31   33   13   16   21   16   21   20   19   16   14   16   33   20   15   15   17   15   16   18   34   15   19   20   18   21   17   18   18   21   16   14   16   21   17   17   17   21   20   21   14   17   18   18   18   13   15   18   34   16   16   17   14   18   18   21   13   18   20   15   19   21   18   18   18   13   32   17   14   31   21   21   18   18   29   20   20   19   20   14   21   21   18   17   15   17   20   18   17   21   19   21   16   13   16   21   15   17   30   20   14   18   15   32   19
  11   11   16   14   14   15   11   13   16   16   12   12   15   13   23   13   13   26   11   23   15   16   15   14   15   11   23   12   11   16   11   16   16   14   15   27   14   12   15   23   15   12   23   14   14   17   27   16   11   16   13   15   13   12   12   16   12   12   15   17   14   16   15   11   26   14   15   10   12   13   27   17   10   16   26   16   15   16   13   14   12   16   13   14   17   13   11   15   16   16   25   15   16   12   12   14   15   12   13   12   16   15   13   13   14   16   17   11   15   11   17   13   13   13   11   11   11   11   15   14   14   11   11   26   13   11   11   13   13   17   16   14   23   15   11   17   16   14   15   11   11   15   28   13   15   23   11   14   16   17   15   14   12   11   11   12   15   16   14   11   12   12   15   15   28   15   16   14   13   15   16   15   11   12   12   10   12   17   14   11   13   15   14   11   15   23   12   13   11   16   15   16   15   26   11   16   11   12   13   14   25   12   26   17   10   17   13   16   13   16   14   27   16   13   17   16   12   27   15   17   16   13   17   14   15   14   11   16   16   16   12   24   13   23   13   16   10   11   14   14   17   11   17   28   11   16   13   12   15   14   17   24   17   11   16   15   14   12   16   13   11   15   15   27   13   16   16   15   17   16   13   11   15   14   15   16   15   16   14   15   12   13   12   13   12   15   24   12   13   17   28   13   14   12   25   13   14   16   11   11   24   11   14   11   17   13   17   16   12   25   24   13   14   11   15   11   15   13   15   15   13   12   13   13   16   17   13   17   15   11   11   16   15   15   12   16   14   15   12   28   15   12   16   13   15   25   13   15   13   16   13   12   12   16   15   15   14   16   16   16   16   15   12   16   12   16   15   12   11   11   15   12   14   16   13   26   24   11   14   15   11   14   17   12   14   11   16   28   12   13   16   13   15   12   11   13   12   16   17   14   28   17   12   15   16   13   16   14   28   15   13   12   13   16   28   23   11   11   14   12   14   11   11   12   11   12   17   12   12   14   14   14   14   14   11   15   11   12   12   15   13   13   11   15   14   13   14   12   14   15   11   17   26   16   13   14   14   15   11   12   17   11   16   17   14   14   13   13   26   16   12   16   15   16   15   28   16   15   13   14   13   13   12   17   13   14   13   17   15   17   15   14   27   23   11   11   13   14   11   23
  16   17   15   16   13   13   11   16   11   15   12   16   16   17   12   14   11   17   14   13   16   14   10   28   12   17   13   12   11   16   16   17   11   15   13   11   27   11   15   15   14   13   26   15   13   13   12   15   14   13   14   27   16   12   15   11   12   15   12   16   11   16   26   11   13   15   16   11   15   12   13   15   13   17   12   14   16   14   11   11   12   14   15   14   13   16   14   15   26   16   15   12   14   12   14   16   16   15   11   16   15   24   12   15   28   12   25   10   12   13   15   14   12   11   11   16   12   13   16   15   26   11   17   24   15   16   13   12   14   16   13   17   15   13   16   16   14   24   13   15   24   11   16   14   15   28   24   25   16   25   15   15   23   11   11   15   15   15   13   11   12   11   11   13   14   15   15   14   16   15   15   13   14   14   15   13   13   13   24   12   15   17   16   15   12   16   12   15   17   12   16   12   14   15   16   13   15   25   16   13   17   11   16   14   12   14   14   17   23   11   16   12   15   14   16   16   12   12   16   17   13   14   15   12   13   11   11   12   15   25   17   12   12   14   12   16   11   12   26   14   14   14   15   13   13   13   16   24   12   12   14   14   17   12   12   13   14   16   13   11   24   11   13   13   16   13   14   23   12   13   16   26   14   12   17   15   12   14   15   11   13   17   17   15   15   14   13   16   14   25   15   25   13   15   14   13   14   16   15   16   11   13   13   14   12   11   14   13   13   12   14   12   14   11   12   15   28   27   13   13   15   11   26   17   27   12   11   23   16   15   11   12   15   27   11   14   12   10   16   11   16   14   12   12   16   17   15   15   14   24   15   25   16   12   16   11   15   11   13   11   15   26   14   12   13   16   11   11   11   13   14   16   13   13   16   13   25   25   16   23   11   11   26   12   16   11   12   15   10   12   14   13   13   23   15   12   14   13   13   13   12   11   11   14   16   15   11   13   14   14   13   15   12   11   16   25   15   12   15   14   13   15   16   16   17   16   25   11   13   13   16   28   11   12   12   24   16   16   15   16   12   11   16   15   16   11   24   23   14   11   15   11   14   16   12   16   17   14   15   11   12   16   23   14   15   16   17   16   16   15   11   16   11   12   14   16   13   14   23   11   28   15   11   24   16   14   10   26   16   14   11   13   15   16   15   14   13   16   13   24
  14   10   11   11   11   13   15   10   15   10   12   13   13   13   11   25   11   14   15   14   10   11   13   24   11   25   14   11   15   14   10   15   14   13   11   13   14   24   11   13   10   14   12   11   23   15   14   12   13   13   12   12   23   15   14   12   13   11   11   12   12   14   12   21   14   22   14   12   13   24   13   11   11   13   10   10   25   12   13   14   10   15   24   24   12   10   10   13   10   22   15   11   14   13   13   14   15   14   11   10   15   12   14   11   10   13   13   12   12   13   15   13   11   12   12   12   11   11   11   15   11   14   15   15   12   14   13   10   12   10   22   11   14   11   11   15   12   10   14   11   12   15   15   23   12   21   25   12   14   14   11   14   24   11   12   10   13   11   23   11   13   13   10   11   12   14   11   12   10   14   10   10   12   13   11   11   11   13   10   14   10   24   14   25   14   23   12   12   15   12   10   13   11   10   14   13   10   11   11   12   11   15   11   13   12   13   13   14   12   13   10   15   10   15   14   10   15   14   10   23   14   10   15   10   11   14   10   11   13   10   12   10   14   11   12   10   22   11   12   14   15   12   10   12   15   11   13   14   14   10   12   10   13   10   10   13   12   14   24   11   14   10   15   25   13   15   15   14   11   10   23   21   14   11   25   10   23   15   14   15   12   15   15   11   11   12   12   15   10   14   11   15   13   13   12   12   11   14   15   13   14   11   14   11   13   25   13   11   11   10   14   22   15   15   15   15   13   10   11   15   13   10   12   15   12   10   14   10   10   13   13   11   13   13   11   21   13   12   14   15   12   14   13   15   11   15   13   14   11   11   12   12   13   14   14   13   13   23   15   10   12   25   13   12   10   25   10   23   13   11   12   10   10   12   10   12   14   24   12   25   13   14   14   13   14   12   11   22   13   12   11   14   12   15   12   11   14   12   11   21   12   15   13   22   22   14   15   14   14   13   12   12   12   13   11   15   12   10   13   13   10   14   10   15   10   14   23   13   15   13   10   13   14   10   12   10   13   11   11   13   11   14   14   13   12   14   14   10   15   13   15   22   15   12   12   12   13   14   13   15   12   13   14   14   12   13   12   12   15   14   12   22   12   12   11   14   15   11   10   10   12   15   11   15   11   12   15   15   14   10   12   12   13   12   15   15   23   24   10   11
  33   14   21   33   21   16   34   17   19   17   16   16   18   20   15   21   21   20   37   35   16   18   23   16   36   18   22   21   20   31   20   18   19   15   37   16   20   20   19   22   17   18   15   21   37   15   18   31   15   21   19   19   19   19   18   18   35   19   15   14   36   18   19   16   23   18   34   15   22   17   19   22   20   14   19   21   21   22   32   17   16   14   18   17   18   21   16   22   35   21   20   22   36   22   33   23   18   16   16   15   22   23   18   17   37   22   21   18   17   18   16   17   34   31   16   16   19   23   19   22   19   22   34   34   19   21   22   20   19   18   16   15   19   21   22   20   19   32   23   16   22   22   15   17   20   20   16   23   15   20   20   20   22   19   17   16   21   32   19   38   37   20   14   20   19   21   23   22   14   32   22   22   17   14   17   20   35   15   21   19   22   15   23   16   15   22   16   23   20   17   20   17   17   15   15   19   17   22   15   19   22   16   20   15   21   31   17   16   17   21   22   23   35   19   22   34   18   17   17   22   19   21   19   17   18   21   16   18   32   21   22   21   18   19   19   18   19   20   22   17   19   14   15   19   19   19   18   20   15   14   18   19   14   16   35   16   16   18   19   15   19   21   17   16   20   18   19   15   32   21   23   19   33   22   20   19   18   20   14   19   16   16   18   16   18   14   17   20   22   19   17   23   14   23   22   20   22   20   20   14   18   18   15   17   17   35   18   20   19   14   22   20   23   22   17   19   18   32   14   23   19   36   34   37   22   15   14   31   22   35   15   15   17   19   18   17   22   18   19   33   17   22   17   35   15   34   18   18   35   15   18   21   21   22   18   19   18   20   19   15   18   14   14   17   22   18   17   17   22   16   17   19   22   21   17   21   17   18   20   15   23   17   20   16   20   20   17   17   36   19   15   16   22   15   17   18   19   20   16   21   21   17   20   20   17   21   38   17   19   33   22   19   22   18   32   32   16   17   15   21   16   21   17   17   31   35   16   17   17   16   18   20   19   15   16   19   22   23   20   20   16   14   15   19   20   21   19   18   22   20   15   21   21   20   20   17   19   18   34   17   22   21   14   21   22   36   15   16   15   36   16   16   23   20   18   15   15   17   16   18   17   19   23   19   19   18   19   19   21   21   19   14   17   19   19   23   19   21   15   14
  10    8    9    9    8    9    9   10    9   10   12   11   10   11   11   17   12    8   11   10    9   10    9   10   12   10   10    8    9   10   10    9   17    9   11   10   17   12   12   12   12   11   10    9    9   12   10   12   10   17   12   11   10    8    8   10   18    9   10   10   12   17    9   10   12   10    9   10    8   10    8   12   10   12   20    9    9   12   10   12   12   19   12   11   17    8   10    9   10   11   11   11    9    9   17   11    9    8   10   12    9    9   11    9   12   11   10    8    8   12   12   11    9    9   12   11   11   11    8   12    9   11   11    9   12    8   10   12    9   11   10   10    9   11   20   12   11   11    8    8   18    8   19   12    9   12   10   11    8   10    9    8   11   18   10    8   12   10   10   11   11   11   10    9   12   12   10    9   10   19   20   12    9    9   11    8    9    9    8   11   11   10   12    9   11   12    8   20    9   10   11   17    8   10    9   19    8    9    8   12   12   11   11    9   12   11   11   17   12   20   12   12   12    9   12    9    9    9    9    8   12   11    8   11   11   12   11   12    9   10    9   12   12    9   11   20   11   10   12    9   10   11   19    8   12   11   20   11    8   19    9   10    9    8   10   11   12    9   20    8    8    9   12   12   11    9   12   11   11    9    9   11    8    9   10   10   10    8    9   11    9   10   10   12    9    9    9   10   12   12   11   11    9   10   12   10   10   11   11   12    9   10   18   12   11    8   12    8   11   10   12   11   10   12   11   12    8   20   19   12   11   17    9    9   12   18   11   11   11   12   11   11   18    9   10   12   10   18   10    8   12   12   10    8   10    8    9   10   12   10    9    9   18   18   20    9   17   19   10   11   12   12   10    8    8    8    8    8   12   12    8    9    9    8   10   10   11   11    8   18   11    9    9   11    9   11   11   12    9   19    8    9    9    8   10    9    9    9    8   12   20   10   10   12   12    8   12   12   12    8   17    8   12   12    9   10    9    8   10    9    9   10   12   12   12   11    9   18   20   19   11   11   10   11    8   20    9    9   12   11   11   11   19    9    8    8   11    8    9    8   12    9    9   11    9   18    9   20    8    9    9   10    8   10   11   10    8   19    8   11    8    9   11   11   12   20   11   12    9   10   12    9   18   11    9   10   11    8    9   10   10    9    9    9    9    8    8   12   10   12
   9   11    8    8   19   12    8    9   10    9    8    9   11    8   11   11    8   18   12   18   12   12   17   12    8   18   11   11   20   10   11   10   12    8   11   11   12    9   20   12   11   10   12   20    9    8    8    9   17    9   12   12   20   12    8   10   12   17   12    9    9   20    8   11   10    9   12   10   11    8   10   11    8   12   19   10   12    8    9   10   10   11    9    8   12   10   11   11   11   12    9   17   10    9   10   19   12   12   12    9   10    8    9   10   12   12   11    8   12   11   10    8    9    8   17   10   19    8   19   10   10    8   10   10   12    8    8   20   12    8   20    8   10   11    8   12   10   10   11    9    9   12   10   18   11   11   11    9    9    9   11   12    9   20   10    8    9    8   12    9   20   10   11    8    8    9    9   10    9    9    8   17   11    8   12   12   18   11   10   12    8    8   12   20   10   11    9   10   18   12   11   11    8   12   10   11   20   18    9   11    8    8   10   10   12   11   10   10    8    8   17    8    9   12   11    8   10   10   10   11   10   11   11   19   10    9    8   20   11    8   12   12   11    9   12    9   18    9   11   12   11   12   12   10    9   11   11    9   12   10   12   17   12   10   12    9    8    8   10   17   11   10   12   10   12    9   19    8   10   10    9    8    9   12    8   10   11   10   12   12   10    8   19    8   10   17   11   12   10   11    8   11   10    9   17    8   11   10   10    8    9   10    9   12    8   11   11    9   12   10   10    9   10    8   11    9   12    9    9    8   11   10   17   12   10    8   10   12    9   11   10    9   10   11   10   12   12   11   11   12   11    8    8    8   11    9    9   10    8    9   11   10   10    8   11   19    8    9   11   11   10   11   11   10   11   12   12   11   12   10   10   12   12    9    8   12   12    9   10   20    9    8    9    8   10   18   10    8   10   10   11   10   12   11   11   11   11    9    9   12    9   19    9    9   12   19   12    9   12   10   12    9   11    9   19   10   10   11    8    9   19   10    9   12   12   18   12   11   10    9    9    9   18   10   11   10   10   10   12    9   11   18   11    9    9    9   12   11    9    8   17   10   19    9   11   11   11    9   12    8    9   12   12   10   11   11   12    8   10   10   10    9    8   10    8    9   12   10   11    9   11    9    8   20    8   10   20   17   11   11   12   12   10    9   20    8   11    8   19   10
   6    6   10    5    6    4    5    4    9    6    5    5    6    6    6    5    9    6    4    5    4    6    5    5    5    6    6    6    4    4    6    6    4    5    6    9    6    5    5    5    5    6    5    4    5    6   10    4    4    5    6    9    5    5    5    5    9    5    4    5    9    4    5    5    5    6    6    4    5    6    5    5    4    5    5    9    6    4    5    4    6    6    4    6    6    9    6    9    6    5    5    6   10    4    5   10    5    4    5    5    6    6    5    4    6    4    5    5    6    4    5    6    5   10    5    9    5    5    6    6    4    5    6   10    5    6    6    9    6    6    5    6    6    6    5    5    4    5    5    4    5    6    5    4    5    9   10    6    5    4    9   10    6    6   10    6    5    5    4    6    6    5    6    6    4    5    5    5    6    4    5    6    5   10    9    5    4    4    5    6    4    4    6    6    5    5    9    5    6    5    6    5    5    4    5    5    6    6    6    5    5    5    5    5    6    6   10   10    4    4   10    6    4    4    6    9    6    6    5    9    4    6    4    6    6    5    6    6    4    6    6    5    6    5    4    5    6    5    6    6    5    6    4    9    5    9    6    5    5    5    4    5    5    6    5    5    4    6    6    6    6    4   10    6    6    6    6    9    4    9    5    5   10    5    6    5    6    5    5    5    6    6    6    5    6   10    6    6    6   10    6    5    4   10    5    5    6    6    5    5    5    4    5    9    4    6    9    5    6    6    6    6    5   10    5    5    5    6    6    5    5    5    5    6    6    6    6    5    4    5    6    6    9    6    6    6    5    6    4    6   10    6    4    5    5    5    5    5    5    6    5    9    5    5    5    5    5    5    6    6    6    6    4    6    5    5   10    5    6    5   10    6    4    6    5    5    6    6    9    4    6   10   10    6    5    6    6    6    6    5    5    6    9   10   10    5    4    5    6    9    4    6    5    6    6    5    4    6    5    9    5    5    6    6    5    5    6    9    5    6    6    5    6    4    6    6    6    6    6    5    6    6    5    9    4    4    6    4    5    6    5    4    5    9    5    5    6    5    5    5    5    5    6    6    9    6   10    5    5    6    5    5    5    5    5    6    6    6    5    5    6    6    5    6    4    5    5    5    5    5    5    4    6    6    5    5    5    6    5    5    5    4    4    5    6    5    6    5    5    6
  15   12   17   16   13   24   15   24   17   13   25   13   17   11   11   12   11   11   12   14   13   15   14   11   11   15   12   12   27   14   17   14   28   14   16   12   16   17   14   12   16   26   12   12   17   14   23   10   13   23   12   17   12   15   11   26   14   17   11   27   15   14   13   10   14   13   11   15   11   15   14   23   13   17   26   14   13   13   17   27   13   16   17   14   12   11   14   15   15   13   12   12   13   15   11   23   17   17   11   11   15   14   16   13   13   11   25   15   15   11   15   13   17   12   17   15   15   16   23   13   14   11   11   13   27   11   12   17   13   14   17   12   15   12   11   15   11   13   12   12   16   14   14   13   10   11   11   16   25   13   13   14   14   13   14   12   11   12   12   15   17   11   17   14   26   12   17   17   16   12   13   15   11   14   15   14   16   11   10   25   23   23   12   15   17   13   16   16   15   15   15   14   14   11   24   14   12   13   17   14   13   15   14   15   17   25   13   15   16   14   15   15   12   16   26   12   14   16   10   14   14   15   17   12   12   12   11   14   16   11   16   11   13   16   16   14   17   12   15   12   16   17   11   16   17   17   12   17   26   24   12   27   14   16   12   23   15   13   17   14   12   16   11   15   16   16   16   11   11   16   15   11   17   17   16   13   15   16   14   16   13   17   17   13   16   15   17   17   14   16   14   16   11   11   15   16   17   13   13   13   24   15   25   12   10   14   15   11   13   16   12   16   12   26   15   11   15   12   11   13   14   12   11   16   13   15   14   12   14   15   28   27   16   13   11   12   17   11   14   15   16   12   15   13   16   13   23   16   14   13   16   12   27   16   15   11   11   15   12   15   11   15   24   13   15   12   15   14   13   17   13   17   15   15   13   15   25   16   14   12   15   15   14   16   16   11   11   14   12   15   25   11   26   15   14   11   23   16   27   13   11   11   14   16   15   11   12   15   11   14   14   17   28   11   17   16   13   15   28   17   12   14   16   13   10   11   13   13   16   14   11   13   16   17   15   11   12   26   14   12   26   16   14   13   12   15   13   11   12   12   12   27   13   14   17   14   14   15   12   13   11   26   12   17   14   15   11   15   12   16   13   15   16   14   12   17   13   12   16   17   15   13   13   16   12   11   14   13   17   11   14   15   14   12   16   26   13   16   17   14
  11   11   13   19    9   12   12    9   14   11    9   10   12    9   11   13    9   11   12   19   14   10   10   12   11   14   13   11   10   13   11   11   11   11    9   14   10   10   11   11   22   12   12   13   13   12   11   12   13   11    9    9   11   11   12   13   20   13    9   14   12   10    9   11   12   10   10    9   20    9    9   11   13   12   12   12   13   10   10    9   13   11   12   13   14   12   21   14   12   10   14   13   11   13   14   13   14   11   12   12   22   14   14   12   13    9    9   13   12   13   12   14    9    9   12    9   12    9   10   10   22   13   10   10   13    9    9   11   10   20   12   10   11   22   13   10   10   20   11    9    9   11   13   12   11   14   13    9   14   10   10    9   12    9   11   14   10   14   11   14   13   13   10   19    9   11   20   10   14   10   12   13   11   11   14   10   12   19   10   11    9   14   11   10    9   10    9   10   12   13   11    9    9    9   10    9   11   20    9   13    9   11   11   11   11   13   11   12   14   12   13   12    9   13   23   10   11   12   12   12   10   13   12   10   10   14    9   21   11   11   11   21   14   13   12    9   20   11   13   10   12   10   21    9    9   11   14    9   14    9   14    9   10   12   11   10   11   12   13   13   10   10   12   13   13   21   14   10   11   10   10    9   12   12   10   13   11   11   10   11   11   11   13   10   13   11   12   11   12   10   12   10   19   10   12   21    9   14   10   11   19   11   13   10   14   12   11   12   13   22   13   20   11   21   11   11    9   13   11   12    9    9   10   13   10   13   14   22   21   11   14   14   12    9   10   20   13   12    9   13   12   20   10    9   14   11   13   14    9    9   11   12   10   11   10   11    9    9   13   11   10   11   11   23   12   12   11   11    9    9   14   14   11   22   11   11   10   11    9   14   23    9   11   12   10   14   14   12   11   11    9   19   12    9   13   10   13   11   14    9   12   22    9   14   10   11   12    9    9   10   21   11   11    9    9   13   13   11   11   11   11   12   23   13   11   22   13   13   10   10   12   13   22   21    9   10    9   13   11   11   11   13   10   13    9   12   19   10    9   12    9   13   12   14   14   22   11    9   11   12   11   12    9   12   14   12   10   13    9   13   12   22   11    9   11   12   14    9   14   10   10   14   10   10   12   11   14    9   11   13   13   13    9    9   13   20   11   19    9   22
  10   15   12   10   10   15   12   13   13   24   13   10   12   14   15   11   11   10   12   25   15   14   14   12   14   13   25   11   11   13   12   22   14   13   10   15   13   15   13   12   15   11   14   15   14   10   12   15   14   14   25   10   21   10   12   11   13   23   15   10   12   14   15   14   12   11   15   11   11   12   13   14   14   14   12   13   14   12   11   11   22   10   11   10   24   10   10   10   10   13   12   15   12   12   21   14   15   24   13   12   11   12   15   14   12   15   15   15   11   14   12   11   11   11   15   23   11   10   13   12   10   12   25   14   13   10   15   14   21   15   13   15   14   11   15   14   12   13   15   14   13   11   15   11   10   11   24   23   15   15   13   12   15   10   23   12   12   10   12   15   12   10   10   11   10   15   10   10   11   14   11   15   10   14   15   14   11   12   11   11   13   14   12   15   15   13   14   14   12   11   15   12   14   12   10   10   15   12   12   14   10   14   13   15   14   15   15   13   15   15   13   11   12   13   13   11   14   13   14   11   21   13   13   12   13   22   14   14   24   12   11   15   13   15   13   12   14   15   10   12   14   13   15   15   24   13   12   10   13   13   14   11   22   23   24   13   12   12   12   14   22   12   12   14   15   13   13   13   13   11   14   15   14   14   14   12   15   14   11   15   12   10   13   11   15   21   13   10   10   22   12   12   11   12   10   10   10   15   11   15   10   11   15   14   12   11   10   15   11   23   23   25   14   11   11   12   14   25   14   12   12   11   14   13   10   15   11   15   22   14   15   14   12   14   13   10   13   22   14   11   10   14   15   10   14   12   21   10   15   13   12   25   15   10   11   13   12   10   15   12   14   14   13   14   10   13   14   11   25   15   10   21   24   14   12   21   12   15   11   14   13   10   11   14   15   11   13   12   10   15   15   25   12   15   11   14   13   10   13   14   11   12   12   11   15   12   15   12   15   24   10   13   15   11   14   11   11   13   21   10   12   10   21   10   14   15   15   15   15   10   12   12   12   12   12   12   21   13   15   15   21   13   10   11   11   22   12   10   13   14   14   21   10   10   25   12   12   10   13   13   14   15   14   12   11   15   11   12   11   11   21   11   22   11   11   12   15   12   11   12   13   10   21   14   15   13   15   12   14   14   11   11   11   11   15   11   11   14   15   10
