spsp
10
2
500
22 11 18 12 6 17 35 18 12 34 
81 67 73 79 65 68 97 75 81 111 
10 10 
0.002 0.002 0.002 0.002 0.002 0.002 0.002 0.002 0.002 0.002 0.002 0.002 0.002 0.002 0.002 0.002 0.002 0.002 0.002 0.002 0.002 0.002 0.002 0.002 0.002 0.002 0.002 0.002 0.002 0.002 0.002 0.002 0.002 0.002 0.002 0.002 0.002 0.002 0.002 0.002 0.002 0.002 0.002 0.002 0.002 0.002 0.002 0.002 0.002 0.002 0.002 0.002 0.002 0.002 0.002 0.002 0.002 0.002 0.002 0.002 0.002 0.002 0.002 0.002 0.002 0.002 0.002 0.002 0.002 0.002 0.002 0.002 0.002 0.002 0.002 0.002 0.002 0.002 0.002 0.002 0.002 0.002 0.002 0.002 0.002 0.002 0.002 0.002 0.002 0.002 0.002 0.002 0.002 0.002 0.002 0.002 0.002 0.002 0.002 0.002 0.002 0.002 0.002 0.002 0.002 0.002 0.002 0.002 0.002 0.002 0.002 0.002 0.002 0.002 0.002 0.002 0.002 0.002 0.002 0.002 0.002 0.002 0.002 0.002 0.002 0.002 0.002 0.002 0.002 0.002 0.002 0.002 0.002 0.002 0.002 0.002 0.002 0.002 0.002 0.002 0.002 0.002 0.002 0.002 0.002 0.002 0.002 0.002 0.002 0.002 0.002 0.002 0.002 0.002 0.002 0.002 0.002 0.002 0.002 0.002 0.002 0.002 0.002 0.002 0.002 0.002 0.002 0.002 0.002 0.002 0.002 0.002 0.002 0.002 0.002 0.002 0.002 0.002 0.002 0.002 0.002 0.002 0.002 0.002 0.002 0.002 0.002 0.002 0.002 0.002 0.002 0.002 0.002 0.002 0.002 0.002 0.002 0.002 0.002 0.002 0.002 0.002 0.002 0.002 0.002 0.002 0.002 0.002 0.002 0.002 0.002 0.002 0.002 0.002 0.002 0.002 0.002 0.002 0.002 0.002 0.002 0.002 0.002 0.002 0.002 0.002 0.002 0.002 0.002 0.002 0.002 0.002 0.002 0.002 0.002 0.002 0.002 0.002 0.002 0.002 0.002 0.002 0.002 0.002 0.002 0.002 0.002 0.002 0.002 0.002 0.002 0.002 0.002 0.002 0.002 0.002 0.002 0.002 0.002 0.002 0.002 0.002 0.002 0.002 0.002 0.002 0.002 0.002 0.002 0.002 0.002 0.002 0.002 0.002 0.002 0.002 0.002 0.002 0.002 0.002 0.002 0.002 0.002 0.002 0.002 0.002 0.002 0.002 0.002 0.002 0.002 0.002 0.002 0.002 0.002 0.002 0.002 0.002 0.002 0.002 0.002 0.002 0.002 0.002 0.002 0.002 0.002 0.002 0.002 0.002 0.002 0.002 0.002 0.002 0.002 0.002 0.002 0.002 0.002 0.002 0.002 0.002 0.002 0.002 0.002 0.002 0.002 0.002 0.002 0.002 0.002 0.002 0.002 0.002 0.002 0.002 0.002 0.002 0.002 0.002 0.002 0.002 0.002 0.002 0.002 0.002 0.002 0.002 0.002 0.002 0.002 0.002 0.002 0.002 0.002 0.002 0.002 0.002 0.002 0.002 0.002 0.002 0.002 0.002 0.002 0.002 0.002 0.002 0.002 0.002 0.002 0.002 0.002 0.002 0.002 0.002 0.002 0.002 0.002 0.002 0.002 0.002 0.002 0.002 0.002 0.002 0.002 0.002 0.002 0.002 0.002 0.002 0.002 0.002 0.002 0.002 0.002 0.002 0.002 0.002 0.002 0.002 0.002 0.002 0.002 0.002 0.002 0.002 0.002 0.002 0.002 0.002 0.002 0.002 0.002 0.002 0.002 0.002 0.002 0.002 0.002 0.002 0.002 0.002 0.002 0.002 0.002 0.002 0.002 0.002 0.002 0.002 0.002 0.002 0.002 0.002 0.002 0.002 0.002 0.002 0.002 0.002 0.002 0.002 0.002 0.002 0.002 0.002 0.002 0.002 0.002 0.002 0.002 0.002 0.002 0.002 0.002 0.002 0.002 0.002 0.002 0.002 0.002 0.002 0.002 0.002 0.002 0.002 0.002 0.002 0.002 0.002 0.002 0.002 0.002 0.002 0.002 0.002 0.002 0.002 0.002 0.002 0.002 0.002 0.002 0.002 0.002 0.002 0.002 0.002 0.002 0.002 0.002 0.002 0.002 0.002 0.002 0.002 0.002 0.002 
  29   24   25   22   25   18   20   25   22   17
  53   32   44   29   51   33   28   32   41   52
   8    5    2    6    8    7    5    4    8    8
  10    3    6    8    2    8    4    6   10    7
   6   15   16   11   13    9    8    3   23   21
  10    6   13   14    8    5    7   11   14    4
   8    9    8    7    9    7    7    8    8   13   14    9    9    9    8    9    7    9    7    9    9    8    8    8    7    9    8    6    9    9    8    8   15   15    8    8    8    9    7    7    8    9    8    6    8    8    8    9   15    6   15    7    8    9    7    7    8    7    6    6   13   15    7    9    8    6    7    7    7    9    6    9   14    9    8    7    7    7    9    8    7    9    9   14    9    7   14    8    7    9    6    9    7    6   14    7    9   13   15    6    8    9    6    9    7    8    9    9    9    7   15   13    6    7   13   14    7    7    7    6    7    9    8    7    9    9    7    7   13    8    7    6    7    9    6   14    7    9    7    9   13    9    9    7    9    8    6    6    9    9    7    6    9    8    6   13    7    8    7    7    7    9    7    9    7    9    9    9   15    9    6    9    6   13    7    8   13    9    9    7    9   14    8    6   13    7    8    7    9    8   15   15    8    8    7    6    6    9    9    7    6    6   13    9    8    7    7    9   15    6    6    6    9    8    6    6    8    9   13    7   15    8    7    9    7    8    8    8    8   15    8    8    9    8    9    9   13    6    9    6   13    9    9    9    9    8   13    9    8    8    6    6    8    6    9    9    8    7    7    7    8    6    6    7    8    8   14    6   15    7    9    9    7    8    9    6    8    7    6    8    8    8    9    9    8   13    9    7    8    8    9    8    7    8    8    7    7    9    6    6    8    7    8    7    7    6    7    7    7   13    6    9    7    9   14    8   14    6    6    8    7    8    6    8    9    7    7   15    8    6    9    7    8    8    8    8    8    6    7    9    7    8    6    6   13    9    7    8    9    6    6    9    9    8    6    8    9    9   13    7    9    8    8   13    7    7    7    6    9    7    7    8    8    7    9   14    9    9    9    7    8    7    9    7    6    6    7    7    7    7    8    7    9    7    9    9    7    9    9    9    8    9    7    8   13    7    9    7    7    8    7    8    6    8    6    6   14    9    8    6    9    7    8    8    7    8    9    9    7   13   15    7   15    9    9    7    6    8    9    8    8    7    9    6    6    9    8    7    9    7    8    8    7    8    9   15    7    6    7    9    7    7    9    7    9    7    9    8    7    6    7    8    9    9    6    8    8    8    9    8   13    6    8    9    9    9    9    9   14   13   14    9    8    7    8    8    8    8    8    7
  14   14   16   14   22   22   14   21   21   15   21   18   17   20   18   20   21   33   16   14   19   15   15   18   22   19   18   18   21   15   16   20   22   17   22   14   19   14   17   22   19   36   16   18   16   19   23   36   19   23   23   22   15   14   34   16   18   34   14   17   18   17   23   34   34   16   15   19   31   17   16   37   21   20   19   23   22   17   14   16   17   18   14   23   14   14   21   18   33   20   18   19   16   22   20   22   22   16   22   22   17   19   18   21   15   22   15   19   16   22   20   23   15   21   21   23   23   16   22   17   16   18   34   18   21   17   32   19   19   22   18   19   20   19   17   22   21   21   17   22   14   17   18   15   20   16   35   20   15   21   21   16   16   33   21   18   35   15   18   22   36   20   16   18   22   15   21   17   22   34   18   37   22   18   19   14   22   20   36   15   16   19   15   19   18   17   17   35   22   21   14   22   15   19   21   18   15   19   21   17   17   22   19   18   16   16   37   20   18   23   15   17   14   19   18   19   22   20   15   19   22   17   20   22   32   34   14   14   16   18   16   16   15   16   18   21   15   16   16   16   17   17   18   18   19   19   21   23   22   17   23   15   17   19   21   19   22   17   18   23   37   14   14   17   22   16   19   18   16   16   17   22   16   14   22   22   17   17   18   22   19   35   21   19   21   36   17   16   19   14   21   20   21   19   22   20   17   32   17   17   15   18   15   14   20   22   21   17   20   20   16   16   16   19   18   22   18   20   20   20   14   37   19   16   16   19   21   15   19   15   17   16   21   14   16   21   37   32   22   32   22   17   20   18   19   19   15   21   17   16   17   21   19   34   20   20   20   15   22   21   16   31   21   16   21   17   19   20   36   15   15   21   21   23   18   18   16   31   16   20   16   21   21   17   18   15   20   23   18   18   15   16   18   17   16   23   16   18   20   16   17   14   19   17   21   19   14   18   21   16   19   22   15   19   19   22   37   16   20   14   21   15   22   23   33   18   15   16   17   22   20   17   19   21   19   21   15   14   21   18   20   23   14   17   19   19   22   22   21   17   18   15   22   20   15   17   16   19   15   23   15   20   20   22   20   20   21   37   16   16   17   15   20   22   21   22   18   17   16   21   16   20   20   22   17   15   16   18   17   20   23   17   17   21   16   14   17   23   16   19
  19   16   18   16   23   20   23   23   20   40   18   16   38   34   15   15   15   17   18   24   23   18   35   20   24   24   17   21   22   18   17   20   24   21   18   38   19   16   22   38   18   22   20   16   16   21   21   22   19   24   20   15   21   23   23   22   16   16   22   19   20   21   39   23   16   15   24   24   15   22   23   22   22   23   16   20   19   20   15   19   33   24   22   15   17   23   23   17   19   19   18   23   18   19   33   22   22   19   16   16   19   20   19   17   17   20   18   16   21   19   23   19   22   18   22   23   21   21   19   17   24   19   19   20   23   23   22   21   22   17   22   21   40   17   19   15   16   21   24   24   19   20   20   17   19   22   22   40   15   21   23   16   17   17   24   34   23   20   23   20   24   21   16   19   21   20   20   23   19   22   22   17   23   17   21   21   22   20   15   24   22   20   22   21   15   22   21   19   36   39   16   22   34   36   17   22   20   18   23   18   23   40   19   22   22   18   18   37   22   15   15   24   24   20   24   19   24   24   17   21   20   23   19   35   19   18   21   16   24   19   22   18   39   21   17   18   21   23   16   19   19   33   15   16   35   17   20   23   17   21   18   40   21   21   16   37   23   34   20   21   15   23   22   22   15   19   16   23   15   23   20   23   18   20   35   23   17   22   20   15   19   20   20   15   17   21   24   18   21   35   21   23   19   17   19   22   21   24   19   18   24   18   23   19   20   18   19   18   16   20   24   16   23   19   22   15   16   20   17   21   21   20   17   15   17   15   16   34   20   19   16   19   15   19   39   20   20   24   21   17   17   19   20   22   23   17   22   18   35   22   18   21   15   23   23   15   23   23   17   36   17   18   23   20   19   37   17   40   33   23   19   21   19   38   23   34   22   19   23   22   17   36   23   21   21   19   15   19   22   16   18   23   23   24   20   16   16   18   20   19   23   18   23   24   21   20   21   18   17   19   16   17   17   18   23   19   23   23   33   17   39   35   19   16   19   20   22   22   17   16   38   23   16   16   18   24   22   17   20   16   21   17   24   17   17   19   20   19   24   17   19   24   35   15   16   18   16   23   36   23   16   16   18   19   19   17   20   19   22   15   23   17   19   24   18   19   38   18   21   16   16   24   21   34   15   39   20   21   18   19   20   18   23   19   24   19   22   16   18   17
  14   13   13   12   12   15   15   16   17   24   11   13   13   12   13   11   14   11   13   26   14   26   14   11   16   13   11   14   11   27   15   12   16   28   16   14   13   16   25   16   14   16   12   14   17   13   11   14   14   17   13   16   12   13   14   12   17   15   15   15   13   14   16   11   16   15   16   17   14   17   15   11   11   16   12   12   14   14   13   23   12   14   13   17   17   16   11   16   27   14   14   16   11   12   14   13   15   14   16   24   13   14   16   12   27   16   11   14   14   12   12   14   23   26   13   26   11   15   17   16   14   11   11   12   17   11   16   11   17   11   14   13   12   23   12   11   17   11   16   28   15   12   12   15   12   14   15   16   24   11   16   17   11   15   14   26   16   14   17   14   17   15   15   15   14   14   16   16   14   11   16   14   11   16   11   14   13   16   15   24   17   11   14   13   15   14   13   28   15   15   12   11   17   28   17   28   15   17   11   17   14   16   16   11   14   16   13   23   17   26   15   13   16   12   11   12   16   11   14   14   13   12   25   15   13   12   23   11   13   14   12   12   12   23   16   13   13   12   12   11   17   10   14   15   27   13   11   15   10   17   27   14   14   25   11   15   12   16   12   12   25   12   16   12   14   11   13   16   15   16   16   13   14   11   14   15   16   10   15   14   12   12   11   27   16   25   15   17   13   14   13   16   15   15   14   16   27   16   11   25   10   16   13   13   14   15   25   12   26   13   14   15   14   14   13   15   13   16   12   25   11   16   23   26   16   11   15   26   12   26   16   13   11   14   24   12   11   12   13   15   16   16   15   23   11   23   16   11   12   13   11   11   12   12   16   16   12   13   15   13   14   12   11   15   14   16   17   11   15   16   13   16   26   16   13   13   26   13   14   12   13   16   14   16   17   14   14   12   14   26   12   12   16   11   13   12   13   12   12   12   11   15   11   13   13   11   17   25   13   11   14   14   16   11   15   15   11   16   15   11   15   14   11   11   14   11   15   14   11   16   13   12   16   16   11   14   12   23   15   14   13   12   15   14   11   17   14   14   11   12   14   15   16   15   16   16   14   16   12   11   13   17   27   14   15   15   16   13   28   14   16   11   12   15   15   15   17   26   17   13   14   12   13   11   13   17   11   15   13   13   15   14   14   13   10   16   14   16   11   13
  14   29   19   19   18   13   12   18   19   14   13   17   20   19   31   17   15   19   17   15   13   14   15   18   18   20   17   14   18   17   19   20   16   19   17   18   15   17   13   17   18   17   18   17   14   15   16   14   28   12   31   15   20   18   13   15   19   15   17   33   12   30   17   19   27   18   13   17   19   19   17   19   20   16   19   13   14   15   14   16   20   12   18   14   30   12   16   19   18   13   28   20   15   14   20   15   13   13   15   16   18   13   19   15   17   15   16   32   14   18   18   29   14   16   13   14   15   16   16   20   14   16   13   18   17   17   14   20   15   15   17   15   15   20   18   17   17   15   17   20   18   17   19   19   13   32   12   17   18   20   19   14   19   17   28   18   20   17   16   14   15   19   31   16   15   16   20   17   18   15   19   19   14   17   15   28   16   30   12   16   16   13   30   18   15   14   13   13   20   17   17   13   17   17   15   31   19   20   15   30   16   16   12   16   16   16   31   15   32   14   19   30   19   15   15   17   18   13   13   18   29   28   16   19   29   17   19   16   28   14   18   17   16   28   17   13   20   19   20   15   15   17   18   20   20   14   13   16   13   13   18   18   13   19   12   20   19   17   19   13   15   27   14   17   20   18   19   17   31   12   17   17   13   29   18   15   18   20   18   28   20   18   12   15   19   19   17   16   19   13   16   19   15   13   14   17   15   20   31   15   17   15   16   17   20   14   31   17   15   17   14   15   18   16   13   19   16   32   18   16   17   16   33   20   18   16   29   17   13   14   16   29   19   20   15   14   18   14   20   28   15   17   12   15   17   17   19   16   14   19   20   16   16   27   18   17   12   14   13   16   16   14   15   32   14   18   28   18   19   20   18   14   19   20   18   28   16   16   18   16   16   15   18   15   20   17   20   14   15   28   15   32   16   16   15   20   16   14   17   18   17   19   16   14   18   14   18   14   17   13   17   16   29   18   16   13   20   17   19   15   32   14   12   20   17   15   16   28   18   15   18   16   14   18   17   20   16   16   13   18   19   13   13   17   19   19   13   16   15   16   15   18   13   14   20   14   19   15   13   19   18   16   14   33   15   17   15   14   13   19   16   12   16   17   18   16   14   15   18   15   20   17   15   13   18   12   20   16   19   18   14   16   14   15   20   17   19   18   14   17
  12   14   11   10   12    9   11    9   11   22   12    9    9   10   12   12   21   22   22   12   20   13   20   12   14   13    9   13   13   11   12    9   14   13   14   13   11   11   11   10   12   20   11   13   13   10    9   11   11   11   13   12   11   13   11   12   10   13   11   10   10   10   13   13   12   11   12   12   13   11   13    9   12   12   10   10   13   21   13   12   12   11    9   12   14   10   12   12   14   13   14   13    9   14   12   13   10   12   20   12   20   10    9   20   10   13   22   10    9   13   23    9   11   10   11   14   10   13   10   13    9   13   14   12   13   14   23   12   20   10   11    9   11   14   11   12   10    9   11   14   12   13   10    9   12   14   11   10   12   12   12   11   21    9   20   10   14    9   12   10    9   12    9   13   10    9   22   11   12    9   11   13   11   12   23   11   12   10   11   10   10   10   10   12   19   12   20   12   23   22   12   11   10   10    9    9   10   14   11   11   11   10   10   19   13   11   13   12   22   12    9   13   13   11   10   12   10   14   14   12   10    9   14   11   10   12    9    9   19   10    9    9    9   12   12   12   19   12   10   13    9   11   11   11   13   10   10   20   11   12    9   21   13   10   10   11   13   10   12   11   12    9   14    9   11   11   12   11   12   10   10   10   19   13   11   13   14   12   14   10    9    9   14   10   13    9   10   14   10   12   10   12    9   22   11   11   14   13   12   14    9   13   11    9   11   12   12   14   11   11    9   11   12   13   19    9    9   19   11   12   20   13   12   11   21   11   11   12   11   12   13    9   21   10   13   10   10   10   12   11   14   11   13   11    9   14   13   11   13   12   12   21   10   11   12   11   12    9   21   10   11   12    9    9   11   19   10   11   13   13   13   14   12    9   22   12   10   12   11   12   10   14   10   10   11    9   11   14    9   14   11   10   12    9   13   10   10   10   12   11   10   10   13   11   10   10   13   12   10   12   13   13   11   11   13   12   11    9   11   19   13   10   10   14    9   13   12   11   13   11   20   19   21   10   23   12   11   10   14   10    9   13   13    9   14   10   11   11   10    9   12   10    9   22   12    9   14    9    9   13   14   13   12   12   12   20   22   12    9   10   21   11   13    9   11   13   10   11   23   12   14   11    9   13   11   13   12   12   13   11   21   21   14    9   12    9   23    9   13   10
  17    8   10    8   11    9   11    9   12   17   12   19    8    9   10    8   11   11   11   10    8   12   10    8    8   12    8    9    9   10   12   17   12   10   11   10   11   20   11   10    9    8    9    8   11    9    9   11    9    8   12    9   11   17   10    8   12   12    9    8   11    9   20   10   10   11    9    9    8    8   11    8   11   10   17   11   11   11    9   10    8    9    8    8   12    8   11   12   11   12   12   12   11   12   12   10   10    9   10   10   17    9    8   10    8   10    8    8    8    8   12   10   10   11   12    9    8   20   17   10    8    9   20   11   18   11   11   12   20    8   11    9    8   10    9    9   10   10   12    9   11   12   10   18   10    8    8   10    9   11    8   10   12   12   11   11   11   11    8   19   10    9    9    8    9   10   11    9   12   18   12    8    9   17   12   10   11   11    9    9   11    8    9   12   17   10    8    8    8    9    9    9    8    9    8   12   18   11   18    9   11   17   12    8   10   12   17   12    8   12    8   12   11    8   10   11   11   11    9    8   11   10   12   11   17    9    9    8   12   12    8   11   11    9   11   11   19   11   12    9   12    8   12    9   10    9    8    9   20   12   17   11   11   11   11   11    8   19   10   11   10   12   12   12   11    8   10   11   12   10    8    8    8   17   12   20   10   19   12   10    9    8   12   10   11    9   20   17    9   11   12   10    9    8    8   12    9    8   12   12   12   18    9    8   11   11    9   20    9   10   12   19   11   12   11    8   11   18    8   11    9   10    8   10    8   12   12   18   11   11   10    8   10    8   12   12   11   11   12   10   10   11    9   11    9    8   12   12   12    9   11   11   10   12    8   11   11   12    9    9    9   12   18   12   12   10    9   20    9    9   11   10   10   12    8   12   12   11   10   12   10    9   10    9   10   11   12   19    8   10    9    8   18    8   19    9   12   10    8   11   12    8   12   10   10    8   12    9   12   11    9   11    8   12   10   10   11   10   10   12   10    8   10   10   12   11   11   11   20   12   11   11   12    8   11    8    9    9    9   12   20   12   10   12   10    9   10   20   11   10    8   12   11    8   12   11   12   12    8   11   10   11    8   11   10   11   17   12   12    8    9    8   10    9    8    8    8    9   10   20   11    9   10   10   19   12   20   11    9   10   11    8   10    9    9   12   12   12   11    9
   3    4    5    4    3    5    5    5    8    3    5    4    5    4    4    4    4    4    4    5    7    4    5    8    3    3    4    4    5    4    4    8    7    5    3    4    4    4    5    4    4    4    5    8    4    7    7    5    3    4    7    7    4    4    4    4    4    5    4    4    5    4    8    4    5    4    3    3    3    4    7    5    7    3    4    4    5    3    4    4    7    5    3    3    4    4    7    4    4    4    4    5    3    4    3    7    4    3    4    4    4    4    7    7    5    4    4    3    5    4    4    7    4    4    4    4    4    5    4    7    4    5    5    4    5    4    5    4    4    3    4    4    3    3    4    4    3    3    3    4    3    5    3    4    5    4    4    4    7    3    4    5    5    5    4    3    5    5    5    5    5    5    3    3    3    3    3    4    4    4    4    5    4    5    3    4    4    4    7    4    3    4    3    4    4    4    4    5    4    5    4    4    3    5    4    5    4    4    3    5    3    4    5    4    4    5    4    5    7    4    5    3    7    4    3    4    5    5    7    3    5    4    3    3    4    5    7    4    5    4    3    4    4    3    4    4    3    4    5    4    4    4    5    4    4    4    4    5    4    4    4    4    4    4    5    5    4    7    7    3    5    5    4    4    8    3    4    4    7    5    5    5    3    4    5    4    3    4    5    8    4    3    4    4    4    4    7    4    4    5    5    4    4    3    3    4    5    4    5    4    4    5    3    4    4    8    3    4    5    4    4    7    5    3    3    4    3    4    5    5    4    5    4    4    4    8    5    3    4    4    4    4    3    4    3    4    3    3    7    4    3    5    4    4    4    4    3    4    4    4    4    4    5    8    5    4    4    5    5    5    4    4    3    3    4    3    4    4    4    5    5    3    4    4    4    4    4    4    4    5    5    5    3    4    4    4    4    7    5    3    3    4    4    4    5    5    8    4    4    5    4    5    4    4    4    4    4    4    4    3    8    4    4    4    3    4    4    5    4    5    4    4    3    3    4    5    3    5    4    5    4    5    4    7    7    3    4    4    5    3    4    3    4    4    7    4    5    4    5    4    4    4    4    3    5    5    4    3    8    4    4    7    4    4    4    4    4    5    8    3    3    3    5    4    4    5    5    4    5    4    4    7    3    4    4    5    4    4    5    5    4    4    3    4    4    4    3    5    5    4
  24   25   22   33   27   33   32   22   27   21   22   31   31   27   34   28   25   30   32   34   25   25   22   28   79   22   27   31   31   88   23   34   24   35   31   23   31   24   34   26   22   33   22   26   24   26   31   33   30   28   31   34   29   26   27   32   33   32   32   32   27   71   27   27   27   26   33   87   29   28   25   23   31   31   24   34   26   33   30   77   29   29   27   34   26   22   33   83   34   85   26   31   32   26   33   23   34   26   24   27   29   23   31   34   29   32   26   34   88   84   26   23   87   32   29   31   25   31   32   28   27   86   24   34   73   23   32   35   33   31   32   31   22   22   73   30   30   23   30   30   32   34   28   30   28   28   29   79   25   29   22   22   34   32   25   32   29   22   31   28   33   33   25   79   22   25   26   88   32   32   28   29   29   33   21   24   28   23   24   26   28   30   35   23   28   35   33   27   35   21   25   77   22   32   23   32   28   27   27   26   26   33   24   83   31   24   91   30   31   26   32   32   25   33   33   25   31   29   24   34   35   26   23   24   34   25   33   34   29   83   25   34   33   32   30   25   29   34   33   25   35   31   34   28   28   28   29   32   25   31   26   31   24   26   29   28   34   30   30   27   28   26   27   30   31   31   33   79   26   31   22   30   25   24   27   23   33   29   25   23   34   34   30   34   27   31   21   28   33   85   22   24   30   23   27   27   29   23   32   30   35   23   26   31   28   26   35   21   33   26   30   26   34   35   24   25   25   21   29   21   27   89   32   23   24   29   22   34   32   32   79   29   34   33   28   23   32   21   34   28   25   30   21   22   25   32   23   82   88   24   27   28   35   32   26   33   24   31   27   30   25   73   24   30   30   32   26   28   35   26   31   33   28   76   26   28   35   27   24   25   31   30   34   30   29   27   27   32   28   21   34   34   91   73   31   35   26   26   22   32   32   30   25   28   35   23   70   22   31   30   76   33   90   28   30   87   24   22   24   34   25   32   24   27   32   27   23   92   30   30   28   26   28   27   76   21   32   34   23   23   24   29   88   27   23   34   24   26   28   22   25   88   32   23   72   26   27   26   26   78   32   31   89   21   26   33   29   33   25   92   33   28   83   26   24   27   25   86   35   22   29   34   24   21   26   23   33   34   24   32   28   92   28   30   77   29   23   23   88   26
  25   31   28   23   26   22   70   22   78   25   24   29   25   21   76   26   28   25   74   27   23   24   23   24   30   21   27   23   25   79   26   24   28   24   26   21   28   23   24   23   25   21   28   23   29   26   20   21   28   30   20   21   30   73   23   27   25   22   25   26   28   22   24   30   24   22   22   30   27   25   23   75   26   25   25   64   26   26   22   31   20   29   30   21   30   28   22   31   22   29   27   27   68   23   24   27   23   28   67   26   29   31   26   23   25   32   28   66   21   28   22   21   25   28   22   21   32   20   31   27   21   21   27   23   23   26   22   28   21   30   31   30   31   21   25   25   23   28   20   26   30   28   26   25   24   28   25   31   30   26   21   23   27   27   29   27   73   29   23   28   22   25   30   24   31   77   27   23   23   28   31   23   25   21   25   23   27   67   24   24   27   23   78   25   20   68   27   27   22   81   23   25   32   25   32   24   26   27   32   32   20   27   84   25   21   27   25   31   29   29   31   23   28   31   29   25   29   27   28   27   23   24   29   67   23   22   24   30   27   20   29   26   23   30   29   31   65   27   31   65   76   32   76   28   28   26   31   22   31   20   24   27   26   83   72   30   29   26   23   24   28   31   29   27   27   31   24   23   20   26   30   32   25   22   27   20   80   24   22   31   25   31   28   25   31   21   25   30   31   23   32   24   30   20   30   31   31   30   22   30   28   30   20   29   22   26   27   31   21   26   31   20   30   24   31   29   24   30   30   24   31   24   27   82   76   26   29   23   20   66   29   28   25   20   29   31   20   24   27   28   22   22   84   24   22   65   28   20   22   21   24   75   26   19   23   24   26   84   27   30   20   27   21   26   22   21   21   23   24   71   21   21   20   28   26   25   28   26   70   26   26   31   28   21   23   30   28   26   20   31   27   21   31   80   27   65   30   28   22   24   21   20   24   31   24   21   30   29   23   30   31   25   26   25   30   28   30   20   24   31   32   31   22   32   32   31   30   30   30   24   30   23   31   30   75   20   21   21   23   21   31   27   25   25   24   24   68   28   28   26   24   19   21   28   20   74   32   31   20   29   66   25   30   20   29   30   22   23   27   32   72   29   24   30   20   29   19   23   29   26   30   22   22   23   29   66   24   28   29   28   23   75   25   65   64   23   28   72   27   20
  14   10   10   12   10   15   10   15   11   10   13   25   14   14   12   12   12   15   11   13   21   25   13   14   21   14   12   12   14   10   12   11   11   15   14   14   11   10   24   15   11   13   10   10   11   12   15   10   15   15   13   14   10   12   12   14   13   14   15   11   10   12   12   13   10   25   24   13   13   14   12   11   14   10   11   12   14   13   15   21   13   12   25   11   15   12   10   10   14   13   12   12   10   12   13   14   13   13   13   10   14   15   10   12   22   10   15   12   15   12   12   14   13   12   12   13   11   14   24   21   15   10   12   12   10   24   11   15   10   13   15   15   11   15   13   11   13   14   15   10   12   11   14   13   25   11   15   13   14   15   11   15   14   11   10   12   11   15   14   13   24   12   23   10   15   12   21   24   14   13   10   15   14   11   12   12   10   14   11   10   14   24   15   13   15   13   15   12   11   14   13   25   11   10   23   15   14   10   10   13   10   15   12   15   12   12   24   14   13   12   11   12   21   14   10   12   22   15   13   10   15   14   15   12   11   10   11   10   15   11   11   10   11   11   12   12   10   13   13   10   21   13   12   10   14   14   12   15   14   10   11   10   23   13   12   15   15   25   13   11   13   11   14   22   11   23   15   14   15   12   14   14   10   14   14   14   13   13   14   15   10   12   11   11   22   10   13   13   15   13   11   13   14   11   14   14   10   11   11   23   14   14   11   12   10   13   14   13   14   12   12   15   10   14   25   10   13   13   14   12   24   11   14   12   13   15   15   13   23   10   15   24   14   11   10   11   14   11   14   15   11   15   22   10   11   10   13   14   14   10   13   14   14   15   12   13   15   15   14   12   15   14   12   12   13   14   12   13   12   12   15   10   12   15   13   24   25   11   22   13   10   10   15   22   22   12   11   14   12   25   12   15   22   10   15   13   13   11   12   10   14   13   12   14   12   11   12   14   10   13   14   14   23   13   11   22   24   14   13   12   12   13   11   12   13   13   13   23   12   11   12   21   10   11   14   15   14   13   10   14   13   14   14   11   15   12   12   14   24   13   11   15   14   14   15   14   10   23   22   13   11   14   22   12   15   12   12   14   10   15   13   11   11   14   10   10   11   15   12   12   15   21   15   15   14   11   13   10   12   14   15   25   21   12   25   24   14   24   13   14
   9    7    7    9    7    9    7    8    6    7    9    9    7    6    9    7    7    6    7   14    9    9    8    9   13    8    6    8    7    9    9    6    6    9    6    6    8    7    6    6    7    7    8    6    9    7    6    8    7    6    6    7   14   14    7    8    7    9    7    7    7    8    7    9    6    8    6    8    8    8    9    8    7    7    7    8    8    9    6    9    9    8    8    7    8    6    6    7    8    7    9    9    8    8    7    7   13    6    9    7    7    9    6    8    7    7    8   13    8    8    9   14    7   15    7    6    7    9    8    6    7    8    9    7    7    7    7    7    7    7    9   13    8    9    9    7   14    7    9    9    7    7    8    9    8    7    6    9    8    9   14    6    9    7    9    7    6   14   15    8    6    7    7    9    6    9    7    9    6    7    8    8    9   14    7    6    9    9    8    7    6    9    6    7   14    7    6    8    8    7    6    9    9    9    7    9    7    6   14    9    8   13    9    9    9    9    9    7    9    8    7    7    9    9   15    8    8    7    6    9    6    6    9   13    9    7    8    6    9    9    9    8    8    8    8    7    8    8    8   13    6    8    6    6    9    9    6   15    6    7    7    7    8    7    7    9    9    7    7    7    8   13    6    8    6    7    8    9    9    9    6    9    9    6    7    9    7    6   15    8    8    6   13    8    9    6    7    6    7    7   14   14    6    7    9    8    9   13    6    7    7    9    7    7   14    7    9    7   14   13   14    9    9    7    7    9    8    9    6    9    9    7    9    9    6    7    8    7    9    6    9    9    9    7    8    7    9    7    7    9    8    6    7    8    8    7    9    8    6    9    7    9    7    7    6    8    8    7    9    8    8    6   13    9    7    9    8    8    8    9    8    9    8    6    8    9    8    8   13    9    7    9    7    7    8    9    9    7    8    6    7    8    6    6    7    9    8    8    6    8    7    9    6    6   15   13    7    6    7   14    6    9    8    9    9    8    8    8    9    9   15   14    6    9    7    6    9    6    9    9    6    7    8    8    8   14    8    9    8    8    6    7   15    9    7    8    8    7    8    9    7    9    8    9    8    6    8    7    9    8    9    6    9    7    7   13    6    8    8    6    7    8    8    6    7    8    9    8    9    7    9    7   13   13    9    9   14   13    8    7    6    9    6    8   14    6    7    6    7    8
  20   14   20   17   16   16   12   15   27   18   17   19   16   13   12   17   28   32   13   13   30   16   13   29   13   17   18   15   15   28   18   14   14   15   32   14   13   17   18   18   18   32   15   14   16   15   15   30   13   14   15   14   14   18   16   17   14   18   16   13   15   27   18   16   14   18   33   18   30   12   17   16   13   17   19   13   32   31   18   17   14   14   20   13   14   16   15   15   19   14   13   17   19   14   15   12   16   32   27   18   14   17   14   13   17   13   17   18   17   18   20   13   15   29   17   18   14   19   15   29   13   16   20   18   18   13   16   32   16   16   32   16   12   18   13   13   19   14   18   14   14   15   28   20   17   19   17   14   17   16   17   16   15   17   19   16   13   16   20   18   18   14   18   17   19   16   14   20   13   19   17   18   15   18   20   16   14   15   19   17   17   18   32   15   17   14   12   19   17   29   17   16   13   18   12   18   17   15   12   31   20   14   19   12   19   17   17   18   17   32   15   13   19   27   20   13   20   20   17   19   16   20   14   17   18   31   17   13   20   13   17   13   16   19   15   16   19   20   13   28   20   13   20   20   15   30   15   18   14   17   18   12   19   28   13   18   20   12   33   18   13   27   15   18   33   15   12   14   14   15   16   19   17   18   18   14   17   14   15   18   16   33   19   15   31   16   16   15   18   16   13   20   17   17   19   15   16   14   15   16   14   18   15   19   18   18   15   19   17   15   17   18   30   15   13   17   20   18   19   14   19   19   15   17   16   31   13   15   14   16   19   13   19   16   18   19   19   19   17   13   14   20   19   29   33   20   17   14   19   19   17   27   16   16   19   31   31   14   20   14   15   15   17   14   30   31   16   16   29   18   18   20   14   13   19   14   27   19   15   17   15   13   15   13   15   19   15   18   17   20   13   20   17   14   15   13   20   16   16   12   14   30   16   18   30   17   19   13   14   17   17   18   13   14   17   13   18   16   13   14   14   15   14   14   17   15   18   32   18   12   13   14   13   18   18   17   18   16   14   17   13   15   17   19   19   18   15   16   14   17   17   12   19   13   27   13   16   12   16   13   16   20   17   13   13   32   14   20   19   27   14   13   14   17   18   16   19   20   15   19   33   15   17   16   17   19   14   16   14   17   18   14   20   14   17   13   19   15   18   16
  14   35   19   18   17   14   17   16   19   21   35   20   16   15   21   16   17   14   13   18   18   15   21   13   17   19   20   15   20   14   19   19   19   15   18   35   17   15   16   30   15   15   18   21   14   21   13   29   21   16   14   19   20   21   14   14   20   21   17   18   30   15   17   18   17   18   20   17   20   21   13   21   14   13   19   19   19   14   21   17   16   20   21   18   15   32   20   21   31   15   21   19   19   18   17   18   16   15   15   15   16   16   21   20   18   19   18   15   16   17   14   19   15   15   14   21   18   16   14   21   18   19   29   18   15   15   19   30   21   15   14   18   16   14   20   14   17   16   18   14   13   13   20   21   15   31   15   31   31   13   30   21   20   20   19   16   20   21   17   21   14   15   21   20   18   14   21   20   15   13   17   18   18   29   14   19   19   16   19   17   17   19   21   16   19   29   18   16   21   17   21   14   13   21   17   16   20   31   16   14   18   14   29   14   29   20   14   13   21   14   20   16   13   18   13   16   15   14   15   15   19   21   19   21   19   15   16   13   15   16   21   14   33   18   19   21   32   14   14   15   14   21   17   16   35   16   14   17   16   18   13   15   29   18   16   19   20   15   18   17   35   13   19   14   21   31   16   20   18   31   18   16   29   18   15   21   21   20   17   21   15   18   19   34   16   16   13   13   20   14   14   19   19   15   19   15   16   21   14   19   17   20   16   14   14   14   19   20   13   21   20   20   16   20   20   19   18   19   19   35   16   14   16   21   16   18   21   15   19   15   17   19   14   15   15   21   18   18   14   18   15   13   15   20   14   21   19   15   15   15   31   15   17   14   34   16   16   16   15   21   20   17   18   14   17   19   20   13   18   21   16   16   35   13   14   19   16   32   18   14   20   20   21   15   16   21   13   15   32   16   16   19   17   19   19   17   20   15   34   19   16   17   18   14   15   18   17   18   16   18   15   20   13   15   17   21   17   17   14   20   33   33   20   18   14   14   21   14   21   18   18   17   17   18   20   16   18   17   15   13   19   16   16   19   15   21   16   16   13   32   18   20   21   20   16   19   19   14   14   20   20   19   15   34   14   14   33   18   34   16   21   31   15   18   20   21   16   13   19   20   15   17   16   20   19   18   21   35   29   35   31   15   20   32   17   20   19   16   15   18
  10    8    8   10   11   10   12   12   12    9    8   12   10   11    9   12   18   12   11   12   19   11   11   12    8    8   12    8    9    8   11   12   19    9   10   10   10   17   10    9   19   12    9   19   11   10   10   10    8   11   17   12    9   17    8   10   10    8    8    8   12    8   10   10    9    9   10   11   12   20   10   11   17    8    9   12   20   20   12    9   12    8   11    9   11   10    9   12   11   12   10   17   12   11   12   11   18    9   12    9    9   10   10   10    8   11    9    9   12   11   12   10    8    8   12    8   10    9   11    8   10   12    9    9    9   11    8   11   11   12   12   10   11   19   12    8    8    8   12    8    8   19    8   10    9    9   10    8   11   17   10   18    8   17   11   10   11   12   12   17   10   12   12   12   10   10   12    8   12    8   17    9   11   12   12   12    8   12   11    8    9    8    8   10   17   12   11   10   12    8    8   10   20   10   20   20    8   11   10   10   11   10   11   12   12    9   11   10    9   12   12    8    9    9   17    9   11   11   11   10    8   10    9   10   12   10   20    8   11   18   12    9   10   10   10    8   11   12   12   19   10   11   11   12   18   20   17   17    8   12   12   10   12   12   12   10    8   20    8    8   20   12    9   10   12   12   20   11   12    8   10    8    8   11   12    9   20    9   11   12   12   12   11   10    8   12   12   12   10   11    9   10    9   11   11   20   12    8   10   11   12    8   12   11   11   12   10    8    9   12    9   11   11    8   10    8   11    9    8    9   11    9    9   11    8   20   11    9   10    8   12   12    8   12   12    9   10   19   18   12    9    9   10   10   10   12   10   11    9   12   11   20   12   11   11   17   10   10   17    9   10    9   12   19   11   11   10   10    9   11   10    8    8   19   12    9   12   11   10   20    8   11   10   12   12   20    9   17   12    9   10   10   10   10    9   12   19   12   11   12    8   12   11    9    9   11   10   10    8    9    8   10   12    8   11   19   10   10   11    9    8   12   12   12    8   10   11   10    9    8   10   12   12    8   11    9    8   11   10   18   11   12    9    9    9   11   10   10   12   11    9    8    9   12   11   11   11    9    9    9   10   11   10    8   11    8   11    9    8    9    8    8   11    9    9   11   10   11    9   10   11   11   19   12   12    8   12    9   10   12   10   12   20   11    8   20    9   11    9   18
   5   13    5    5    5    5    6    7    7    7    5    7    8    7    8    8    7    8    6    7    7    7    8    6    8    8    8    5   11    6    5    6   11    6    5    8    7    6    8    5   11    5    7    7    6    7    8   12    8    6    7    8    7    6    7    6    7    6    8    6    5    7    8    8    5    6    8    7    8    8   13    7    5    7    8   13    8    7    8    8   12    6    8    5    6    7    7    6    6    8    7    6    8    7    7    5    7    7    8    7    7    7    6    8    5    6    8    5    6    5    6    7    8   11    8    6    7   11    8    7    7   12    7    6    5    7    6    7    8    8    6    5    6    5   11    5    8    7    7   12    5    6    7    6    8    7    6    5    7   12    7    7    6    7    7   13    7    7    5    8    7    6    7    6    7    6    6   12    7   13    7    6    8    5   11    5    6    8    6    6    8    7   11    6    7    7    7    6    5   13    7    6    8    7   12    7    6    8    8    6    6    7    6    6   11    7    7    8    7    8    7    6    6    8    5   11    7    6    6    6    8    5    6    7    5    7   11    8    6    7    6    5    6    5    8    8    6    7    6    6    6    7    7    7    8    6    7    8    6    7    6    6    6    7    7    6    7    6    6    7    6    6    7   11    7    8    6    5    5    6    8    6    6    5    7    8   12    6    6    5    7    7   13    6    8    5    6    7   12    7    7    6    6    7    8    6    7    6    6    6    7    6    6    8    5    5    6    5    5    6    7    6    6   12    7    5    6    7    8    6   11   11   12    7    6    7    5    6    5    8    6    6    6    6    7    5    6    5    6    7    7    6    8    6    6    6   13    7    8   12   12    7    5    6    6    7    7    6    6    6   13   11    6    7    6    6    5    6    7    7    5    6   11    8    8    5   11    6    8    6    8    5    6    7    8    5    6    6    7    7    8    7    7    6    8    6    6    7    8    5   13   13    7    5    7    6    5    6    6    7   11    5   11    6    5    7    7    6   13   11    7    6    8    8    6    5    7    7    6    8    6    8    6    6    6    8    6    6    6    8    7    6    6    6    7    8   12    5    5    6    7    6    5    6    8    7    7    5    8    8    8    5    7    5    6   11    6    7    8   11    5    6    8   12    8    6    5    6    5    6    7    6    7    7    6    6    6    6    7    7    6    7    6    7   12    5    5    8    7    8
  10    8   10    8   16    8    9    7   10   16    8    8    8    8   11    7    9   15   11    9   17   17    8   15    8    9   10   10   10    9    9   10   15    8    7    8    8   11    8   10   10    7   10    7    7   11    8    9   10   10   10   10   17   10    8    8   16   11   10    8    9   10    8    9    7    8    7    8    9   10   11    7    8    8    9    8   18   10   10    9   10   11   15    9   11   10    8   10    7   10   10    9    9    7   17    9   10   15    9    7   16    7    7    8   10    7   10    8   18   10    9    7   10    8   11   18   17    9    8    7    9    9   10    7   16   10   17    8    9   16   10   11    7   17    7   10   10    8   10    9    8   10    7   11   10   15   11   10    7    9   10    8    7    8    7    8    8    8   10    8   16   11    9    8    9   10    9    9   11    8    8   10   17   10    9   11    8    9   18   16    7   17    8    7    7    9    8   10    7    9    8    8    8    7    8   10    9   10   18    9   10   17   10   10    8   10   11    8    9    7   10    9    8    9    9    8    8   18    9    8    7    9    9    8    8    7   16    7    7   10    9    8   11    8   16    9    9   11    8    8    9   10    8    8    9   16    9    9    9    8    7    8   10   10    8   11    8    9    7    9    9   18   10   10   16    7   17   15    8   16    8    7    9   10    7   11    7    9   10   10    8    9   10    7    9    8    8    8    9    7   11    7    8    9    8   10   11   11    9   10    9    7    9    9   11    9   10    9    8   10   15   11   10    7   10   11    9   16    9   10   10    7    8   10    7    7    8   10    8   11    8    8    7    8   10   17    9    9    8   10    9    7    9    8    8    9    7    8   16    8   10    8    9    9   11   11    8    9   10   11    9    7    9    7    9    8    8    8    9    9    9   17   11    7   18   16    9   11    9    7   10   16   10    9   10   15   11   11    9    8    7    8    7    9    8    9    7    9   11    7   15    9    7   16    9    8   17    9   11    8    8    7    8    8    7   10   10   18    9    9    9    8    7    7    8   10    8   15   18   10    7    8    7    8    8    7    7   11   17    8    8   11   11    7   18    9   11    9    8    9   16    8   10   17   10    9    8    9    7   10    8   11   11    7    9    7    8    9   15    7    8    8   10    9   11    7    8   18    8   10    9    9   17   10   11    8   15    9    8    8    8    7   10    9    8    8   10   10    8    7
  12   15   12   13   11   17   12   12   17   28   24   15   16   17   15   15   12   12   11   15   17   12   12   15   13   12   15   12   13   11   16   13   12   14   15   14   15   27   15   11   14   16   12   13   14   11   13   11   12   24   24   16   12   16   14   13   14   11   16   14   15   15   14   12   15   14   15   17   15   12   15   15   16   12   12   12   11   16   15   15   12   11   16   14   16   28   16   16   23   13   12   13   23   15   12   11   17   15   15   27   16   14   14   12   12   15   11   17   16   15   13   12   14   16   12   15   14   12   23   17   11   17   13   23   15   14   15   16   12   23   14   16   16   16   13   27   14   23   13   13   12   26   16   13   25   12   16   16   17   12   16   15   13   16   14   13   12   14   14   16   13   10   11   24   14   11   16   11   13   25   14   16   14   13   15   16   15   17   15   23   13   14   14   14   25   11   15   28   13   25   16   14   11   16   14   13   11   13   13   13   16   26   15   17   26   15   16   16   12   16   13   11   17   11   11   17   25   16   11   16   25   14   14   12   14   16   15   12   12   17   16   27   16   14   24   15   11   14   16   16   15   11   11   11   14   13   15   13   11   15   16   13   15   16   11   28   10   13   11   12   15   14   11   26   25   12   12   12   14   13   12   14   11   15   15   24   23   16   11   16   15   13   17   15   12   16   15   12   15   14   14   17   12   17   13   16   13   11   16   11   12   15   11   13   16   12   17   17   15   16   13   15   12   15   14   14   16   17   13   15   16   23   13   12   28   16   15   12   16   14   16   15   24   16   24   15   17   12   14   12   11   11   13   14   27   13   14   11   26   12   13   12   15   11   25   13   14   13   15   11   15   11   12   13   15   11   14   12   15   15   11   12   13   16   12   15   12   13   26   11   11   13   13   14   14   17   16   15   13   15   16   11   24   11   12   13   12   17   16   12   12   16   13   14   13   12   15   12   12   16   11   14   14   11   16   16   16   16   14   24   11   13   13   14   14   12   16   11   11   16   23   17   12   17   15   14   13   16   16   15   12   13   12   12   15   16   12   17   11   11   11   15   12   27   17   16   11   11   12   12   13   10   11   15   13   16   15   15   10   23   13   11   25   12   14   17   12   11   13   10   14   15   15   12   11   16   15   15   14   15   17   12   14   10   12   14   16   14   11   13
  18   15   20   34   20   15   16   33   16   31   17   15   17   17   14   15   15   33   18   20   18   18   16   14   20   21   21   15   30   16   18   15   16   16   35   18   18   13   20   29   16   20   18   16   15   17   21   16   33   20   14   31   15   18   19   15   18   13   14   20   16   21   19   17   21   16   17   14   16   14   17   18   15   19   14   16   32   18   18   14   18   20   18   18   17   32   18   15   16   21   20   32   20   18   16   19   16   20   17   18   14   21   16   19   20   16   18   21   15   18   16   21   18   18   18   16   32   13   15   16   14   18   19   34   14   17   18   17   34   17   16   14   15   21   20   21   17   19   17   14   14   19   34   20   18   16   13   16   18   18   21   17   16   21   15   18   21   14   17   17   19   15   32   18   15   34   19   14   16   20   16   29   21   16   16   21   18   14   19   14   19   16   17   21   15   13   18   15   16   15   13   16   20   16   15   15   18   18   13   16   20   16   14   20   19   31   17   17   20   19   20   13   19   19   15   21   29   17   13   14   17   19   15   29   14   17   15   21   16   15   15   15   17   21   19   17   17   31   19   32   16   14   13   16   18   15   33   18   18   16   17   15   15   17   14   19   18   21   20   34   15   17   20   20   16   15   13   14   17   21   16   14   19   15   18   19   18   20   18   16   29   18   16   14   15   13   15   14   18   16   31   13   16   19   20   14   35   20   21   13   15   17   18   21   32   13   15   30   21   13   33   21   20   17   14   14   15   15   21   35   14   15   19   18   14   20   21   13   34   14   19   16   14   18   17   21   21   34   18   21   18   20   20   20   16   15   20   18   15   16   21   18   14   20   14   18   18   18   17   15   14   19   15   17   15   17   20   29   16   19   16   21   18   15   20   18   34   15   17   15   16   16   16   31   16   18   18   18   15   21   20   20   20   29   16   19   21   20   13   18   19   16   17   30   17   19   34   14   18   14   19   18   17   14   19   15   17   17   14   14   17   16   16   15   16   20   21   21   19   15   14   14   15   17   21   20   20   18   16   13   21   15   15   15   20   15   17   21   17   21   19   17   13   20   19   13   16   16   13   15   21   17   19   19   16   31   17   19   14   17   18   14   19   15   17   18   14   21   18   21   17   33   34   13   19   17   18   18   19   14   16   16   17   16   20   15   16   18   21   13
   6    5    6    5    6    4    5    5    5    5    4    6    5    6    6    5    5    6    5    4    5    5    5    5    5   10    6    5    6    6    5    5    5   10    6    4    5    6    5    5    4    5    5    4   10    5    9    6    6    6    5    5    6    9    4    6    5    6    4    5    6    4    6    4    5    6    4    6    4    6    4    6    9    6    6    4    5    6    4    5    6    5    9    6    9    4   10    5    6    6    5    5    5    6    9    6    6    5    6    4   10    5    5    6    6    6    6    4    5    5    5    4    4    5    5    6    5    5    5    6    6    6    5    6    6    9    6    6    4    9    6    6    5    5    6    6    6    6   10    5    6    5    4    6    5    5    5    6    9    6    5    6    4    6    6   10    5    5    5    5    5    5    6    6    6    6    4    6    5    5   10    6    5    6    6    9    6    5    5    6    5    4    6    5    5    5    6    6    5    4    5    4    6    6    4    6    4    4    4    4    5    4    6    6    5    5    6    6    5    6   10    4    9    6    5    5    5    6    6    5    6    5    4    5    5    4    4    6    5    6    5    4    5    5    4    5    5    6    5    5    5    5    5    5    6    6    5   10    6    6    5    4    6    6   10    5    6    5    5    6    5    4    6    5    4    6    4    9    5    6    4    6    6    6    5    4    4    6    5    4    5   10    6    5    6    5    6    6    9    6    6    4    6    5    4    6    6    5    6   10    9    6    6    6    5   10    6    5    6    6   10    5    6   10    5    4    5    5    5    4    5    4    4   10    5   10    5    6    6    6    6    5    5    5    5    6    5    6    5    6    6    5    5    6    4    5    6    5    5    4    5    6    6    5    4    5    5    5    5    6    5    5    6    6    6    6    6    6    4    5    6    6    6    6    6    5    6    9   10    5    6   10    6    6    5    6    5    4    6    6    5   10    5    4    6    4    5    5    4    4    5    6    6    5    5    5    9    6   10    9    6    9    5    9    5    5    5    5    5    5    6    5    5    6    6    5    9    6    6    6    5    6    4    4    4    5    5    4    6    5    5    5    5    4    6    6    6   10    4    6    5    6    9    9    5    6    4    9   10    5    4    4    6    6    5    9    6   10    5    6    5    9    4    6    6    4    6    9    6    4    6    5    5    5    5    5    6    5    4    5    9    5    5    5    4    6    5    4    5    4
