spsp
14
2
500
6 30 3 18 10 49 37 36 26 43 21 41 42 38 
53 82 48 68 65 102 77 90 81 94 61 88 97 95 
10 10 
0.002 0.002 0.002 0.002 0.002 0.002 0.002 0.002 0.002 0.002 0.002 0.002 0.002 0.002 0.002 0.002 0.002 0.002 0.002 0.002 0.002 0.002 0.002 0.002 0.002 0.002 0.002 0.002 0.002 0.002 0.002 0.002 0.002 0.002 0.002 0.002 0.002 0.002 0.002 0.002 0.002 0.002 0.002 0.002 0.002 0.002 0.002 0.002 0.002 0.002 0.002 0.002 0.002 0.002 0.002 0.002 0.002 0.002 0.002 0.002 0.002 0.002 0.002 0.002 0.002 0.002 0.002 0.002 0.002 0.002 0.002 0.002 0.002 0.002 0.002 0.002 0.002 0.002 0.002 0.002 0.002 0.002 0.002 0.002 0.002 0.002 0.002 0.002 0.002 0.002 0.002 0.002 0.002 0.002 0.002 0.002 0.002 0.002 0.002 0.002 0.002 0.002 0.002 0.002 0.002 0.002 0.002 0.002 0.002 0.002 0.002 0.002 0.002 0.002 0.002 0.002 0.002 0.002 0.002 0.002 0.002 0.002 0.002 0.002 0.002 0.002 0.002 0.002 0.002 0.002 0.002 0.002 0.002 0.002 0.002 0.002 0.002 0.002 0.002 0.002 0.002 0.002 0.002 0.002 0.002 0.002 0.002 0.002 0.002 0.002 0.002 0.002 0.002 0.002 0.002 0.002 0.002 0.002 0.002 0.002 0.002 0.002 0.002 0.002 0.002 0.002 0.002 0.002 0.002 0.002 0.002 0.002 0.002 0.002 0.002 0.002 0.002 0.002 0.002 0.002 0.002 0.002 0.002 0.002 0.002 0.002 0.002 0.002 0.002 0.002 0.002 0.002 0.002 0.002 0.002 0.002 0.002 0.002 0.002 0.002 0.002 0.002 0.002 0.002 0.002 0.002 0.002 0.002 0.002 0.002 0.002 0.002 0.002 0.002 0.002 0.002 0.002 0.002 0.002 0.002 0.002 0.002 0.002 0.002 0.002 0.002 0.002 0.002 0.002 0.002 0.002 0.002 0.002 0.002 0.002 0.002 0.002 0.002 0.002 0.002 0.002 0.002 0.002 0.002 0.002 0.002 0.002 0.002 0.002 0.002 0.002 0.002 0.002 0.002 0.002 0.002 0.002 0.002 0.002 0.002 0.002 0.002 0.002 0.002 0.002 0.002 0.002 0.002 0.002 0.002 0.002 0.002 0.002 0.002 0.002 0.002 0.002 0.002 0.002 0.002 0.002 0.002 0.002 0.002 0.002 0.002 0.002 0.002 0.002 0.002 0.002 0.002 0.002 0.002 0.002 0.002 0.002 0.002 0.002 0.002 0.002 0.002 0.002 0.002 0.002 0.002 0.002 0.002 0.002 0.002 0.002 0.002 0.002 0.002 0.002 0.002 0.002 0.002 0.002 0.002 0.002 0.002 0.002 0.002 0.002 0.002 0.002 0.002 0.002 0.002 0.002 0.002 0.002 0.002 0.002 0.002 0.002 0.002 0.002 0.002 0.002 0.002 0.002 0.002 0.002 0.002 0.002 0.002 0.002 0.002 0.002 0.002 0.002 0.002 0.002 0.002 0.002 0.002 0.002 0.002 0.002 0.002 0.002 0.002 0.002 0.002 0.002 0.002 0.002 0.002 0.002 0.002 0.002 0.002 0.002 0.002 0.002 0.002 0.002 0.002 0.002 0.002 0.002 0.002 0.002 0.002 0.002 0.002 0.002 0.002 0.002 0.002 0.002 0.002 0.002 0.002 0.002 0.002 0.002 0.002 0.002 0.002 0.002 0.002 0.002 0.002 0.002 0.002 0.002 0.002 0.002 0.002 0.002 0.002 0.002 0.002 0.002 0.002 0.002 0.002 0.002 0.002 0.002 0.002 0.002 0.002 0.002 0.002 0.002 0.002 0.002 0.002 0.002 0.002 0.002 0.002 0.002 0.002 0.002 0.002 0.002 0.002 0.002 0.002 0.002 0.002 0.002 0.002 0.002 0.002 0.002 0.002 0.002 0.002 0.002 0.002 0.002 0.002 0.002 0.002 0.002 0.002 0.002 0.002 0.002 0.002 0.002 0.002 0.002 0.002 0.002 0.002 0.002 0.002 0.002 0.002 0.002 0.002 0.002 0.002 0.002 0.002 0.002 0.002 0.002 0.002 0.002 0.002 0.002 0.002 0.002 0.002 0.002 0.002 0.002 0.002 0.002 0.002 0.002 0.002 
  27   23   19   32   31   20   31   24   31   20   18   21   25   24
  48   33   47   32   37   37   52   35   34   42   52   30   44   54
   4    4    7    4    6    6    7   10    7    5   10    8    4    9
   2    8    8    6    3   10    4    2    3    7    5    9    6    5
  25   13   18   21   14   24    5   16   10   19   22   20    6   18
  10    3    3    9    8   13    6   14   11    7    7    6    9    7
  33   30   36   26   76   36   30   25   28   35   23   33   25   24   29   34   38   26   28   30   25   24   33   27   27   25   32   30   30   29   28   33   28   35   32   27   34   24   28   25   33   27   29   35   24   34   36   35   38   36   78   31   27   34   36   34   30   35   95   24   23   33   27   35   36   26   37   30   31   98   81   33   26   36   95   32   36   28   31   32   81   37   35   27   29   25   25   32   91   29   37   23   25   26   81   30   99   29   37   28   26   24   91   35   37   30   34   25   30   35   33   26   25   38   28   33   27   28   35   24   23   30   36   32   28   28   25   25   23   27   24   31   33   32   30   26   28   32   37   26   29   37   26   27   29   80   28   34   37   23   31   34   37   24   25   37   36   81   32   30   23   27   31   37   33   37   35   36   36   30   35   26   36   99   29   28   31   38   33   29   30   35   25   31   35   32   31   25   34   96   29   32   35   93   27   24   26   33   24   80   32   28   38   23   82   32   32   38   26   27   32   36  100   36   34   31   29   35   32   80   34   36   31   85   81   27   84   30   36   26   31   26   36   30   30   34   27   36   80   32   24   34   32   28   26   97   27   35   90   25   36   23   29   26   29   28   37   28   31   32   28   24   25   32   31   36   27   24   25   76   29   24   35   26   36   24   34   28   34   35   23   24   34   31   31   81   78   32   37   26   25   36   35   27   36   32   28   94   26   26   33   76   33   30   33   31   31   30   99   28   31   34   95   36   31   30   33   32   32   32   33   23   36   30   90   37   89   37   31   24   37   32   24   92   34   97   28   36   33   29   37   32   33   38   29   23   28   37   36   29   24   98   32   25   24   34   31   28   25   29   32   37   26   37   32   38   97   30   37   25   36   26   30   29   28   23   37   35   38   24   24   33   23   26   31   35   26   37   38   35   37   33   25   25   30   34   28   24   28   30   30   35   91   28   37   28   31   33   32   29   25   33   37   28   36   30   25   33   35   31   37   26   25   37   30   25   30   30   35   33   27   35   38   25   27   23   37   36   32   23   36   35   34   27   25   27   30   26   35   36   26   24   35   99   23   26   33   32   24   31   35   27   24   28   29   32   36   31   35   26   24   83   32   35   28   24   27   30   29   29   97   37   89   33   37   33   32   26   35   30   33   32   38   33   29   23   34   38   38   35
  19   16   18   13   13   14   14   13   31   17   13   19   14   14   14   18   19   12   16   12   16   13   28   13   20   14   15   13   14   14   20   18   27   15   17   14   17   15   12   17   15   14   13   15   17   14   17   14   18   17   16   15   18   16   20   30   15   16   16   15   16   18   12   16   31   18   33   14   14   15   13   15   19   19   18   13   15   16   14   13   19   18   13   19   19   16   17   27   20   16   29   14   15   16   17   16   19   15   17   29   16   16   13   19   19   12   19   14   13   13   15   19   12   19   20   20   13   14   18   16   15   13   18   13   16   19   17   17   17   12   20   13   20   18   12   29   16   18   15   17   14   18   14   19   14   13   14   13   14   12   16   14   17   20   19   14   16   15   16   16   13   20   18   20   16   18   13   17   20   18   12   19   17   19   20   18   14   12   18   18   14   14   15   19   29   13   13   18   17   13   18   16   13   18   12   20   16   13   30   18   17   30   13   13   13   19   18   27   20   13   20   15   19   15   16   17   19   18   16   16   31   19   14   31   16   16   13   16   20   16   17   19   17   19   18   16   17   15   15   13   19   17   17   14   14   19   16   16   15   17   13   16   13   19   20   12   14   18   13   18   19   12   18   13   13   18   19   17   16   17   31   19   18   16   15   14   16   12   14   18   31   13   13   28   16   12   14   17   14   33   12   16   15   14   13   16   13   19   16   17   20   18   20   13   19   14   12   13   29   18   14   17   12   13   18   20   19   15   15   15   16   14   17   16   14   31   17   14   14   14   15   18   32   30   15   27   29   17   17   19   15   16   16   15   14   12   20   19   13   16   15   18   17   28   16   20   16   20   13   19   29   17   19   19   18   18   14   17   14   17   19   15   14   14   29   15   18   16   16   16   18   13   19   29   19   33   15   18   19   19   13   19   16   15   16   31   14   17   14   19   17   20   19   20   18   16   15   16   14   19   30   19   14   18   16   28   16   15   16   31   13   30   17   15   13   18   13   14   17   15   19   16   15   15   15   17   33   16   13   12   13   15   19   31   14   17   16   13   13   16   19   20   17   20   15   19   17   18   19   20   19   29   14   28   19   13   18   15   18   19   17   15   13   32   13   16   14   19   17   16   19   15   12   14   16   18   17   13   19   14   13   12   19   17   19   14   14   15   16   14
  17   25   18   68   20   26   27   26   25   69   19   19   71   22   17   22   25   20   19   27   22   26   27   72   18   27   59   23   21   19   19   71   20   17   18   60   27   18   23   70   18   20   26   18   21   19   17   19   17   21   20   27   18   19   17   19   17   64   26   22   18   20   71   19   27   18   21   23   18   71   19   17   21   22   27   25   22   26   25   26   19   26   23   67   22   17   27   19   24   17   17   27   22   22   22   27   26   23   26   22   20   19   20   18   27   17   67   18   19   19   23   24   55   18   25   63   26   23   58   18   27   19   18   21   21   20   21   24   18   26   18   19   19   27   24   21   27   25   27   17   64   61   17   24   59   56   17   19   21   70   21   25   22   20   25   27   27   18   23   27   24   20   18   17   17   23   23   19   63   22   19   17   23   55   25   22   27   26   25   24   21   24   25   21   24   27   19   19   27   25   25   22   18   19   19   22   20   64   19   24   17   26   22   23   23   19   21   23   55   24   68   26   26   17   23   18   22   22   71   19   23   19   21   19   27   27   20   25   68   26   21   25   19   22   21   27   19   19   19   18   70   25   27   19   19   19   24   22   25   18   24   60   27   24   26   20   19   17   27   19   26   60   21   22   20   17   22   19   27   24   18   24   17   21   64   23   20   26   17   22   56   59   24   18   69   18   17   26   17   20   18   17   71   24   18   18   20   18   63   18   22   27   17   22   19   23   21   27   27   59   23   21   58   17   25   25   20   19   71   24   27   21   20   22   23   21   18   27   27   20   27   24   24   18   23   22   26   19   18   24   22   23   60   19   24   26   17   26   22   18   26   20   20   25   20   65   19   23   18   24   19   26   17   20   26   27   25   26   20   68   20   20   26   18   18   17   18   23   27   17   21   18   19   26   68   21   20   20   72   19   26   18   18   17   22   72   23   19   21   26   26   22   26   26   25   20   18   26   26   23   21   20   23   21   27   22   23   25   22   21   24   27   27   26   19   19   26   21   26   22   18   19   23   59   23   25   17   22   24   26   58   17   18   17   21   20   23   19   17   18   25   24   25   25   19   65   56   25   21   18   18   21   17   62   25   22   23   26   25   18   24   17   26   20   18   25   26   18   17   19   26   22   27   19   25   25   22   26   69   26   24   21   24   20   72   26   24   23   27   17
  22   32   28   24   27   30   23   26   73   23   80   21   24   22   28   31   30   23   20   23   20   21   28   27   28   21   26   23   21   27   27   23   31   24   20   22   32   27   20   27   80   31   25   22   24   21   21   26   31   29   25   24   25   20   27   30   32   26   27   31   22   24   22   24   68   28   29   29   22   23   27   23   26   26   20   30   23   25   23   21   20   30   25   20   29   26   22   25   28   30   31   21   25   31   73   30   23   25   20   21   80   29   20   25   26   23   26   27   25   26   20   24   25   29   26   27   23   83   21   21   28   27   29   22   30   78   73   30   20   32   27   19   21   22   27   23   22   25   27   20   20   28   20   29   29   30   27   25   26   65   29   22   79   20   32   28   26   24   28   21   25   27   83   22   23   29   75   72   21   21   25   23   22   26   30   70   27   28   27   31   27   32   27   20   24   21   30   29   21   28   23   30   21   25   26   31   24   27   27   23   31   30   27   30   27   30   23   24   29   24   31   26   24   31   24   22   24   28   69   25   77   30   32   24   22   21   21   31   21   24   65   82   31   24   29   20   31   31   22   24   31   26   26   20   24   27   24   29   23   23   32   29   26   30   23   32   25   25   31   29   27   29   20   20   20   27   27   21   22   25   24   26   30   29   20   26   21   24   24   22   28   29   27   23   28   19   32   23   26   30   20   24   22   24   24   67   23   76   22   26   20   24   29   25   23   23   28   22   25   28   22   31   26   30   22   26   25   28   27   30   28   21   26   26   25   29   26   24   29   21   29   25   28   25   76   29   25   28   27   24   22   23   25   22   81   25   23   30   26   32   20   22   21   26   68   24   25   23   25   32   21   67   26   20   22   23   19   32   27   23   26   25   25   21   28   28   21   22   29   22   30   23   23   31   29   31   29   22   31   29   22   21   21   20   24   29   84   31   21   23   23   25   28   28   32   25   24   27   25   24   31   25   23   25   22   31   28   20   30   28   30   20   28   31   27   82   23   21   29   69   29   21   24   30   29   29   30   30   20   32   30   24   30   27   27   30   22   26   25   26   25   72   27   31   25   21   22   30   25   31   21   65   26   21   23   28   26   30   20   72   32   31   26   24   25   32   31   31   23   31   21   30   28   20   27   31   24   24   25   23   31   29   28   31   26   29   20   20   67   26
  35   14   20   19   31   17   16   33   17   15   14   21   17   21   30   17   18   19   20   18   16   13   20   13   18   21   14   17   19   19   14   16   14   21   18   30   15   16   31   14   20   18   35   15   21   18   17   21   13   33   15   21   14   17   16   18   17   15   19   21   21   18   13   19   18   18   19   33   20   14   18   19   17   18   18   15   14   17   15   29   13   21   30   21   17   14   19   21   18   18   14   18   15   33   21   34   18   19   17   17   14   19   18   19   18   14   33   20   16   19   16   20   18   21   16   15   18   16   17   18   15   15   19   13   21   21   15   19   16   20   31   19   13   20   18   18   17   14   18   20   19   14   16   20   17   15   18   15   18   19   18   16   21   31   17   16   14   19   16   30   17   15   21   33   20   19   19   20   18   16   18   15   29   17   29   21   30   16   17   21   17   20   21   20   14   20   14   30   15   20   30   21   17   15   20   21   19   16   21   16   14   16   21   21   21   18   15   14   21   14   14   14   21   18   15   30   20   20   14   16   16   14   14   31   18   14   20   16   15   14   17   20   29   21   21   16   18   31   18   15   20   17   15   18   17   15   16   15   18   21   21   19   16   16   14   15   18   14   14   15   19   17   21   18   16   20   18   17   15   14   32   18   17   20   16   20   18   17   15   16   14   13   14   15   20   33   19   18   19   20   20   21   20   29   29   15   19   15   21   14   21   15   20   19   21   18   31   15   20   16   17   15   13   21   20   18   15   14   21   17   14   35   15   19   19   20   19   19   14   15   21   21   19   31   15   18   16   14   33   21   21   17   17   13   19   21   17   17   21   16   21   18   19   15   16   19   21   17   15   14   16   18   18   13   20   13   20   15   29   16   15   14   16   14   16   19   20   16   20   17   21   34   16   15   31   19   18   14   21   14   16   21   18   17   15   16   19   18   16   21   18   18   21   15   18   17   20   20   19   21   18   31   30   15   14   13   34   21   19   15   21   21   19   35   14   16   15   29   19   20   15   18   14   21   17   20   13   21   19   21   31   14   18   14   21   17   21   14   18   14   15   35   13   14   15   17   19   14   20   20   21   18   14   16   15   14   21   21   16   20   18   20   17   15   13   21   17   15   14   14   30   15   14   19   19   21   20   15   20   16   19   16   16   16   13   16   19   16   15   13
  26   24   23   30   25   22   74   36   27   27   33   23   34   35   27   23   34   25   34   23   23   26   36   23   24   35   25   33   31   28   29   79   28   27   25   35   73   24   33   29   33   29   30   34   26   81   28   30   34   23   29   35   36   35   30   29   26   30   23   35   30   24   33   31   36   76   26   35   84   23   30   27   29   32   32   28   32   32   22   36   31   32   30   28   26   26   28   25   32   32   36   22   28   29   25   26   25   25   23   26   32   35   34   25   30   25   29   35   35   25   36   35   30   32   82   34   92   30   23   26   31   27   28   36   79   28   86   77   33   22   73   28   25   31   30   22   23   25   31   36   24   22   34   36   25   24   31   82   26   27   30   24   87   34   32   29   30   27   24   33   36   31   36   28   91   36   25   32   89   30   26   30   25   94   24   29   32   24   33   28   36   33   36   26   32   28   36   26   87   25   32   36   36   31   24   35   78   36   33   22   26   36   32   29   27   36   26   28   78   26   28   25   23   35   33   35   35   34   35   27   77   25   29   24   27   93   34   23   31   35   33   25   29   35   34   28   33   36   33   22   26   33   25   27   31   26   36   25   82   93   30   35   36   32   34   35   77   35   30   33   23   34   31   30   28   35   30   26   29   27   30   26   29   28   30   23   78   34   23   23   87   25   30   29   28   74   25   34   33   30   25   28   29   27   78   33   30   34   32   30   24   31   27   34   31   33   33   33   34   35   34   36   27   34   36   28   29   25   27   35   28   27   34   31   34   28   34   33   30   28   25   33   32   26   35   35   28   28   28   31   25   32   31   30   26   35   31   24   35   35   28   30   27   24   28   34   24   23   33   83   23   28   29   27   22   31   81   76   33   26   27   24   81   36   30   90   36   24   31   24   24   36   27   32   26   35   34   34   32   32   22   24   35   26   32   31   30   83   31   35   22   31   22   30   35   30   84   32   26   76   27   32   22   25   27   29   26   34   25   36   23   82   30   28   24   75   28   30   23   35   31   31   26   26   90   26   33   74   23   32   33   36   29   35   82   35   34   32   93   34   33   82   36   25   29   24   28   35   28   33   73   81   36   24   29   29   30   24   25   23   25   29   32   30   36   30   32   25   24   24   23   82   25   30   36   31   27   33   35   34   32   25   31   95   29   25   24   32   33   23
   7   13    6    6    7    7    5    5    6    6    6    5    7   11    8    7    7    8    7    8    7   11    6    7    6    7    6    6    5    5    7    7    8    7   11    8    8    6    5   12    6    6    5    7    8    6    6    6    5    6    7    7    8    8    7    6    8    8    8   12    8    5    5    7    7    7    7    7    7    7   12    6    6    6    8    7    5    7    7    6   12    8    8    6    5    7    7    8    7    7   12    5    5    8    6    7    5    6    6    5    8    8    6    6    7    7    6    6    6    6   11    8    8    7    6    7    6   11    7    7   11    7    7    6    5    7    6    6    5    7    6    7    8    6    6    6    6    6    5   13    8    6    8    7    7    8    8    6    7    8    7    7    6    6    7    8    7    6   11    7    5    7    6   12    7    6    6    7    6    5    5   12    7    5    6    7    7    6    5    6    8   11    7    6    5    5    6    6    7    6    7    7    7    5    8    7    8    7   11    5    7   12    7    6    6    7    8    5    8    8    8    8    5    8    7    7   12    7    7    5    6    6    8    5    7    5    6    7    6    7   13    5    7    6    6    6    6    6    5   13    6    7    6    7    7    7    8    7    8    7    8    8    7    5    7   11    8    7    6    7    7    6    7   11   11    5    8    5    7    6   11    8    6    8    6    8    6    5   12    7    7    6    7    6    6   11    8    8    8   12    6    5    7   11    5    5    6    6    8    7    8    6    7    6    6    6    6    8    7    7    8    6    7    6    6    5    7    7    7    5    7    7    7    5    6    6    6    7    7   13    5    7    7    6    7    7    6    5    7    6    8   11    6    8    5    8    8    5    6    6    6    5    5    6    6    6   12    6    7    5    7    6    6    6    6    6    6    6    6    5    8   13    8   12    7    6    6    6    6    7    7   12    6    7    6    7    6    8    5    6    6   11    7    6   13   12    5    7    6    6    7    6    8    6    7    5    6    6    6    7    8    5    8   11    6    7    6    7    6   11    8    5    7   11    7    8    7    6   13    6    8    6    5    7    6    6    8    5    8   11    6    8    5    7    7    8    7    8    8    7    6    6    7    5    7    6   12    6    7    8    7    6    7    7    7    7    6   11    7    7    7    6    8    5    6    6   12    7    7    6    7    8    5    7    7    6    6    7    8   11   11    6    6    5    7    6    6    8    7    7
  22   37   21   35   24   23   18   19   18   21   18   36   18   37   35   20   16   21   21   19   16   21   17   17   24   19   17   23   24   17   24   19   24   24   19   18   17   16   16   18   16   16   23   17   40   21   21   17   17   15   20   38   17   16   17   23   22   36   24   18   17   20   19   18   16   20   20   24   18   21   19   24   17   15   17   24   21   17   23   18   23   21   24   21   18   19   23   37   18   19   19   17   22   38   22   21   16   16   23   19   16   22   36   24   22   24   24   24   17   16   18   16   21   22   15   23   36   20   24   18   19   16   18   16   24   22   16   23   24   18   21   23   18   19   24   20   16   16   22   23   19   21   21   16   15   20   34   18   17   17   19   33   18   19   15   20   22   19   15   19   24   37   22   17   20   24   16   17   24   19   19   23   15   22   20   16   21   21   21   17   16   22   19   23   19   17   21   19   19   20   16   17   21   23   24   20   35   33   23   22   19   24   23   24   18   16   17   23   24   16   15   17   17   21   23   20   15   21   21   33   24   22   17   17   22   15   17   18   23   18   22   16   18   18   23   17   17   18   15   22   20   36   19   23   17   19   21   22   17   23   38   18   18   21   21   19   17   39   19   22   23   16   16   18   17   17   20   36   24   17   22   23   22   23   39   18   21   16   22   22   21   21   39   24   21   24   38   20   21   24   15   18   22   38   17   17   18   15   23   17   23   22   16   34   23   22   21   24   22   15   16   22   22   19   17   22   22   16   24   18   20   19   15   19   16   22   40   23   19   16   36   17   22   39   22   18   17   19   35   17   17   36   19   21   23   39   24   22   21   19   22   16   20   18   16   20   17   35   21   17   22   38   22   23   17   23   23   23   20   21   22   19   19   18   16   21   21   22   16   22   17   21   20   19   20   18   33   34   16   17   19   22   17   18   24   36   21   35   17   18   22   17   16   17   24   40   20   40   20   21   23   33   20   23   40   22   21   33   24   24   33   21   15   22   21   17   17   24   23   20   17   20   24   22   19   19   24   16   17   20   18   18   15   18   24   24   17   20   16   17   21   24   18   35   23   23   24   15   20   15   18   15   16   21   19   16   17   17   18   22   16   17   24   23   17   18   24   19   24   23   18   40   21   17   22   24   20   20   19   20   22   18   17   38   15   20   33   16   16   24
  13   25   14   13   14   10   15   14   13   14   13   14   24   14   21   21   14   23   11   15   13   13   11   15   21   11   13   14   14   14   15   14   22   10   10   15   11   15   12   14   11   12   10   10   13   14   15   12   13   25   15   25   22   12   15   10   10   12   13   15   23   13   14   11   14   10   14   23   15   10   15   15   22   13   15   10   15   12   10   15   23   12   12   13   14   25   12   15   10   15   13   14   13   11   13   13   21   15   14   11   23   10   12   15   15   10   24   12   14   14   10   10   15   15   13   23   23   10   15   10   11   11   15   10   23   13   24   22   13   12   21   13   10   10   13   11   11   11   12   13   15   14   15   10   15   15   11   10   15   15   14   10   11   12   12   14   15   10   13   14   13   10   11   10   11   13   10   12   13   22   14   12   11   14   15   14   13   12   10   13   14   10   15   13   10   14   15   11   14   21   10   11   12   15   12   14   10   11   14   13   15   13   11   10   11   15   12   15   13   14   12   13   10   12   10   10   10   14   10   21   11   21   14   15   14   11   23   10   15   24   11   11   15   12   14   15   21   10   24   10   21   14   12   12   11   10   24   10   15   11   21   14   12   11   23   11   25   15   11   13   12   11   15   15   11   15   13   13   11   22   13   10   15   14   13   10   14   21   11   10   15   15   12   10   12   14   22   10   15   11   12   25   12   15   11   11   12   15   13   15   11   14   10   21   11   10   11   14   10   10   23   10   13   11   12   21   10   13   10   10   11   11   11   14   11   14   15   12   11   15   23   13   10   12   14   15   15   13   12   14   15   13   13   23   12   13   11   12   10   10   13   15   10   12   12   14   14   14   12   13   14   14   12   14   11   14   10   10   12   10   13   10   15   13   12   11   10   13   10   10   14   15   13   13   10   11   12   13   11   14   10   13   13   14   15   14   10   10   13   10   12   21   11   21   10   14   15   14   13   14   12   12   12   14   10   10   12   13   24   10   12   15   15   14   12   15   10   10   13   11   11   15   23   15   11   12   10   15   11   11   13   14   21   14   14   10   13   10   11   13   14   10   21   11   12   15   11   15   15   10   10   13   22   11   14   13   15   12   14   12   12   12   13   11   12   23   12   15   14   15   14   10   15   15   11   11   25   10   13   15   13   14   15   21   15   13   14   11   12   13
  28   18   21   23   26   19   20   69   25   18   19   75   23   23   26   67   24   29   18   28   20   20   23   20   24   26   21   29   23   19   24   71   72   24   24   18   24   22   18   22   25   62   27   29   28   23   23   23   18   26   24   27   21   27   21   22   24   26   19   58   23   25   22   21   59   25   18   25   18   28   21   20   18   27   22   26   22   21   27   19   76   25   24   26   70   21   27   28   29   23   18   26   67   18   29   18   18   23   68   24   59   19   28   18   22   24   24   29   20   19   22   26   22   19   24   28   27   28   24   29   24   19   25   21   21   28   20   24   21   23   20   22   23   23   60   61   25   70   66   28   29   65   65   21   67   23   25   21   19   20   20   23   26   28   19   29   19   21   20   20   28   20   24   19   21   20   26   26   23   22   27   26   21   22   19   25   24   19   25   24   29   28   25   19   27   23   20   26   27   73   26   24   69   23   28   28   28   26   19   22   20   20   28   28   23   18   65   26   21   28   28   26   21   65   23   20   76   27   73   20   26   29   26   28   27   27   21   29   18   19   27   23   27   26   72   25   18   22   20   22   23   18   26   26   28   28   29   21   26   22   18   26   23   27   24   18   27   20   28   20   22   18   23   19   27   18   23   63   26   21   21   73   21   21   70   28   20   21   25   24   24   72   25   21   22   29   29   20   20   28   19   21   18   25   23   24   67   21   27   23   20   60   24   26   25   24   26   21   20   73   62   28   19   27   18   19   25   25   28   22   19   61   74   28   29   25   28   21   22   27   19   25   25   27   19   58   22   24   23   18   24   24   23   25   28   23   25   21   18   25   21   24   23   22   27   20   29   21   29   24   25   25   22   27   24   67   22   21   22   24   71   24   26   21   25   29   25   29   72   26   20   25   28   20   73   18   72   27   26   28   18   18   26   76   20   24   19   21   22   21   23   21   24   25   64   19   28   22   21   27   20   21   24   19   24   24   24   64   26   22   27   23   20   23   24   18   26   28   25   25   27   18   66   18   22   24   27   20   26   24   18   22   29   24   19   27   72   22   25   20   25   21   18   18   24   23   28   28   25   24   73   73   25   19   59   22   25   29   19   28   22   24   25   19   27   24   22   25   71   26   29   21   27   59   24   21   18   27   22   27   18   18   27   28   24   24   22   24   59   23
  32   20   25   30   33   29   24   33   23   22   25   23   21   77   30   27   24   24   28   33   24   25   23   28   23   28   26   30   21   26   20   25   31   33   30   29   24   22   21   30   21   23   81   29   28   27   20   31   22   24   33   24   84   33   30   21   25   24   25   33   25   23   28   78   32   28   25   22   29   23   31   20   80   28   29   23   30   25   21   32   32   29   72   28   32   25   22   33   23   21   33   28   31   23   27   29   29   31   23   87   33   21   79   25   21   27   27   21   25   32   29   21   29   30   29   31   33   32   23   30   31   26   22   33   26   26   24   33   30   20   31   87   28   24   25   32   24   29   30   28   24   25   24   22   25   26   31   28   25   78   23   31   72   28   27   27   31   29   21   25   23   22   31   33   29   31   21   32   26   25   29   33   25   87   29   27   33   27   24   26   24   27   22   32   32   31   21   23   23   70   26   28   20   29   21   30   24   24   25   29   27   27   21   22   29   24   30   27   22   30   32   85   24   29   25   28   31   30   26   30   31   30   24   31   24   27   32   21   30   21   21   24   28   25   21   22   24   24   23   77   29   27   21   87   29   26   27   22   27   26   25   26   73   27   22   67   26   25   31   30   21   26   30   26   88   25   25   29   22   28   26   33   23   88   27   33   31   26   29   23   30   27   21   22   32   73   75   79   25   84   31   24   32   26   32   30   21   28   33   22   24   75   20   26   23   28   23   24   21   29   33   21   25   24   81   25   30   30   21   68   23   21   26   29   26   29   24   27   29   32   31   26   26   24   24   21   25   24   32   30   31   23   32   26   27   27   27   27   29   31   23   24   31   30   26   24   27   30   30   71   25   31   27   21   23   21   27   26   29   23   23   26   23   31   33   24   30   25   73   23   27   22   27   76   76   75   30   24   31   22   29   25   84   82   24   33   26   33   29   24   29   21   31   27   24   32   28   29   25   69   22   22   31   31   25   22   33   23   71   22   25   23   31   26   22   21   27   30   25   80   30   30   30   30   27   25   26   23   75   21   25   20   24   23   23   21   33   31   32   21   27   24   20   23   73   24   33   25   30   31   29   25   26   30   30   30   77   23   26   28   21   22   26   25   27   29   25   23   28   27   31   21   22   22   26   26   25   27   33   31   29   30   33   27   24   26   28   27   25   30
  22   30   24   28   27   27   26   22   72   19   28   23   19   30   24   25   23   25   25   28   29   29   23   26   25   19   20   28   27   26   30   28   29   19   30   30   74   29   21   28   30   20   27   22   27   21   20   26   25   27   62   24   27   21   30   29   25   29   22   80   23   22   29   27   28   67   21   19   66   30   19   21   20   24   19   22   20   30   30   26   29   29   23   19   70   22   23   20   20   21   21   24   24   28   28   22   29   23   22   28   24   27   22   24   30   21   19   24   21   19   19   19   27   27   72   19   23   69   22   72   23   19   29   20   29   27   22   22   61   23   66   21   20   20   30   23   26   27   19   22   26   23   25   76   72   23   24   30   29   24   24   30   25   20   22   23   20   26   29   30   21   29   30   30   21   28   28   29   21   27   27   24   67   21   21   28   19   80   24   28   30   19   19   27   79   24   26   29   19   25   30   20   25   23   26   30   20   27   21   23   26   24   29   30   24   20   23   27   19   22   27   30   19   19   30   24   22   26   78   27   19   19   19   20   19   29   26   19   21   25   20   23   28   29   29   30   25   23   78   21   29   27   23   27   30   25   30   21   23   24   23   71   26   28   27   28   23   21   20   26   30   19   63   24   25   24   19   30   24   27   23   63   21   28   25   20   26   20   30   24   23   25   22   30   20   29   25   21   25   27   19   21   69   20   62   23   28   26   29   28   19   28   22   25   68   21   19   74   23   28   25   29   73   22   27   28   23   73   21   24   19   29   29   22   22   24   23   23   24   26   25   25   22   74   22   25   21   25   21   30   23   69   22   24   29   64   29   75   19   65   23   29   20   27   23   26   61   23   20   28   23   26   27   19   30   27   28   76   24   29   21   63   24   19   19   22   23   26   29   26   21   20   22   19   28   23   30   20   28   28   30   27   24   24   29   23   30   25   20   26   24   22   25   27   24   21   22   26   64   28   26   62   24   30   28   22   26   28   25   68   23   24   21   23   27   22   24   20   27   26   28   23   72   22   67   19   29   29   21   61   27   23   27   19   19   21   20   29   22   62   26   63   20   68   22   76   24   63   23   20   27   19   25   26   22   20   24   20   70   27   27   27   19   25   22   27   71   23   21   23   21   22   20   22   70   26   28   25   20   20   30   67   63   76   23   19   20   26   23   62
   6    7   13    9    7    7    7    6    9    6    9    6    9    6    9    7    9    6    7    9    6    8    6    8    7    7    7    9    8    8    7    9   15    6    9   13    6    9    9    7    9    8    6    9    8    8    8    6    8    8    9    6    7    6    9    6    8    9   15    9   14    9    8    9    6    8    9    6    9    9   13    8    7    7    8    9    8    9    7    6    9    9    9    9    9   15    9    9    7    8   14    9    9   15    7    9    6    8   15    7    7    9    7    7    7    9    6    9    9   14    8    9    9    7    9    7    7    9    6    8    7    8    9    9   14    7    8    9    8    9    9    6    6    8    7    8    9    6    9    7    9    7    7    6   15    9    6    8    8    9    7    8    9   15    9    7    8    8    9    7    7    9    7    7    7    9    6    9    9    8    9    7    7    8    8    9    9    9    7    7    9    6    8    9    9    9    7    7    9    8    6    9    6    6    8   14    9    7    7    8   15    8    6    7    8    9    9    7    7    8    9    9    8    9    8    7    7    6    7    9    9    7    8    8    9    9    9    7    9    8    9    7    7    8    6    7    7    8    9    9    7    9    7    8    7    7    8    6    6    9    8    8    6    6    9    7    6    9    6    6    7    8    9    7    8    7    9    9    9    9    7    8    8    9    9    9   15   15    8    7    7    6    8    9    8    7    9    9    7    8    8    9    8    9    6    8    7    9    9    9    9   13    7    7    8    6   14    9    7    8    7    9    8    7    8   15    6    7    7    6    7    7    8    6    7    7    7   14    9    7   15    6    7    7   14    6    7    9    7    8    9    8    9    6    6    9    9    8    8   15    8    6    7    9    9    6    7    7    6    6    7    7    7    9    6    7    9    9    8    7    8    9    9    8    6    8    7    9   13   15    7    8    8    7    8    6    7    8    9    9    7   14    7    7    9    7    8    6    9    8    6    6    9    9    8    6    7    8    8    9    8    9    8    9   14    7    6    8    6    8    8    8    8    9    8    8    9    6    7    9    9    9    6    8    8    9    8    9    9    9    8   13    9    9    9    6    8    9    9    6    9    9    9    7    9    7   14    6    9   13    9    7    8    8    9    6    9    8    7   13    9    7    8    7    8    6    9    9    9    8    6    8    7    8    9    7    8   14    8    8    8    7    9    7    7    8    8    9    7    9
  23   18   21   27   20   19   24   69   27   22   22   26   20   21   18   23   71   20   24   59   26   24   57   22   18   64   20   70   24   24   20   20   24   20   19   68   22   20   70   26   22   24   25   22   20   21   22   20   22   20   17   27   19   24   17   22   69   19   59   21   19   27   27   71   26   23   27   21   20   21   24   21   23   24   18   59   56   26   17   25   56   27   20   26   24   26   17   22   21   19   24   20   27   25   21   26   25   24   24   22   19   25   24   20   26   17   22   22   22   26   26   68   22   21   20   23   18   25   24   57   24   20   27   22   26   27   27   20   21   17   18   22   18   26   22   24   23   20   26   60   17   18   21   17   21   19   19   71   58   25   26   26   18   20   21   21   18   21   22   20   66   20   20   19   24   26   18   17   27   20   27   24   24   23   20   27   24   57   63   25   27   27   22   22   25   26   24   72   19   17   19   24   27   19   19   20   19   23   21   63   20   22   26   20   21   24   23   27   22   71   18   67   21   19   19   18   21   70   21   23   22   17   20   20   26   24   21   19   19   57   25   24   24   25   64   20   20   18   20   21   20   20   27   27   26   18   25   17   20   63   20   22   70   22   27   21   19   27   21   26   22   19   25   23   25   23   26   20   63   22   23   19   18   20   21   19   27   21   27   23   23   23   26   55   18   26   21   25   17   18   26   25   27   21   20   21   25   20   20   24   22   22   17   23   26   18   27   20   17   67   21   64   24   27   19   21   23   26   22   25   64   27   21   25   25   26   20   18   24   18   56   26   27   27   20   23   25   17   20   22   21   18   25   22   26   24   21   23   22   24   19   25   21   22   18   25   21   24   20   22   24   24   25   18   20   25   25   57   18   27   27   18   69   23   57   23   27   65   23   27   26   26   25   18   23   23   17   18   22   19   26   23   26   19   22   22   23   25   19   23   56   21   69   21   24   57   25   69   66   19   23   24   22   25   27   19   22   22   17   22   23   22   24   18   19   21   58   26   25   18   24   67   22   63   23   20   20   21   22   18   27   23   24   22   27   20   22   22   21   23   19   20   17   20   23   23   20   19   20   19   23   20   56   18   20   22   19   19   25   22   21   19   21   22   17   25   26   23   27   26   20   17   17   21   18   22   27   18   26   26   19   59   23   26   26   57   27   20   17   22
  14   11   14   10   15   14   14   15   15   21   14   13   15   13   15   10   13   22   14   12   15   11   14   10   13   13   10   10   13   10   10   25   12   12   15   12   12   23   11   15   13   22   12   12   12   15   10   14   10   10   15   12   10   12   15   10   10   13   11   13   12   13   10   25   10   13   14   13   10   14   11   13   15   13   23   23   10   14   13   21   14   11   12   14   11   11   12   15   15   21   11   10   13   15   15   14   12   13   24   14   10   21   11   14   10   13   21   15   15   24   13   13   12   11   11   15   21   12   10   15   13   13   14   25   11   13   15   12   14   14   12   14   13   10   13   15   13   14   24   15   10   12   23   10   14   15   13   14   24   14   15   14   10   11   14   12   15   15   15   11   11   15   14   10   21   11   11   25   11   11   13   11   11   11   11   11   14   11   13   13   12   11   13   12   14   13   12   10   12   11   12   12   13   15   15   10   10   11   11   14   13   11   14   14   24   22   15   13   14   10   14   15   11   15   12   10   12   14   11   14   11   11   15   24   14   13   12   10   14   11   10   12   11   12   13   11   10   14   12   11   12   15   11   10   12   15   15   10   10   14   24   11   13   10   15   12   22   13   15   11   24   12   10   10   11   12   23   15   10   13   12   15   12   10   14   13   13   10   25   12   14   11   21   13   13   13   15   11   13   13   15   12   10   14   14   22   13   22   21   10   14   15   10   13   13   13   11   12   12   11   12   11   12   12   10   14   12   14   12   15   14   15   10   15   13   23   12   14   22   13   15   10   10   11   12   11   11   12   12   11   14   14   13   11   10   10   25   23   15   12   10   13   10   15   14   10   14   13   24   15   14   10   10   11   13   15   13   11   14   12   13   15   12   10   10   12   13   12   14   11   10   21   11   11   12   12   14   24   12   13   14   13   13   15   14   13   12   12   11   15   14   15   12   12   14   12   13   22   10   11   12   15   11   12   15   15   15   12   11   13   11   15   13   13   14   10   14   10   14   10   14   11   15   13   10   13   15   15   13   14   13   24   15   13   14   12   12   15   12   11   22   12   11   15   14   12   15   24   10   14   15   24   24   10   10   13   14   15   15   13   10   14   25   14   12   15   13   10   13   12   10   14   11   10   14   10   12   11   15   14   15   13   22   10   11   12   11   15   25   25
   3    8    4    5    4    4    7    4    5    4    3    4    4    4    4    4    3    4    7    4    4    4    4    5    4    5    7    4    4    5    4    5    4    4    3    3    5    5    4    8    5    5    4    4    5    4    5    3    3    7    4    4    4    7    4    4    4    4    4    7    4    7    4    3    3    4    5    3    8    8    4    4    5    4    5    3    3    4    4    3    4    7    4    4    4    5    4    4    7    4    5    5    3    4    3    4    4    4    3    8    5    3    4    5    5    4    3    3    4    5    4    4    5    4    4    7    3    4    4    4    7    4    4    4    7    5    5    4    3    5    5    5    4    5    4    4    7    4    7    7    4    3    4    4    4    5    5    4    4    3    4    4    4    4    4    4    5    4    4    3    4    3    4    4    4    5    4    5    5    5    4    4    3    4    4    4    5    4    8    5    3    7    4    4    4    5    4    4    3    5    4    3    5    4    8    4    4    4    7    7    4    3    4    3    7    7    4    4    4    4    3    4    4    5    3    4    5    5    5    4    4    7    4    4    5    7    4    4    4    4    4    4    5    4    5    8    4    7    4    4    8    4    4    4    4    4    7    4    4    4    4    4    4    4    3    5    4    4    4    3    5    5    5    4    4    5    4    4    7    5    4    5    5    5    5    4    3    4    8    4    5    5    8    5    4    4    4    4    5    5    3    5    4    7    4    4    3    4    5    4    4    7    5    4    3    4    3    7    5    5    5    4    4    7    4    5    3    4    3    7    4    4    4    3    5    5    5    4    4    3    4    4    5    5    3    7    5    4    3    3    3    4    8    8    4    4    3    5    3    3    3    5    4    5    5    4    5    5    5    3    5    4    8    4    4    5    4    4    8    3    3    4    5    4    8    3    7    4    3    5    4    4    5    4    5    5    5    4    3    5    4    4    5    4    5    4    5    8    5    5    4    3    4    4    4    8    5    4    4    3    5    8    5    4    7    3    4    5    5    4    4    5    5    5    4    5    7    5    4    4    4    3    8    5    5    7    4    7    3    3    4    5    3    4    5    8    5    4    4    4    4    3    4    4    4    4    4    8    3    3    4    4    4    5    4    4    3    4    4    4    7    5    4    5    4    7    4    3    4    7    4    4    3    7    5    4    4    4    4    4    4    3    4    4    8    4    4    7    4    4
   3    4    4    3    5    4    4    3    4    3    5    5    3    3    5    3    4    4    4    5    5    4    7    4    7    3    4    4    4    4    4    7    4    5    5    4    7    4    5    5    4    5    7    7    4    4    3    5    5    4    4    5    4    5    5    5    7    4    4    4    4    3    4    7    4    5    5    5    5    5    5    5    5    3    4    3    7    4    3    4    4    4    3    4    4    4    4    4    5    4    4    3    5    8    4    3    3    4    4    5    4    4    3    3    3    3    4    7    3    4    4    4    3    4    8    4    4    4    4    5    4    4    4    3    8    5    3    5    3    3    3    5    4    3    5    4    4    7    4    4    7    3    4    4    5    5    4    4    5    5    3    3    4    3    7    3    3    8    5    5    5    4    5    5    5    3    4    4    5    3    3    7    4    4    4    5    5    5    3    3    4    7    3    4    4    4    5    5    4    5    4    4    3    3    3    4    4    4    4    8    5    4    5    4    4    5    4    5    4    4    3    8    7    5    4    3    5    4    3    5    3    5    4    4    4    4    5    4    4    4    7    5    5    3    4    4    5    5    4    4    3    3    5    5    5    4    5    4    5    4    4    3    3    4    8    3    5    3    3    7    4    7    3    4    5    5    7    8    3    4    5    4    5    5    5    4    5    3    5    4    5    4    4    5    4    3    4    5    4    3    4    5    8    5    7    4    4    4    7    3    4    4    8    3    4    4    4    4    8    5    7    4    4    4    5    7    4    3    4    4    3    4    5    8    4    4    4    4    4    4    4    8    4    4    4    3    4    7    4    5    5    4    5    5    4    5    4    4    4    5    4    4    7    7    3    4    3    7    4    4    7    5    7    5    4    5    5    4    4    4    5    8    4    3    5    4    4    4    4    5    4    3    7    4    3    3    3    4    3    5    4    4    4    4    4    3    4    3    5    4    4    5    4    8    3    5    5    3    5    4    5    7    3    7    5    4    4    4    3    4    4    4    4    4    3    4    7    5    4    4    4    4    8    5    4    4    4    5    4    4    4    4    7    4    4    4    8    5    4    3    3    4    5    4    5    5    4    4    3    4    5    5    4    4    3    4    4    7    4    4    4    5    4    3    5    3    4    4    3    5    4    3    4    7    4    4    5    3    8    4    4    5    5    5    4    4    5    3    5    4
  13   10    9   10   12   12   10   11   13   13   10   14    9   12   11   11   19   12    9   13   10    9   10    9   12   11   19   21   13   13   12   11   11   12   11   10   23   12   21    9   11   13   12   21   13   11    9    9   11   13   13   13   10   10   13   11    9    9   11   10    9    9    9    9   12    9   13   14    9   11   19   10   12   12   21   10    9    9   19   13   12   21    9   21   12   19   10   13   14   13   19    9    9   11   10   11   11   10   12   10    9    9   12   13   14   13   13   13   12   13   13   19   14   13   13   12   13    9   10   10   11   14   10   12   11   11   14    9   11   13   11   10   12   12   10   10   14   13   21   11   12   14   13   13    9   12    9   11   19    9   14   20   10   10   13    9    9   13   12    9   12   12   14   11   21   12    9    9   12    9   12   20   13   10   14    9   10   12   12    9   11   13    9   21    9   12   13   10   11    9   10   12   10   13   11   10   10   13   12   19   12   11   13   12   23   11    9   12   12   13    9   13   10   12    9   10    9   11   12   11   10   12   12   11   14   10   10   13   13   13   13   14    9   14   12   13   11   10    9   11    9   10   19   10   10   12    9   14   11   13   10   13   23   10   10   10   13    9   12   13   13   11   11   14   13   14   12   19   12   12   13   14   11   14   11   13   13   11   13   11   22   21   13   11   11   14   11   10   14   19   11   10    9   13    9   10   13   22    9    9    9   10   13    9    9   13   11   10   19   10   13   12    9   10   11   11   10   13   14   11   12   10   11   13   20    9   13   14   12   12   10   11   10   11   12   12   13   10   13   13   13   10   10   12   10   10   13    9   14   20   12   12    9   11   11   10   13   14   11   13   10   13   12   12   13    9    9   13   22   12    9   10   20   11   10   10   11   10   10   13   12   12   13   11    9    9   11   10   12   22   13   12   11   12   11   11   12    9    9   12    9   13   13   11    9   10   13   12   10   14   14   13   13   13   11   13   13   23   13   21   12    9   11   12   22   14   13   22   10   13   12   12   19   20   21   10   14   14    9   20   20   13   21   10   10   13   11   10    9   13   11    9   10   11   14   11    9   10   12   13   14   10   21   10    9   12   10   11   10   10   13   13   12   10   14   23    9    9   13   11   13    9    9   11   12   12   12   12   10   19   13   14   12   13   10    9   14   11   12   12
   8   11   11   10   19   12   10   12   11   12   12    9    9   20   10   11    9   11   10    9   12    9   12   11   12   10   12    9   12   12   11   11   10    9   12   10    8   11   11   11    8    8   11    9   10   18   11   10   10   10   11   20   11   10    9   20    8   12   10   10    9   18    9   11    8   10   11    9   11    8    9   10    9   11   11   10   12    8   11   11   18    9    9   11   11   20   12    8   12   12   12   11   11   11   12   19    8   17   12    8   10    9   12   12   11   12   11   10    8    9    8   17   10    8   11   11   10   18   11   10   12   17   10   12   10   12   12    8    9    8   10   19   18    9   19   18    9   17   20   12   11   17   12    9    8   12    9   11   10   10    8    8   11   11   19    8   10   17   17    8    9   10   12   10   18    9   17   11   17   12   11   12    8   10   10   12   10   12    9   12   10    9    9   19    8   11   12    8    9   11   10   20    9    9   10   12    9    9   10   11    9   10   10   11   19   12   10   11   11    8    8   10   10   11   11   12   11   10    8   18    9   10    9   11    9   10   11   10    9    8   10   10    8   12   10   11    8   12    9   11   12   12   10   11   20   12    8   11   10    9    8   18   11   12   12   10    8   17   10   18   10   12    9   10    9   12   11   11   10   12   10   12    8   10    8   12   11    9   10   11   17   11   10   11   20    9    8   11   10   10   10    8   10   10   10   11   11   11   12   10   12    8   17   12   20   12   20   20    9   17    9    9   10   20   12   12   10   12   17   11   11   12    8   19    8   12   11   17   12   10   12   12    8   19   12   11   10    9   10    9   10   10   10   17    9   10   12    9   12    8   12   12    9   19    9   12   10   12    9    9    8   10    9   10    9   10   18   11    9   11   11    8   10    9   11   10   20    8   11    9    9   11   12    8   11   10    8   10    8   12   10   12   10   10   10    9   10   10    8    8    8   11   10   11   12    8    8   10   10   12    8   11    8   11   10    9    8    9    9    8   11   11   12    9    9    9    8   17   12    9   12    8    9    8   11    9   11    8   18   11    9   10    9   10    9   11   10    8   10    9   10   10   12    8   10    9    9   11   11    9   11   10   11    9   12   11    9   12   10    9   11   11    9    9   11   10    9   12    8   11   12   12    8   10    8    9   12   12   18   11   11   10   10    8    9   12   11   12    8    9
  33   14   14   13   30   14   18   15   19   20   15   18   17   14   19   14   19   18   17   14   31   14   15   18   18   14   16   14   19   19   15   20   28   33   18   12   17   14   20   15   16   16   15   15   17   15   18   13   17   13   20   14   14   14   18   31   19   29   17   16   16   19   29   17   16   14   30   15   16   17   18   15   19   16   31   15   18   20   19   19   17   15   13   20   14   18   16   30   18   15   15   19   13   17   19   13   19   18   16   15   19   17   14   16   18   15   29   18   14   18   16   18   20   19   18   13   14   14   32   14   27   12   18   30   17   14   16   13   20   17   15   13   18   16   16   18   13   13   13   13   32   12   15   16   18   20   15   30   16   16   16   19   16   14   12   14   20   19   15   16   17   14   30   28   19   15   19   13   15   15   20   17   16   32   15   17   12   17   33   13   19   17   19   15   15   18   19   20   14   15   12   16   33   14   20   15   13   13   19   18   19   16   13   16   16   20   29   29   13   15   17   14   19   16   32   13   30   13   27   14   15   13   13   19   19   18   14   14   14   20   19   19   18   18   12   14   18   20   15   13   28   14   17   20   17   14   18   20   19   19   13   14   16   13   15   13   13   15   17   15   19   17   14   18   17   13   17   20   15   18   13   13   14   17   13   19   14   19   16   16   14   18   18   33   14   16   15   19   20   31   17   32   14   16   17   16   19   17   13   17   19   19   13   13   14   30   18   13   18   14   20   18   18   15   18   17   14   12   19   15   18   18   15   14   18   18   13   16   19   18   32   14   15   31   27   16   17   33   16   16   17   14   19   19   18   20   14   30   13   17   20   14   18   14   16   16   19   18   18   20   18   17   31   18   15   15   17   13   20   17   16   17   13   17   20   20   13   18   19   32   13   30   28   30   18   15   13   17   13   16   14   17   30   15   33   20   28   15   15   16   15   19   17   16   13   14   16   18   31   16   16   17   18   15   19   19   16   19   14   15   19   13   16   13   31   19   15   18   15   18   15   14   15   31   32   15   19   30   19   31   16   19   32   17   14   18   14   14   13   19   19   28   13   19   17   19   12   18   13   18   12   32   20   14   14   17   19   14   15   15   17   13   15   18   18   14   17   14   15   16   16   27   18   13   15   16   18   15   18   13   19   17   14   17   20   13   19   17   28   30
   8    7    8    8    8    7    9    7    8    9    9    6    7   14   14    9    8    8    6    8    6    7    9    8   15    9    9    8    6    7    9   13    8    8    6    9    6    9    6    8    8    8    9    8    9    8    7    9    8    6    9   13    8    9   13    9   15    8    8    7    7    8    6    9    8    7    7    6    6    8    9    7    9    8    8    9    9    8    9    9    8    9    6    9    7    7    8   15    7    9    9    7    9   13    8    6    7   13    8    9    6    9    9    8    6    6    9    7    8    7    9    6    9    9    6    8    9    8    9    7    7    9    9    6    9    6    9    7    8    6    8    6   15    6    7    8    9   14    8    6   13    8    8    7    7    9    7    8    7   15    9   13    8    9    7    9    7    7    9    7    9    8    9    7    8    6    8    8    8    6   13    8    8   13    7   13    9   15    8    7    6    7    6    8    9    9    8    9    7    8    6   14    8    8    8    8    8    6    8    9    6    6   14    8    6    7    8    6    8    7    8    9   15    9    6    7   15    6    8    8    6    8    6   14    9    9    8    8    7    6    8    9   13    7    7    8    7    9    8   13    7    8    6    8    9    9   13    7    7    8    7    9    8    7    9   15    7    6    9   15    7    7    9    7    8   13    9    9    8   14    7    7    8    9    7    9    9    7    7    8    7    8    9    7    8    7   13    8    9    8   14    9    8    7    9    8    7    8    9    6    6    6   14    9    7    8    8    8    8   13    7    8    8    7   15    6    9    7    8    8    8    8    9    7    9    7    8    9    6    7    8    6    7    9    8    9    8    9    6    7    8    8    8    9    9    8    8    9    7    6    8    9    8    7    9    8    9    6    7    9    7    6    9    9    7   15    7    9    7    8    7    9    9    8    8    7    8    6    8    8   14    8    7    9   14    9    7    7    9   13    7    8    6    9    8    8    6    7    7    7    8   13    7    6    8    6    7    9    8    7    8   15    8    6    6    7    6   13    8    7   13    9    6    7    9    7    9    7   15    7    7    8    8    8    7   14    8    7    9    7    6    6   14    7   15    9   15    6    9    6    7    9    8    7    9    6    6    8    6    6    9    7    8    7   15    8    7    9    8    9    9    7    6    9    7    7    9   13   13    9    8    7    7    9    8    6    9   15    8    9    9   15    6    9   15    8    9    9    9    7
  19   17   17   34   21   29   20   18   19   20   16   21   21   18   29   18   14   33   19   20   17   14   21   17   18   14   21   20   20   19   20   19   18   16   17   16   21   31   35   18   20   19   33   18   31   15   15   17   21   31   21   15   13   14   19   16   17   18   14   16   16   21   18   18   21   17   20   19   21   19   15   35   21   14   16   21   15   30   20   20   33   15   20   19   14   20   16   15   19   14   16   13   17   17   19   18   20   21   16   17   13   16   20   31   19   17   21   19   20   15   21   18   18   18   35   13   20   20   19   17   19   15   29   21   17   21   14   20   19   14   30   18   13   14   14   13   20   15   20   21   16   21   13   17   19   35   19   16   18   15   20   15   21   14   20   20   32   15   21   18   14   20   19   13   16   15   18   19   35   33   18   17   17   19   14   17   20   15   21   18   16   19   20   16   20   16   31   16   14   14   14   29   17   17   19   15   21   17   17   19   21   21   15   19   14   20   19   16   18   17   17   21   31   14   16   16   16   14   20   20   19   15   14   16   31   18   21   19   14   16   20   17   14   15   14   18   17   18   14   17   16   20   19   14   15   20   20   14   13   16   18   15   14   18   15   33   16   21   15   14   18   32   19   20   34   14   17   20   15   16   29   14   14   16   20   18   30   21   21   20   19   15   33   19   21   17   20   13   15   32   17   21   17   14   15   21   16   16   18   29   18   16   17   16   21   19   16   18   19   17   31   17   20   16   14   18   17   14   15   21   21   16   16   19   20   16   16   18   14   20   15   21   15   15   29   14   35   35   18   14   20   14   19   18   19   21   31   15   18   21   19   17   17   21   20   19   14   20   14   18   15   20   21   15   21   18   17   19   18   17   20   21   17   14   14   16   17   16   17   16   16   15   33   15   20   19   19   16   20   16   20   14   19   21   21   30   16   21   21   13   21   16   20   21   18   14   30   15   18   21   15   20   17   14   18   33   19   15   14   34   18   21   33   16   20   18   20   21   17   20   18   18   14   13   21   20   17   17   18   21   14   19   30   21   17   19   34   33   15   18   16   19   17   13   15   20   19   30   20   14   17   19   19   18   31   16   20   17   15   34   15   21   16   18   14   18   30   20   15   16   17   14   21   19   16   20   18   19   14   16   16   18   13   20   16   21   13   21   13   13
  14   14   13   12   15   15   10   17   12   12   13   17   15   24   13   17   11   13   24   12   16   12   12   11   12   16   27   14   15   16   17   17   17   13   12   16   17   17   14   16   11   13   24   15   13   15   16   15   11   15   15   13   16   11   12   13   12   14   11   11   14   27   15   13   15   14   12   15   15   25   12   13   12   13   12   13   14   15   12   17   16   15   17   16   26   13   11   14   11   11   15   11   11   24   17   13   13   16   11   15   15   11   10   13   15   15   16   17   16   12   17   15   14   13   15   16   13   16   13   15   15   13   13   10   24   25   11   14   17   25   13   16   27   16   15   13   12   14   15   11   16   11   14   27   11   14   13   11   23   12   11   12   13   13   14   16   24   12   16   23   14   14   11   15   15   11   12   16   15   26   13   14   12   14   11   14   12   14   17   17   14   16   15   13   13   11   16   13   16   13   15   14   12   16   16   16   13   16   17   11   14   15   13   11   14   25   12   16   12   25   14   13   13   15   14   13   11   12   24   11   15   12   15   14   15   16   17   11   15   15   11   13   17   17   15   16   17   12   28   17   14   25   13   11   15   13   14   11   25   11   14   16   15   23   13   23   12   12   12   15   25   15   13   13   11   14   14   14   17   16   15   13   15   26   17   14   13   11   14   14   12   25   17   27   13   25   13   12   14   13   13   16   12   15   11   14   14   28   13   14   12   11   15   15   13   17   17   11   11   12   16   15   11   15   14   14   11   17   12   13   11   15   13   23   11   13   13   27   13   14   16   15   16   16   16   11   13   12   12   11   12   15   10   13   13   11   17   11   16   12   12   12   13   17   14   16   15   27   27   13   13   11   14   14   16   13   15   11   14   14   15   12   26   15   16   15   12   12   15   16   14   15   23   16   15   14   15   16   16   12   12   17   12   17   14   16   13   14   15   14   14   15   11   16   14   13   12   17   13   15   13   16   16   15   15   15   16   16   17   15   13   17   16   14   14   24   17   15   10   12   11   17   15   12   12   14   15   13   14   14   16   13   27   14   25   14   28   12   12   11   15   12   14   15   13   26   16   13   23   14   12   17   11   11   13   14   23   16   25   15   14   14   16   12   12   12   13   14   13   13   14   17   11   15   12   13   27   15   14   27   12   13   15   12   14   16   15   12   28   11
   9    8    8   10   17   15    8    7   10    9   10   11    7    8    9    8    7    8    7    8   10   16    9   10    9   15   17    8   10   10   17   16    8    8   11    9    7   10    7    7   10   15    9    8    9    8    8    7   15    9    9    9    9    9   11   17    9    7    8   10   10    9   10   18   17    9    9   11    7    9   10   16    7    7    9   11    7    8    8    8    8   10    8    9   10    9    7    8   16   10    9   10   11   10    8    7    8    9    9    9    8   11   17   10    8    9    8    9    8    9    8    9   16    8   10   10   10    7   10    8    7   10   10    8    7   11    7    9    8    8    8   10    9    8   10   10    8   10    7    7    9   11    9   10    8    9   10   10    8    9    9   10    7    8    8    7   15    8   10   10    8    9    8    7    8    7    7    7    9    7    9    8   10   10    8    7    7    8   11   10   10   10   11   16    8    8   18    9   10   10    9    8    8   10   11   10    8   11    9    8   10   10   10   10   10   10   10    7    9    7    9    8    8    8    8    8   16    8    9   11   10   10   10    7   10   15    9    7    7    7   17   11    7    8    9   11    7   10    7    7    9   10   11   10    8    9    9    8   15    7    8    9    9    8    8    9    9    9   11   11    9    9   10    8    7   10    9   10   11    7    7    9    9   11    9    8    9    9   10    9    7   10    8    8    7    8   10    9    8   15    9   10    7    7    9    8   11    9    8   17   10    8   11    8    9    7   10    7   16    7    7   10   11   18   10    8    9   10    8   17    9   11   17    8   11    9    8   10   17    8   11    7   15    9   15    7    7    8    8   11   10   10    7    9    9   11    9    9   15    8    8   11    8    9    7   10   10    7    8   10    9   11   10    7   10   11    9    8   11    7   10   10    8   16    8   10    8    9   11    9    8    9   16    9   11    7   17   11   10   18    7   10   10   10   10   10    9    8    8    9   10   10    8    7    7    9   10   10    8    8   10   10    8   10    8    8    9    7    8    7   10    8   10   10   18    8    8    9   10    8   10    9    9    9   11    8   16   11    8    8    7   11   10    8   10    7    8   18   11    9    9   17    7    7    9    7    9   11    7    9   10    7   10    8   11   11   10    8    9   15    7    9   15    9    9   10    8    8   10   10    9    9   17   10    9    9    8    9   10    8    8    9   10    8    9    8   10   16   17   11
   7    9   10   10    8    8   10    9    9    9   11    9    9   15   18    9   11    7   16    7   16    7   10    9    9    7   15   10    9    8    8   17   10   11    9    8   10   10    9    8    9    8    8    8    9   11   11    9    8   10    9    9   10    7    8    8   10   10    9    9   10   10   10    9   10    8   10    9   10   18   10    9    9   16   11    9    8    8    8    7   16   11    8   11   11    7   10   11   10   10    9    8    9    7   10    9   11   10    8    8   16    8    7   11   16    9    7    9    7    9    8    8    7    8    9   15   10    9   10    7    7   10    9    7    8   10    9    8   10    9    7   10   11    9   11    7    8   10   10   10   10   10    9   16    8    8    7   10    7   18    9   10   11   10   10    7    9    9    8   10    8   17    7   10   11    9    8   11    7    7   11    8    8    7    9   11    7    8   10   10    9    8   10    8   17   11   11   10   11   10    7   17    8    8    9   10    7   11    8    8   10    9    9   11   17    9    8    9   10   11    7    9    7   10   10    8    7    9   10    8    9   10    8    8    9    9   10    8   16    9   10   10    8   10    9    9    9   11   17   11   11   10    9   10   10   11    9   18   11   16   10    8   17    9    9   15   11    9   10    9   11    9    7    8   10    9   11    7    7   15   11    9    9    7   11    9   11    8    8   10    9    8    8    8   10   10   10   11    8   10   10    8    8   10   10    8    8    8    8    8    8   17    9    7    8   10    7    7   17   10    7    9    8    9    9   10    8   10    9   11   11    9   10    9    8    8   11    9    9   15   10    9   10    8   15   10   10   16    8    7    9   10    8   11    8    8    7    8    9   17   11    9    8    8   10    8   11   10   11    7   11    8   16    8    9    9   11    9    7   11    9    8    8   16    8   10    8   15    9   10    7   11    9    8    9   11    7    7    8    9    9   10   11    9   10   16    8   15    7   10    8    9    8    8   10    8   11    7   10    8    7    8   11   11    9   10   15    9    9   11    9    8    9    9   11    8   11    7    9   10    7    8    7    9    7   10    8    9   10    8   15   15   16    8   11    7   11    9   15    8   16    7   10    9    7    7   11   10   10   10   10    7   10   10   10   10    7   15    8   15   10    9   10   11   10   11   10    8   15    8    9    8   10    8   11    8    8    9    9    9    8   16   10   11    8    7    9   17   11    9
   9    6    7    9    6    9    8    7    8    7   14   15    7    6    7    9    8    7    9    8    9    7   14    8    7    7    8    6    9    6    9    9    8    7    7    8    7    8    7    6    7    7    7   15    8    7    7    9    8    6    6    6    9    9    8    6    7    7    6    8   13    8    9    6    9    8   13    9    8    8    7    8    9    6    8    9    7    8    7    8    6    8    6    7    9    7    8    7    9    9   13    9    8    9    9    7    9    8    7    7    8    9    8    8    7   13    8    7    6    8    6   15   14    8    6    8    8    9    7    7   14    8   13    7    7    9    7    8   14    8    9    8    7    7    9    9    6    9    9    9   13    9    7    9    9    9   14    6    6    7    8    8    8    7    7    7    9    8    7    9    9    9    7    7    6    8    8    6    8    8    7   14    8    9    6    7    9   13    9    8    8    9    6    7    6    6    8    8    7    6    7    8    8   15    7    6    9    7    8    8   13    7    7    6    7    8    8    7    9    8    7    6    9    9    6    6    8   13    8    6    7    9    7    8    9    9    8    7    9    7    6   15    8    9    9    7    8    6    9    6    6    7    8    7    8    6    8    8    9    8    7    8    9    7   15    6    6    8    8    7    7   15    9    7    9    7    9    9    8    8    9    9    8   13    7    9    9    9    9    9    8    6    9    7   13    7    9    7    8    6    8    9    7    8    9    7    8    6    7   15    6    7    9    7    8    6    7    8    6    6    9    8   14    7    9    6    9    9    9    7    6    9    7    8    7    7    8    9   13    9   14    7   13    9    8    8    7    8    7    9   15    8    7    9    7    7   14    9    8    8    9    8   15    6    6    6    9    7    7    8    7    8    8    9    9    8    8    7    6    7    7    8    9    7    9   14    6    8    6   15    7    7    6    9    8    9    9    9   14    9    6    8    7    9    7    6    8    7   15    8    9    8    7    6    8    7    9    7   14    8    8   14    7    8    6    6    7    8    8    7    7    6    9    9    7    6    8    9    8    6   15    8   14    7    9    7    8    7    8    9    8    8    9    7   13    7    7    9    7    8    8    8    6    7    7    9    8    7    7    8    8    8    6   14    8   15    9    9    7    9    7    6    9    8    7    8    8    6    9    9   14    7    9    8    8    8    8   15    7    8    8    7    8    6    7   14    8    8    9    6
  13   11    9   10   10   14   11   11   10   12   11   13   13    9   11    9   12   13   14   21   12   14   10   11   10   10   12   12   21   20    9   10    9   10   10   12   12    9   12   13   10   21   12   10   10    9   10    9   12   11   11   10   10   12    9   12   10   11   11   14   12   12   12   14   12   12   12   10    9    9    9   10   13   13   14   10    9   20    9   13   22   10   10    9   19   12   11   14   10   22    9   12   12   21   11   11   13   14   10    9   14    9   10    9   10   13   12    9   12   21   11   11   13   14   23   14    9   12    9   20   12   14   13    9   12   11   12   11   13   14   10   12   13   14   12   10    9   20   11   13   11   11   10   12    9   10   22   14   11   13   12   14   12   11   12   13   13    9    9   11   11   11   11   13   10   11   11   11   13   22   13    9   12   13   12    9   12   20   10   10    9   11   12   13   10   10   23    9    9   13   19   14    9   12   10   13   11   10   19   11   10   11   10    9   10   11    9   10   10   12   22   12   11   11   19   13   13   12   13   21   13   13   10   10    9   13   10   12   13   11    9    9   10   14   10   10   11   10   10   13    9   11    9   14   22    9   13    9   11   12   23    9   13   13   14   11   21   10   13   12   12   11   12   14   20   11   12   10   13   11    9    9   21   21   12   10   13   10   12   13   11   10   21   12   11   12   13   11   13   12   13   20   13   21   10   11   20    9   13   13   21   12    9   10   13   10   10    9   10   13   13   22   13   11   11   21   23   19   12   13   10    9   12   11   11    9   11   14    9   11   10   14   14   13   21   19   10   11   12   13   13   22   11   21   12   10   14   10   14   14   21   10   12   19   12   14   12   13    9   13    9    9   12   12   11   11   13   13   12   10   13   13   19   10    9   23   12   10   19   12    9   21    9   12   11   13   12   12   12   14   10   11   10   12   12   14   10   13   13    9   13   12   13   12   13   12   11   12   10   10   11    9    9   10   14   10   20   11   14    9   14   13   10    9   22   13   12   12   12   20    9   10   13   13   13   11   12   20   11   12   12   11   12   11   11   12   19   10   14   10   11   10   13   12   12   13   10    9   12   20   12   11    9   12   10   12   13   11   19    9   12   12   12   10   10    9   12   12   12   13   20   10   12   14   13   10    9   10   14   13    9   13   10   12    9   12   10   12   10   12
   9    9    7    7    9    8   10    9   11   10   11    8    7    7   10   11    7   10    9   10    8    9    8    8   10   17    9    9   17   10   15   10   10    7    8    9    8   11    7    9    9    9   11   11    7   10    7    9   11    9    8    9    8   10    8   10    7    9    7   17    9    7   11   11    9    8   11   10   10    9    7    7    9    9   11    9   10    9   10    7    9   11    8   10    8    7   16   11    7    9    9   16    8   10   10   16   11    8    7   10   10    8   17    7    7   11   10   17    7    8    8   15   15   11    7   10    8   10    9    9    7    9    7    9    8   10   10    9   10    9    8    8    8   11    8    7   10   11    8    8    7    8    9   10   11    7    9   11   11    7   11    7   11   10   11    8    9   11   11    9    7   11   17    9   15   11    9    9    8    7   15    9    8   10   10   11    7    9    7    7   10    8   11   11    9   11   10   10   11    8    8    8   10   18    8    8   11   11    7    7   11    8    8   10    7    9    8    8    8    7   10    9   11   16   10    7   11    8   10   11    9   10    9    7    9   15    7    7   10   10    9   10    9   11    8    8   18   10    9    8   10   11    9    8   16   11   10   11    9    8    7    8    7   10   10    8    8    9   17    7    9   10    7    9    8    9    8    8    9    9    9    9   16    7   10    8    7    8   10    7   11   10    9    7    8   11   11    9   10    9   10    9   11    9   11    8   10    9   10    8    8   10    8   11   18   18    9    8   10    8    8   10    8   10    7   10   10    8   11    7    9   10    8   10   10   16    9   10   10    9    8    7   17   18    8    7    8    7   10    7    7   18    7   11   11    7    9   10   10    8    7    8   10   10    7    9    8    7    9   18   11    8    7   11   10    7    8    9    7    9    7    9    8    8   10   15    8   10    9   10    9   16   18   15   10    9   11    9    8    7    9   11    8    8   10    7    9   10   11   11   10    9    7    7    8    7    8    9   16   10   10    9    8   10    8   10    8   11   10    7   10   10   11    8    8    9    8   10   16    8    9    9    9   11   10   17    8   10   10    9   10    9   18   15   16   17    9   15    8   10    8   15    9    8    9   10    9    9   10    8   18   17    8    9   10    8    9   10    9   11    7   10   10   10   10    8    8    8   10   10   17    9   10    8   11    9    7    8   15   11    7    7    9   10    8   10    9   11    9   17
