spsp
18
2
500
61 50 5 41 43 39 45 38 2 21 39 12 11 17 61 36 15 17 
68 60 14 54 55 53 52 44 8 33 47 19 16 29 66 46 22 25 
10 10 
0.002 0.002 0.002 0.002 0.002 0.002 0.002 0.002 0.002 0.002 0.002 0.002 0.002 0.002 0.002 0.002 0.002 0.002 0.002 0.002 0.002 0.002 0.002 0.002 0.002 0.002 0.002 0.002 0.002 0.002 0.002 0.002 0.002 0.002 0.002 0.002 0.002 0.002 0.002 0.002 0.002 0.002 0.002 0.002 0.002 0.002 0.002 0.002 0.002 0.002 0.002 0.002 0.002 0.002 0.002 0.002 0.002 0.002 0.002 0.002 0.002 0.002 0.002 0.002 0.002 0.002 0.002 0.002 0.002 0.002 0.002 0.002 0.002 0.002 0.002 0.002 0.002 0.002 0.002 0.002 0.002 0.002 0.002 0.002 0.002 0.002 0.002 0.002 0.002 0.002 0.002 0.002 0.002 0.002 0.002 0.002 0.002 0.002 0.002 0.002 0.002 0.002 0.002 0.002 0.002 0.002 0.002 0.002 0.002 0.002 0.002 0.002 0.002 0.002 0.002 0.002 0.002 0.002 0.002 0.002 0.002 0.002 0.002 0.002 0.002 0.002 0.002 0.002 0.002 0.002 0.002 0.002 0.002 0.002 0.002 0.002 0.002 0.002 0.002 0.002 0.002 0.002 0.002 0.002 0.002 0.002 0.002 0.002 0.002 0.002 0.002 0.002 0.002 0.002 0.002 0.002 0.002 0.002 0.002 0.002 0.002 0.002 0.002 0.002 0.002 0.002 0.002 0.002 0.002 0.002 0.002 0.002 0.002 0.002 0.002 0.002 0.002 0.002 0.002 0.002 0.002 0.002 0.002 0.002 0.002 0.002 0.002 0.002 0.002 0.002 0.002 0.002 0.002 0.002 0.002 0.002 0.002 0.002 0.002 0.002 0.002 0.002 0.002 0.002 0.002 0.002 0.002 0.002 0.002 0.002 0.002 0.002 0.002 0.002 0.002 0.002 0.002 0.002 0.002 0.002 0.002 0.002 0.002 0.002 0.002 0.002 0.002 0.002 0.002 0.002 0.002 0.002 0.002 0.002 0.002 0.002 0.002 0.002 0.002 0.002 0.002 0.002 0.002 0.002 0.002 0.002 0.002 0.002 0.002 0.002 0.002 0.002 0.002 0.002 0.002 0.002 0.002 0.002 0.002 0.002 0.002 0.002 0.002 0.002 0.002 0.002 0.002 0.002 0.002 0.002 0.002 0.002 0.002 0.002 0.002 0.002 0.002 0.002 0.002 0.002 0.002 0.002 0.002 0.002 0.002 0.002 0.002 0.002 0.002 0.002 0.002 0.002 0.002 0.002 0.002 0.002 0.002 0.002 0.002 0.002 0.002 0.002 0.002 0.002 0.002 0.002 0.002 0.002 0.002 0.002 0.002 0.002 0.002 0.002 0.002 0.002 0.002 0.002 0.002 0.002 0.002 0.002 0.002 0.002 0.002 0.002 0.002 0.002 0.002 0.002 0.002 0.002 0.002 0.002 0.002 0.002 0.002 0.002 0.002 0.002 0.002 0.002 0.002 0.002 0.002 0.002 0.002 0.002 0.002 0.002 0.002 0.002 0.002 0.002 0.002 0.002 0.002 0.002 0.002 0.002 0.002 0.002 0.002 0.002 0.002 0.002 0.002 0.002 0.002 0.002 0.002 0.002 0.002 0.002 0.002 0.002 0.002 0.002 0.002 0.002 0.002 0.002 0.002 0.002 0.002 0.002 0.002 0.002 0.002 0.002 0.002 0.002 0.002 0.002 0.002 0.002 0.002 0.002 0.002 0.002 0.002 0.002 0.002 0.002 0.002 0.002 0.002 0.002 0.002 0.002 0.002 0.002 0.002 0.002 0.002 0.002 0.002 0.002 0.002 0.002 0.002 0.002 0.002 0.002 0.002 0.002 0.002 0.002 0.002 0.002 0.002 0.002 0.002 0.002 0.002 0.002 0.002 0.002 0.002 0.002 0.002 0.002 0.002 0.002 0.002 0.002 0.002 0.002 0.002 0.002 0.002 0.002 0.002 0.002 0.002 0.002 0.002 0.002 0.002 0.002 0.002 0.002 0.002 0.002 0.002 0.002 0.002 0.002 0.002 0.002 0.002 0.002 0.002 0.002 0.002 0.002 0.002 0.002 0.002 0.002 0.002 0.002 0.002 0.002 0.002 0.002 0.002 0.002 0.002 0.002 0.002 0.002 0.002 0.002 0.002 0.002 0.002 0.002 0.002 0.002 
  19   31   20   24   18   27   28   26   26   19   29   17   17   17   22   28   29   22
  42   48   37   39   50   47   48   44   42   35   32   40   40   30   43   37   31   31
   2    5    6    7    2    3    4    3    6    3    9   10    3    7    5    4    9    4
   6    2    6   10    9    9    2    9    5    5    6    8    6    4    6    7    9    6
  15   18   11    6    4    8   10   16   16   16   20    8   19    6    6   17   15   15
  10    6    8   14    6    4    5    3   10    3   11    9    6    3   15    6   11    3
  21   15   16   33   23   15   17   21   21   23   15   18   23   17   20   20   18   16   18   22   19   33   19   15   22   17   14   20   22   18   22   36   18   21   35   18   17   20   20   14   17   16   22   37   17   15   34   17   36   17   15   15   21   18   15   21   17   15   17   22   23   22   16   23   18   15   15   22   19   14   21   22   18   19   18   22   20   32   23   14   18   20   14   18   23   19   20   19   21   16   16   35   23   19   23   20   18   20   17   22   18   22   19   21   22   21   22   20   15   19   20   21   17   17   18   22   18   15   18   19   16   18   14   16   22   36   15   19   15   19   19   23   22   17   16   36   14   20   17   21   18   18   18   17   17   19   19   22   17   23   22   16   21   15   33   22   23   21   32   16   14   20   21   20   20   17   19   20   18   22   22   33   17   17   21   22   21   16   23   19   19   21   16   15   23   22   21   16   18   16   38   37   14   14   16   19   18   37   22   21   15   17   18   19   22   21   19   20   18   14   23   16   36   16   20   16   22   18   14   19   22   16   18   14   17   23   17   36   21   20   22   35   14   18   18   20   22   17   15   20   20   35   20   18   18   17   22   19   16   22   14   20   15   18   19   18   21   20   21   19   20   15   19   20   20   19   20   19   31   17   16   19   21   15   17   15   18   17   22   20   15   16   20   15   21   20   22   17   33   18   22   21   17   18   22   23   16   21   19   17   22   19   22   22   22   31   22   17   31   21   17   14   16   17   19   21   18   19   15   23   16   22   22   36   16   21   20   18   20   32   37   22   22   32   23   15   17   17   23   22   16   18   15   19   20   15   21   19   20   19   31   19   31   22   37   31   21   21   19   21   19   17   17   23   18   15   15   18   31   19   21   16   32   38   22   22   17   18   17   16   22   22   17   15   15   15   16   21   18   17   21   16   20   20   16   17   31   18   18   35   16   20   20   23   20   21   15   15   19   18   19   15   22   33   15   16   18   15   18   16   16   31   21   15   15   17   17   23   17   21   23   21   21   21   15   38   19   22   17   18   18   15   21   18   20   21   21   21   15   20   21   18   22   20   18   16   18   21   16   19   32   17   22   23   35   19   16   32   15   15   18   21   20   19   18   23   14   32   16   21   19   23   21   20   21   22   16   22   20   17   15   16   19   17   33   18   16   18   19   33
  18   21   23   19   17   25   27   23   66   22   22   24   26   21   17   26   20   27   20   17   21   24   17   27   72   25   20   64   27   59   27   22   21   23   23   18   17   69   27   21   21   19   25   19   25   21   18   56   24   25   25   27   19   18   23   55   63   17   23   22   23   23   20   21   25   19   23   68   62   23   27   21   18   24   17   17   20   26   25   19   18   24   23   25   17   23   23   18   65   26   25   25   21   18   22   26   68   24   21   23   22   17   21   18   27   20   22   20   19   19   20   25   23   67   20   17   18   22   18   23   17   22   21   21   21   18   18   26   20   20   24   22   19   25   22   26   21   27   25   24   19   24   20   22   23   56   18   19   24   60   22   20   26   21   18   22   17   18   24   19   17   69   58   22   26   22   22   19   27   18   21   18   25   27   25   24   24   19   71   19   17   25   23   22   17   19   25   19   26   22   27   19   20   22   25   18   24   27   27   17   23   22   22   27   20   26   64   59   19   18   21   20   18   57   69   67   24   24   24   24   22   63   22   18   26   21   24   24   26   27   17   19   22   26   24   24   17   27   21   25   23   17   19   19   26   27   56   22   19   22   26   58   27   18   26   26   24   21   67   69   23   23   21   27   27   18   18   27   22   23   26   25   63   20   25   26   19   17   56   20   58   25   19   24   20   22   19   21   18   20   25   24   23   21   22   27   26   65   18   21   17   17   69   20   23   25   27   21   22   57   27   20   24   19   26   18   21   22   18   26   24   26   18   18   20   27   19   19   27   20   24   20   25   24   21   19   71   26   55   27   27   27   26   25   22   22   21   18   19   70   61   19   20   18   25   25   27   71   27   22   27   22   67   19   59   25   19   20   26   26   25   19   27   18   23   22   20   23   24   24   25   17   19   27   62   20   24   19   20   71   21   58   22   22   27   24   22   21   17   27   25   20   71   19   21   20   18   27   19   23   17   21   22   24   24   22   25   19   27   27   26   23   24   24   22   18   21   25   18   27   25   27   23   26   24   24   22   19   17   22   17   63   26   18   61   22   22   18   20   25   17   22   25   18   21   22   27   17   24   21   69   25   22   25   22   17   23   17   23   18   23   72   24   23   26   21   22   19   23   17   25   20   57   66   17   22   24   71   21   25   23   62   24   19   27   21   17   19   24   23
  13   27   10   12   12   17   11   13   13   16   15   15   12   15   27   16   11   17   14   23   26   12   12   15   11   15   11   16   14   16   11   16   16   14   11   16   15   11   13   11   17   12   13   11   15   14   26   16   16   12   11   13   13   16   12   12   12   23   16   10   11   16   16   13   14   15   16   23   12   26   16   14   14   17   11   11   25   11   15   12   15   17   27   13   13   12   24   14   15   11   10   15   17   11   14   11   15   12   12   14   15   16   13   17   12   17   15   15   15   12   14   23   23   16   11   25   10   17   16   15   15   12   24   12   13   23   12   14   17   15   13   13   12   16   11   11   13   13   16   13   16   15   23   12   17   16   11   15   15   15   14   14   16   16   16   12   11   16   11   11   12   16   23   13   14   12   15   15   16   14   17   25   17   12   13   13   17   17   27   15   12   12   23   17   11   11   15   16   15   15   11   11   13   12   15   16   14   16   12   12   13   11   11   16   10   11   12   15   14   16   13   11   16   17   26   27   14   14   17   24   11   13   12   15   16   12   13   24   12   14   16   11   15   16   13   17   13   13   16   16   15   11   11   14   11   16   11   12   13   16   25   14   15   13   12   13   15   11   12   16   15   16   28   23   12   15   17   10   15   16   11   13   12   17   28   12   27   11   12   15   27   11   14   15   15   13   24   16   15   27   16   11   13   13   11   27   15   16   15   14   12   13   16   16   14   12   11   25   23   15   15   13   11   16   10   13   13   12   28   12   16   16   12   13   16   12   12   15   16   15   17   28   11   17   14   16   13   14   25   15   13   14   25   15   10   11   16   14   27   12   17   15   14   24   16   13   11   12   14   14   28   11   16   14   12   11   17   11   13   12   12   17   13   17   11   12   17   15   11   12   16   13   14   14   15   16   15   11   13   15   15   17   13   12   15   16   13   16   16   16   14   16   12   24   17   13   10   26   13   17   10   11   12   14   17   13   16   17   13   12   17   15   14   12   15   15   25   14   12   15   16   13   17   13   15   13   14   14   23   17   11   12   16   14   13   14   11   15   11   14   14   15   14   16   13   27   16   11   14   14   16   11   10   17   16   14   16   13   24   11   24   15   13   14   28   17   13   12   15   15   15   13   16   15   11   12   16   15   12   15   15   10   14   16   12   14   26   13   10   14
   9    9    7   14    6    9    6   14    6    8    9    7    8   14    8   15    6    9    7    6    8    8    9    8    7    6    8    8    7    8    8    9    9    9    9    8    9    7    9    7    9   13    9    7   15    8    9    8    7    8    8    9    9    9    7    6    9    7   14   15    8    7    7    9    7    6    7    8    8    8    8    9    8    6    8    9    9    7    9    8    8    7    6    6    8    7    8    9    8    8    8    6    7    9    6    9    8    7    7    7    8    6    9    8    7    7    7    9   14    7    8    9    9    9    8    9    8    8    7   15    8   14    9    8    8    8    9    6    7   13    8    7    8    7    8    7    6    7   15    6    9    9    8    8    9    9    8   15    8    9    6   13    7    9    7    9   14    7    7    7   14    6    9   15    8   14    9    9    8    8    7    6    7    8    9    9    6    7    7    9   14    7   14    9    8    9    9    8    8    6    7    7    8    7    8    7    6    7   14    7    8    9    7    9   14    7    7    6    7    9    6    8    7    7    7    8    9    9    9    8    7    6    7    9    7    8    7    6    9    8    6    8    6    8    6    8    8    6    8    9    7    8    9    8    9    8    9    7    7    8    8    7   13    6    8    8    8    9    7    6    9    9    6    9   13    8    8    8   14    9    7    9    7    7    6    7    7    7    9    8    6    6    7    8    7    9    8    6    6    9    8    9    9    9    7    9    6    6    7    6   13    6    9    8    7    8    6    6    9    6    6    8    8    9    6   15    8    9   13    9    6    8    9    9    6    9    8   15    6    8    7    7    8    9   14    8   15    9    6    9    9    8    8   14    9    8   15    8    7    6    6    9    8    8    6    7    7    6    9    9    7    7   14    8    9    9    9    7    6    6    6    9   13    8    9    9    7    7    7    9    8    8   14    9   14    7   14    7    9    9    7    7    7   15    9    8    9    9    7    6    6   13    6    9    7    6    9    7    7    7    9    8    7    6    6   14    7    8    7    8   13    9    9    7    9    6    9    6    6    7    8    8    9    8    7    9   13    7    9    8    9    8    7    6    9    6    8    8    6    8    7    8    9    8    8    7    6    7    9    7    9   15    7    6    6   14    9    7    8    9    9   15    7    7    7    9    9    6    9    7    7    8   15    7    9    7    8    7    6    9    9    7    9    7    9    9    8    9    7    8
   4    5    6    4    5   10    6    6    5    6    6    6   10    4    5    4    5    4    5    6    6    5    6    4    5    4    5    9    5    6    5    4    4    6    5    5    6    5    4    5    9    6    6    5    6   10    6    5    6    6   10    4    5    5    5    5    5    5    5    6    5   10    6    6    9    5    4    5    9    4    6    4    5   10    5    5    6    6    5    4    6    6   10    4    6   10    5    6    5    6    6    5    5    5    6    9    9    6    6    5    5    5    5    6    6    9    6    5    6    5    6    6    5    4    6    6    4    4    6    6    5    4    9    4    9    5    4    5   10    5    4    4    5    4    5    6    6    6    5    5    5    6    6    5    6    6    6    5    6    5    5    5    5    6    4    6    6    6    9    5    4    4    6    4    5    6    4    4    6    6    6    5    6    5    5    5    4    6   10    6    5    6    6    5    5    4    5    6    5    6    4    5    6    5    5    6    5    5    6    6    5    5    6    5    5    6    4    5    4    4    5    6    6    5    5    9    4    4   10    6    5    5    5    6    6    6    6    4    4    5    5    6    5    6    5    6    5    4   10    6    5    4    5    4    6   10    6    6    6    6    5    6    6    5    5    6    5    9    6    6    6    5    5    6   10    9    9    6    6    4    4    9    6    5    5    6    5    9    6    4    4    5    5    9    9    5    5    6    6    6    5    4    5    5    6    5    6   10    4    6    5    5    4    6    4    5    6    5    5   10    5    6    5    6    5    5    9    5    5    4    9    5    5    9   10    6    4    5    5    5    6    5    4    6    5   10    5   10    4    6    4    6    6    6    4    6    6    4    6    9    5    5    6    5    5    4    5    5    6    4    5    5    6    6    6    6    6    4    4    4    5    5    4    4   10    6    6    6    5    6    6    5    9    4    5    5    5    6    5    5    6    9    4    5    5    6    6    5    6    5    4    5    6    5    6    4    5    6    4    5    5    4    6    6    5    6    6    5    5    4    5    5    6    5    6    5    6    4    5    5    9    5    5    9    9    6    5    9    6    6    6   10    5    6    6    5    6    4    6    5    6    6    5    5    4    6    6    5    6    6    4    9    9    5    6    6    6    6    5    6    6    5    6    5    6   10    9    5    5    5    9    4    6    5    6   10    5    6    6    6    5    5    4    5    6    5    5    4    5    4
  10   11   10   11   11   12   12   12    9    9    8   10   12   11    9   10   11   11   11   18   12   11    9   10    9   12   20   10   11   10   10   11   12   18   12    9   10   10   12   11   10   12    9   12   12   12   11   12   11   11    9   12   12   12   11    9   12   11    8   10    9   17   10    8   17    9    9   11   10    9   12   12    9   10   10   12    8    9   10    8   12    9    8   10   11   10    8   10    8   11    9    9   11   10   18   11    8   18    8   20    9    8    9   12   20   12    8    9    8   10    8   12    9    9   11   12   10   11   12   10    8   10    8   11    9   12   18    9    8   17   11   11   18    8   12   12   11   12    8   12    8   10   10   10    9    8   10    9    8    9   12   18   10   12   10   11   10   12    9   12   12   12   19    9   17    8    8   10    8   11   11   11   12   11    8    8    8   10   10    9   12   11   11   12   12   11    8    9   18   20    8   12   12   12    8   11   11    8   12    9   10    9    9   10    9   11   12    9   10   12   10   12   10   12   11    9   11   12    8   12   12   12   12   12    8   12    9    9   11    8   11    8   10   10   17    9   11   12   11   12   10   11   12   10   10    9   12   12   10   11    8    9   12    9   12    9   10   10   11   12   18   10    8   12    8   11   10    8   12    9   18    8   11   20    9   18   10   10   12   12    9   10   10    9   11   11   20   17   12   12    9    9   10    8   11    9   10   10    8    9    8    9    8   10    8   11   12    9   10   17   10   10   17   17   11   10   11    8    9   11   11   17    8   20    8   11    9    8   12   11   20   10   10   10   10   17    8    8   10   18   11   10   12    9   10    9    9   12    8   10   19    8   10   12   10    8    9    8   10   18    9   10    9   12   12   10    8    8   11    9   12   11   17    8    9   11   11    8    9   12    8   11   11    9   12   10   11   10    9   12    9   10   10   10    8    9    9   12    8   10   12   12   20   11    9   10   10   12    9   10   10   11   11   18   18    8   11    9    8   11   19   11   11   10   12   10   10    9   10    8   20   10    9   10   12    8   11   12    9   18    8   20   10   17   12    8   20    9   11   12   12   11    8   12   12    9   11   12   19   18   11   12    8   11   12   12    8   11   11   10   12    9    8   10   12    8    8   12   10   11   10   11   10   12    9   12   11    9   10   11   10   17    8    9    9   12    9    9    9   10
  15   13   12   10   14   12   15   13   14   12   11   15   10   11   23   15   12   11   10   15   15   14   13   15   15   15   15   23   13   10   23   21   12   15   14   14   11   13   14   14   14   11   10   12   13   13   21   13   13   22   15   14   10   10   10   14   12   12   14   11   11   14   10   14   11   10   12   12   11   11   10   12   12   15   15   12   13   11   10   11   14   15   14   10   13   15   13   13   11   14   14   10   14   14   22   11   10   13   15   25   14   15   12   12   15   15   12   10   13   15   13   12   14   13   13   12   14   15   12   11   10   13   11   12   23   14   12   11   12   11   14   10   13   15   11   11   11   10   15   11   10   15   12   13   14   22   12   10   10   13   11   15   10   25   13   12   10   25   13   11   14   15   14   23   15   11   12   12   14   14   11   13   11   22   24   14   13   15   11   22   11   15   13   15   10   12   15   13   10   15   11   12   12   14   11   10   13   14   15   12   12   12   22   13   10   24   10   23   11   15   13   11   13   15   10   13   14   14   13   15   11   12   22   13   11   13   14   15   11   23   12   14   15   12   12   15   12   10   14   13   12   10   12   13   14   11   13   24   13   15   21   11   10   23   13   10   14   11   14   11   15   10   25   14   22   10   15   11   24   10   14   13   11   12   25   25   12   12   14   12   13   22   11   11   15   14   12   11   14   10   12   15   13   15   25   13   23   14   11   15   10   13   14   14   13   14   10   11   11   11   15   11   14   11   11   10   11   13   15   10   10   21   12   13   14   22   13   12   15   12   13   12   24   14   13   11   13   11   23   11   11   13   14   25   14   12   15   11   21   11   13   13   25   15   10   10   12   12   13   14   10   22   14   21   11   14   12   15   12   10   14   11   10   11   12   15   12   11   14   11   15   11   11   14   10   12   14   15   11   25   14   11   13   12   13   11   12   13   15   10   11   10   10   13   15   14   23   24   15   15   12   13   15   12   13   11   10   12   15   12   12   15   13   12   11   12   14   22   12   10   11   12   11   14   11   12   10   15   14   11   12   11   14   12   11   13   14   14   11   23   14   13   13   14   12   11   12   24   13   13   14   11   15   14   14   13   15   24   14   10   12   13   13   15   13   12   25   14   12   11   14   13   15   10   11   14   12   10   22   14   10   14   25   12   13   14   11   12   11   12
  17   24   23   24   18   18   20   24   35   16   21   24   19   21   19   18   39   23   40   20   20   19   21   17   20   19   17   20   19   20   15   37   21   21   20   19   21   34   24   40   20   18   21   17   16   20   19   21   21   19   17   17   24   19   24   23   22   16   34   17   23   33   17   17   19   22   21   21   20   40   24   24   20   20   22   19   20   20   23   16   23   21   22   18   19   21   19   20   16   20   17   20   21   21   24   21   23   39   18   23   20   20   16   19   21   18   19   21   24   17   20   21   17   16   17   23   19   23   22   19   16   16   20   22   15   19   22   21   24   20   19   17   21   20   24   19   23   16   16   36   16   19   21   18   17   21   16   22   18   37   22   22   19   17   23   15   17   23   19   24   39   19   18   20   33   39   17   22   15   22   22   17   24   40   19   16   21   23   23   16   17   22   22   16   19   20   24   20   17   20   18   19   21   15   17   24   18   36   16   20   20   21   23   24   23   24   21   18   23   17   19   24   18   19   15   24   24   16   20   19   16   24   39   37   18   18   24   17   18   34   24   22   19   16   16   23   18   23   23   16   24   22   16   23   19   16   16   19   18   20   23   20   22   15   17   24   17   19   22   15   16   19   21   24   22   20   17   15   17   24   15   24   15   17   22   17   40   17   24   15   21   22   38   24   21   18   20   22   34   21   18   19   23   18   23   23   23   17   22   21   18   22   17   35   17   19   21   22   23   22   15   20   18   18   19   20   35   19   16   21   18   16   38   21   17   17   24   23   22   22   24   19   17   36   19   24   15   24   16   20   17   24   20   20   22   15   20   18   17   15   22   22   40   24   16   38   23   22   24   15   21   21   22   24   17   16   17   20   24   22   21   22   17   16   23   19   18   19   22   20   34   15   22   24   21   16   38   16   16   15   37   22   16   17   17   34   20   20   18   17   34   24   17   21   20   22   20   19   23   20   20   22   24   17   24   15   40   40   33   15   38   17   24   17   24   38   15   16   21   23   23   15   18   22   16   20   23   19   24   36   20   19   35   22   24   21   20   22   24   15   22   16   16   20   21   40   37   23   20   38   17   19   23   33   18   18   40   16   23   16   20   19   22   22   23   15   20   17   19   23   19   24   23   21   15   20   37   20   19   23   23   20   19   18   23   20   23   24   16   20
  23   18   20   16   16   20   21   23   16   20   17   24   17   19   21   33   24   21   17   23   22   23   16   21   19   18   24   35   21   18   20   19   22   17   17   16   37   15   21   24   20   20   16   18   18   22   23   37   17   15   24   20   19   23   18   17   18   38   22   17   33   24   22   15   39   17   40   40   20   18   24   15   20   16   21   17   19   19   21   20   17   15   20   36   22   22   23   17   21   20   35   34   21   16   21   23   23   16   18   16   17   20   16   23   16   37   24   22   24   20   16   15   22   38   19   21   24   34   24   16   21   21   18   16   17   23   24   21   38   22   16   17   21   40   18   18   23   15   21   18   22   22   35   22   23   18   21   23   18   34   15   23   15   19   21   16   15   16   18   21   16   21   22   20   33   18   23   17   20   24   16   18   16   21   17   15   23   17   20   17   17   18   19   21   21   22   17   16   18   23   38   19   21   23   24   24   22   15   16   16   16   19   18   18   21   23   20   23   20   21   21   23   19   22   20   18   21   18   17   17   18   22   21   23   39   18   17   18   22   22   22   21   20   21   16   16   19   21   16   21   17   22   15   20   23   34   24   15   24   35   39   20   23   24   23   21   22   37   15   20   18   19   21   18   16   23   24   16   16   22   21   18   22   15   19   17   18   17   19   18   38   20   23   19   19   17   24   20   20   24   22   17   19   17   22   22   19   19   21   15   17   18   17   33   35   16   18   23   22   38   18   21   21   22   23   17   18   23   24   20   20   37   23   22   17   23   21   17   37   18   19   19   21   19   16   24   40   24   19   23   17   20   18   20   16   22   19   22   24   17   17   18   21   33   22   18   38   20   24   21   22   21   24   22   20   22   21   24   21   16   22   18   16   19   19   39   19   15   21   35   34   22   22   23   34   19   22   17   18   39   23   21   22   20   18   15   19   15   19   16   22   21   19   22   19   38   22   18   24   18   24   21   16   17   24   18   24   23   17   20   33   18   20   22   24   19   21   16   19   36   22   22   15   16   21   20   20   18   35   17   20   23   24   18   17   22   17   24   20   17   23   34   23   20   21   15   24   19   20   24   17   40   23   24   19   40   20   17   21   22   15   21   21   23   34   21   18   19   23   16   22   22   18   21   35   21   23   18   18   33   20   36   33   19   20   17   16   24   34   18
  16   19   15   17   19   40   38   20   18   24   22   24   24   37   16   23   24   24   15   19   21   19   18   16   23   17   19   22   23   22   16   20   15   17   24   17   21   18   19   17   36   17   21   15   16   21   24   21   19   34   23   24   19   17   16   21   23   18   23   16   18   16   24   18   23   20   24   20   22   20   24   20   15   19   39   17   16   20   22   18   18   15   23   18   16   19   20   19   20   23   17   20   22   17   22   18   18   23   18   21   21   33   15   39   18   15   23   23   23   21   22   20   21   19   17   19   17   17   16   19   16   21   21   21   20   22   18   23   21   20   24   15   20   20   19   19   15   19   18   20   16   23   23   23   16   17   18   18   17   37   24   19   19   16   18   18   18   24   15   18   17   18   24   21   18   17   33   19   16   15   21   24   20   15   22   17   39   23   18   19   22   18   33   21   23   19   21   17   20   16   16   17   16   20   22   21   18   15   34   16   15   34   22   17   22   22   17   16   24   16   17   17   23   17   16   23   17   20   33   38   17   18   21   23   23   24   19   21   17   22   22   20   15   20   20   22   16   22   17   18   15   15   23   17   23   16   20   22   20   15   19   18   20   19   16   24   16   21   18   20   16   23   20   19   21   24   17   18   23   38   17   21   23   24   20   18   23   19   19   18   23   33   19   22   38   24   15   17   20   17   16   18   17   16   20   39   19   23   23   16   23   16   24   19   24   21   24   21   23   23   22   21   22   24   17   23   24   18   22   20   19   17   18   20   18   40   33   15   20   16   18   16   15   17   17   18   24   18   23   34   18   38   24   21   23   19   18   24   16   23   22   22   24   21   22   15   23   22   17   16   21   23   17   23   34   22   20   16   24   24   23   21   19   18   19   18   24   18   24   22   23   19   18   18   24   19   16   17   20   20   18   24   20   17   24   21   21   20   20   17   19   21   17   35   16   21   21   22   20   24   19   19   23   18   20   19   17   17   18   20   23   18   15   22   16   19   22   36   24   20   21   23   16   22   33   24   17   21   17   20   20   24   36   21   19   20   15   19   21   22   39   20   40   19   20   21   16   24   19   16   17   17   16   24   20   18   19   39   22   35   35   22   21   24   17   18   20   19   23   18   18   17   20   23   18   16   16   18   24   16   22   24   15   22   34   19   21   18   21   17
  21   21   73   22   22   19   30   23   21   23   29   22   20   23   29   72   24   28   75   26   21   29   28   30   20   21   28   30   20   22   68   26   69   20   30   26   23   24   22   26   80   27   79   29   28   20   22   19   19   24   19   21   22   78   66   65   24   21   20   20   25   23   20   28   74   29   24   19   27   21   29   25   29   27   64   19   29   24   26   21   27   26   29   27   26   26   23   29   30   20   25   77   21   20   75   25   74   19   21   78   25   19   19   27   19   19   23   28   21   30   21   28   27   22   24   29   22   19   28   27   22   19   22   23   27   19   25   19   77   24   24   26   30   23   29   75   20   29   23   28   21   21   29   28   22   23   72   77   21   30   79   20   19   30   26   22   27   29   19   29   27   21   30   24   28   23   22   24   19   22   69   27   21   21   27   22   20   28   20   25   29   29   24   21   27   22   30   26   19   22   25   66   23   23   22   29   19   20   25   30   75   21   28   24   30   19   25   30   20   23   27   26   25   63   22   19   23   20   25   30   21   21   19   21   28   24   25   21   27   28   29   28   21   23   27   20   26   23   27   28   22   26   27   27   23   28   80   20   29   28   22   71   26   22   20   25   21   29   28   29   19   30   30   29   61   26   79   19   26   30   27   26   30   24   30   29   29   28   28   29   25   75   23   26   27   21   27   21   62   27   19   30   62   30   29   24   27   22   25   22   25   65   29   22   22   24   29   19   25   27   19   20   25   24   24   26   30   19   24   29   30   19   21   25   20   30   20   21   20   27   25   21   27   74   24   65   19   26   28   24   30   25   23   21   23   23   28   63   24   22   24   20   23   21   61   24   22   22   21   74   19   19   26   22   22   23   77   23   24   21   27   29   76   19   75   27   26   23   26   20   25   30   25   25   19   20   22   21   21   29   23   25   21   29   19   25   29   27   69   24   23   27   21   67   23   61   20   27   24   22   28   24   61   27   80   25   21   23   28   19   30   27   26   63   20   23   30   28   20   28   20   26   24   25   29   21   20   23   19   30   27   19   28   26   77   21   21   23   22   23   28   72   28   23   23   24   23   25   70   25   20   20   30   24   65   21   21   25   29   25   27   19   68   20   25   20   19   28   28   20   29   28   27   64   26   20   29   25   24   25   23   26   24   27   28   28   19   27   29   20
  18   10   12   11    8   11   10   10   12    9   12   20   12    8   11   12    8    9   12    8   12   20   12   12   10    9   10    8    8    9   17   20   17   10    9   10   11   11   10   10   12   10    9   12   12   11   10    9   12   11   10   10   12   12   11   12   11   11   11   10   10   19   12   10   18   11    9   10    9   11   10   12    9   11   11   11   11    8   11    8   11    9   11   11    9   11    9   12   12   10    8   18    9    8   20   10    8   12   11    9   11   12   11    9    9    9   12    8    9   10    8   17   11   19    8    8   17   11   19    9   11   11   12   11   12    9   20    9   11    9   11   10   10   12    8    8   19    9   10   12    8   10   18   10   20    9    8    8   11   20   10    9    9   12   12   10   18    9   11   12   17   12    9    9    9   11    9   11   12   10   10   10   10   10    8    8    8   12    8   11    8   20   11    8   10   17   12   12    9   12   11   11   11   12   11   12   11   10    9   11   11    9    9    8   12    9    9    9   11   10   12    8   10   17   10   10   10   12    9    9   11   11   10   12   11   12    9    8   12   17   11    9    9    9   11    9   12    9    8   10   11   12   10    9    8   20    8   20    8   10    8    8   11   11   10   12    8   12   10   11   17   12   11   12   11    9   11    9    8   11   12    8    9   11    9   12   20   10    9    9    9   12   12   11    8   11   11    9   11   12   19   11   17   10   11   12    9    9   11    9   11    8    9   12   10    8    9   18    8   11   10    8   10   10   10    8   10   12    8   12   10    8   12   19   11   10   10    9   10   12   20   11   10    9    9    9    8   11   11    8   10   10    8    9   12   12   17    9   12    9    9   19    9    9    8   11   11   11   10   12   11   10    9    8    9   12   11    9   12   11   10   10    9    9    9   11   11   12   10   10   12   10    8   10   11   18    8    8   10    9   10    9   11   12    8   17    8    9   19   19    8   10    9   10    8    8   12    8   11   12   11   12    9    8   10   11    8    8   12   19   11   20    9   12   11   12   19   12   12   10   10   12    8   20    9   11   11    8   12   12   10   12   12    8   11   10    8   10   10    9   11   12    9   10    9   11   11   17   10   11   10    9   12   11    9   11    9   18   10   10   10   12    9    8    9   11    9   12    9   12   12   10   11   19   10   10   10   12    9   11   11    9   12   18    9    8   11    8   11   10
  25   21   26   19   73   29   22   18   19   23   27   22   22   25   24   19   18   19   29   73   63   19   27   19   22   27   27   18   71   26   24   24   21   28   21   22   21   75   63   58   24   71   25   20   18   25   27   23   24   23   22   29   20   23   22   23   18   19   24   28   24   29   23   18   62   24   18   22   26   28   58   21   25   22   25   24   18   19   20   20   18   22   28   25   22   26   19   19   18   25   20   29   27   21   20   21   21   22   24   75   19   25   75   70   19   28   24   21   19   20   27   19   22   26   20   64   23   24   24   21   24   27   23   24   26   24   26   27   27   27   29   29   23   69   29   23   20   23   23   65   22   24   20   27   21   21   23   19   27   25   26   28   27   21   22   21   25   29   28   71   24   25   18   27   20   21   25   61   27   18   29   24   18   26   75   20   28   20   18   28   19   18   22   19   23   26   22   24   20   19   28   21   27   18   27   21   20   18   22   64   29   26   72   70   28   25   62   22   24   20   19   27   20   19   26   24   24   19   19   19   26   28   23   18   28   28   20   29   74   60   23   27   22   20   21   23   26   26   28   71   24   28   29   21   28   25   60   22   22   26   23   27   21   26   21   22   28   23   21   23   63   74   18   22   21   29   18   24   26   29   25   24   26   71   24   26   23   24   20   28   21   20   25   26   19   19   27   25   19   25   28   23   22   18   25   29   25   19   59   27   28   28   18   27   29   58   61   25   29   18   20   28   22   27   20   28   19   20   22   25   25   22   27   26   25   21   26   18   65   69   24   25   21   63   25   18   22   28   27   61   18   19   26   27   21   19   59   26   58   27   27   29   60   26   19   24   26   22   20   60   25   76   24   29   65   26   24   65   28   23   18   25   70   23   25   21   24   25   20   27   28   23   23   64   20   28   23   26   27   22   24   26   63   20   23   21   29   25   27   23   20   29   19   28   70   22   28   29   19   18   18   22   28   18   25   20   22   19   62   18   20   26   27   19   20   20   22   22   29   23   72   27   23   23   25   19   28   25   28   20   25   24   25   19   24   21   20   21   24   27   22   22   23   24   18   25   18   23   28   28   29   26   18   25   73   68   64   26   22   18   18   19   20   21   24   19   19   24   22   26   21   65   26   20   23   27   18   21   25   24   24   20   20   28   20   27   23   18   21   21
   7    8    9    9   15    9    6    8    7    8    8    8    8    9    6    7    9    7    6    9    7    8    6    8    7    9    8    9    9    9    6    6    8    8    8    8    8    8    8    8    7    7    7    6    7    8    8    9   14    8    8    6    8    7    7    9   15    7    7    8   15    8    6    6    7    8    8    8    9    9    8    6    7    9   15    9   13    7    8    7   14    8    7    9    8   15    9    8    8    8    6   15   13    9    9    7    9    8    7    9    9    7    6    6    9    8    7    9    7    7    7    9    9   14    7    7    8    6    9    7   14    7    9    9   14    9    9    6    7    9    8    9    9    7    8    7    8    7    7    6    7    9    9    9    7   13    7    9    7    9   14    7    7    6    9    7    9    9   15    8    9    9    7   14    8   13    7    9    8    8    7    9    6    7    6    8    9    9    7    9    9   15    6    7    8   13   15    6   13    6    7    8   13    7    8    8    8    9    7   14    9    8    8    8    6    8    8   15    8    9    8    8    9    7    8    9    6    6   14    8    8    8    9   15    7    9    9    7    7    9    7    6    7    9    8    9    6    9    9    7    9    6    9    8   13    7    8    8    8    9    7   15    9    8   15    9   13   15    7    9    9    9    7    8    6    9    8   14    8    7    9    9   13   13    6    7    6   13    6    6    7    7    6    8   14    9    7    9   13    9    6    8    9    9    8    8    8    8    7    7    8    9    6    9    9    9    7    6    8    8    7    8    9    7    7    8    7    7    8    9    9    7    9    6    8    6    9    7    7    7    9    6    7    8    6    8    6   15    8    7   13    8    7    7    9    9    8    9    7    8    6    9    6    6    8    7    8   14    8   13    8    8    8    6    9    7    9    9    7    9    8    7    8    8    7    6    9    9    6    8    7    8    8   15    8    8    7    9    9    9   15    7   13    7    7    9    8    6    9    7    8    7    7    8    6    7    8    9    8    8    7    7    8    7    8    8    9    7    9    9    9    6    8    8    8    8    9    8    6    9    8   15    8    7    7    9    6    6    7    7   15    9    9    7    8    8    9    7    8    7    7    7    7    7    9    7    8    7    7    8   15    8    9    9    9    8   15    7    9    8   14    7    9    9    7    7    9    8    9   15    9    8    8    9    9    7    9    6    7   13    8    7    7    7    9    9    9    9    6    9
   7    9    7    8   15    7   13    7    7    8    8    8    8    7    7    6    9    7    9    8    7    9   14    9    6    6    8    9    7    6    8    9    7    6    8    9    7    7   13    7    7    9   13    8    6    9    8    9    7    9    8    8    6    7    8    6    8    6    6    7    9    7    6    9    7    7    9   15    9    8   15    8    8    9    8   13    9    7    8    7    9    9    9   13    8   15    7    8    9    7    9    9    7    6    8    8    6    6    6    7    7   15    7    9    8    7    6    7    8    6    7    6    6   15   14    8    8    9   15    8    7    7    7    7    9   14    9    7    9   14    7    7    7    9    8    6    8    8    9    8   14    7    7    8    8    9    7    8    7    8    7   15   14    7    6    9    7    8    8    8    6    9    9    7    9    8    6    9    8    7    6    9    9   15    8    8    9    7   13    7    9    9    9    7   15    6    8    8    8    7    9    8    7    7    8    7    7    8    7    6    7   15    8    7    7    9    8    9    6    8    7    7    9    8    6    9    8    7    9    6   13    6    8    6    8    7    9    6    9    6    8    9    6    8    7    9   15    9    9   13    7    6    7    7    9   13    9   15    6    8   14    8    6    9    6    7    8    8    8    6    8    9    7    9    7    9    8    6    7    7    8   15    8    7    7   14    8    9    8    7    6    8   15    7    9   15    8    7    6    9    7    6    9    9    8    9    6    6    9    7    7    6    7    9    8    8    6    8    6    6    7   15    6    9    8    7    9    9    8    7    9   13    8    9   15   15    7    9    7    6   15    9    6    7   14    7    9    8    8    8    8    9    7    7    8    7   15    7    6    9    8    7    7    9    6    6    7    9    8    9    6    6    6    6    7    8    9    9    7    9    7    6    9    9    7    6    8    8    8    7    7    8   14    8    6    9    7    9    9   13    9    8   14    8    7    8    7    8   15    7    6    7    8    8    7    7    8    8    9    7    8    8    6    9    7    9    6    7    9    6    9    8    8   13    6    9    6    6   14    9    9    8   15    9    9    6    8    8    8    6    9    6    8    9    9    7    8    7    7    8    8    9   15    6    7    8    8    8    8   15    7    9    9    7    8    8    7    7    8    8   15    9    7    8    8    8    6    8    9    8   13    9    6    7    9    7    7    7    7    7    6    6    6    7    7    7    9    8    6    6
  22   21   21   19   19   21   21   22   22   25   23   16   17   24   22   23   26   20   17   16   19   20   19   24   20   20   20   18   17   25   19   20   20   24   21   17   21   22   59   68   19   16   19   19   19   22   20   21   21   21   25   58   21   24   19   20   24   23   20   21   21   26   18   18   23   20   18   25   20   61   23   17   20   25   24   57   25   25   23   26   17   22   18   16   16   22   25   16   20   16   19   21   25   20   19   23   25   22   64   20   24   23   18   20   24   19   16   21   20   55   17   21   20   18   22   21   25   57   18   20   58   25   21   17   19   24   17   23   22   20   18   18   22   68   22   19   23   22   20   16   54   22   58   22   20   20   18   20   23   18   26   18   25   20   22   21   21   17   18   24   18   16   19   19   20   19   24   17   57   22   18   26   19   16   22   19   19   23   21   19   25   21   17   22   24   61   20   21   24   17   17   23   16   16   18   16   24   22   24   23   22   23   24   21   21   24   25   25   23   23   24   55   17   22   23   16   23   23   23   20   25   25   20   26   17   21   68   17   25   18   17   24   24   20   18   17   26   21   55   21   20   20   65   17   22   21   19   21   23   24   21   19   21   25   19   57   20   19   53   24   22   21   21   22   20   20   16   16   22   17   18   16   24   20   16   63   24   52   18   18   25   23   18   22   22   25   22   22   23   24   20   16   26   24   23   22   21   17   21   25   24   24   18   16   18   23   57   21   17   19   19   18   17   16   21   18   63   25   18   23   19   22   22   21   26   57   24   26   18   25   22   23   21   21   52   23   25   21   21   26   25   57   19   20   18   16   23   21   23   24   24   18   17   22   25   20   57   23   24   26   16   22   19   20   23   22   18   24   25   56   21   26   21   20   23   20   19   21   63   19   24   22   20   17   25   19   25   23   25   24   20   21   22   23   19   20   23   16   20   16   21   23   21   57   17   17   21   24   16   21   22   16   18   18   16   26   21   17   18   18   17   25   18   20   16   21   21   57   22   26   21   25   25   16   20   23   16   26   20   26   25   20   17   22   16   19   25   22   26   20   16   19   22   18   54   24   23   20   25   18   25   17   21   19   23   17   22   25   19   16   56   52   18   18   17   57   18   20   24   18   24   23   17   20   25   17   21   22   17   23   58   19   58   19   22   25   54   19   19   20
  20   16   20   18   20   35   21   19   16   16   18   20   18   15   17   21   18   19   23   19   19   20   15   15   23   34   18   17   16   17   15   18   22   17   21   22   15   16   20   15   23   23   20   15   22   17   23   19   19   18   20   15   17   34   18   20   17   19   35   21   20   23   14   32   18   19   22   15   16   20   21   22   20   21   22   35   21   16   17   20   17   16   15   16   17   16   15   21   22   35   15   33   17   22   17   18   31   15   18   17   19   20   14   21   14   17   20   15   22   16   15   18   16   22   18   21   16   21   21   23   17   15   14   17   17   21   15   17   22   16   20   16   20   21   17   18   14   22   22   21   16   21   17   17   20   18   21   15   15   20   15   20   21   16   18   22   14   35   14   15   16   22   21   21   20   32   17   17   18   16   17   31   18   35   16   22   38   14   19   21   16   20   21   19   20   17   18   21   15   22   19   16   19   14   20   17   15   16   20   20   36   21   16   17   17   15   18   14   17   36   16   17   14   37   20   18   20   23   32   15   17   20   19   20   15   16   17   16   19   17   20   18   16   18   21   15   17   22   17   15   20   14   14   22   22   22   35   16   17   16   14   20   21   16   16   21   15   20   36   19   33   18   17   36   38   18   21   22   21   17   16   18   23   15   17   21   18   36   15   15   18   19   16   18   15   16   37   23   23   22   21   15   18   18   18   20   16   14   34   15   20   14   18   18   17   18   15   19   22   16   31   22   37   23   35   17   15   16   18   16   20   17   17   34   15   32   15   18   21   33   21   18   19   15   15   23   14   17   16   18   16   16   15   22   15   18   18   20   22   18   17   16   16   15   35   15   14   20   16   20   18   15   37   15   17   15   20   22   22   16   38   21   17   18   35   21   15   18   22   20   21   34   23   14   16   35   20   18   18   37   22   20   22   17   17   22   16   20   15   15   22   19   15   17   19   18   15   19   21   22   20   16   20   19   15   37   33   22   14   23   22   17   14   18   17   15   22   22   14   16   15   22   19   17   16   20   14   16   15   21   22   15   15   15   18   17   36   33   16   19   15   22   33   20   16   18   16   20   21   19   19   23   21   21   15   23   20   16   22   15   20   15   20   19   34   22   18   16   23   18   16   22   37   22   15   23   23   16   22   15   22   22   22   22   16   19   37   18   19   21
  22   21   18   21   21   20   20   18   14   20   19   21   20   15   23   16   15   21   21   20   18   14   15   15   15   17   20   23   15   17   15   20   22   22   19   18   35   20   15   20   19   18   18   31   36   18   15   15   20   18   36   18   16   36   17   32   15   18   16   22   20   18   21   22   16   14   23   16   15   17   16   37   17   15   22   21   22   17   19   35   15   17   14   15   17   17   20   14   15   37   22   15   23   20   18   35   23   17   23   34   21   23   23   14   17   17   16   18   16   14   17   19   22   33   34   33   18   21   20   16   15   16   17   15   19   21   20   15   20   19   15   31   17   20   15   18   15   33   17   19   21   15   33   20   17   21   35   15   22   16   17   18   22   21   21   15   21   17   20   17   15   19   21   15   15   32   16   21   16   23   15   18   19   16   18   21   19   15   23   22   18   19   22   15   36   17   16   17   20   23   16   14   14   15   15   32   16   22   36   17   22   15   21   20   20   15   17   19   20   17   19   14   18   19   31   17   16   19   14   23   21   15   16   20   20   19   15   20   22   20   18   21   23   22   15   17   18   22   20   15   19   22   19   15   22   19   21   23   21   31   15   15   34   22   21   32   15   19   16   21   14   20   20   18   18   20   22   18   23   35   21   22   32   19   15   15   36   21   18   15   36   34   37   18   17   22   18   14   20   35   16   33   16   20   21   15   16   17   23   16   23   22   17   19   23   14   19   14   22   16   37   22   22   23   21   22   18   19   16   18   35   20   21   15   20   18   15   16   20   18   15   32   22   22   21   22   17   20   16   37   15   21   16   23   14   16   17   17   32   17   17   15   22   23   15   22   21   19   22   16   16   21   21   15   17   22   21   16   20   15   33   16   18   22   14   17   15   22   16   22   22   21   21   22   19   23   14   22   17   22   21   31   22   15   19   15   21   21   19   19   21   15   15   22   22   22   16   20   17   14   20   23   18   19   18   20   14   20   15   23   14   15   34   36   22   22   34   18   15   17   22   22   15   22   19   36   18   19   18   21   35   22   17   21   20   23   32   17   15   14   33   17   35   21   20   17   17   19   15   15   17   22   21   19   21   17   19   16   17   17   21   21   16   17   23   35   22   15   22   15   19   16   21   14   20   19   20   18   15   20   34   18   20   19   19   17   36   14   23   14
  24   13   14   12   12   11   12   10   14   13   15   15   11   13   11   15   13   13   12   14   14   15   13   15   24   12   11   12   10   10   11   10   10   13   11   11   11   15   15   10   13   10   14   11   15   14   14   13   12   15   13   15   25   14   15   11   11   12   13   10   15   12   12   13   14   11   10   13   10   12   11   13   13   12   11   15   12   15   12   14   13   14   10   14   10   10   10   15   14   12   12   21   14   11   15   12   13   10   15   15   11   15   12   21   11   14   14   11   13   10   14   13   12   13   10   13   11   14   21   11   25   13   15   13   11   12   13   11   13   14   10   11   14   12   14   13   24   13   11   11   10   14   14   12   12   15   10   10   10   12   12   15   12   13   12   11   12   23   15   25   15   12   10   24   14   10   13   15   14   13   11   13   14   14   10   10   12   11   14   14   11   10   13   13   10   12   11   11   14   14   15   12   10   21   12   21   11   10   11   11   13   11   12   12   15   10   13   15   13   13   10   11   12   10   24   15   12   13   11   14   11   14   12   12   11   25   11   21   11   14   10   15   21   14   12   10   15   25   15   12   15   12   10   11   11   21   13   15   21   10   10   13   14   14   14   15   15   12   15   12   15   11   11   10   14   22   24   14   22   10   10   15   13   11   14   15   11   14   15   21   11   10   13   11   10   12   13   10   11   13   15   12   12   13   12   14   13   23   14   10   14   11   13   10   10   11   12   11   21   10   15   15   10   12   24   10   11   21   22   10   10   12   11   10   13   14   12   10   12   12   15   12   11   14   15   13   11   14   15   10   10   13   10   11   13   11   14   12   21   13   15   24   22   11   15   10   24   12   13   13   11   15   24   14   14   11   14   10   25   23   21   11   12   10   23   13   15   11   13   14   11   10   15   13   14   12   15   23   14   14   11   11   15   11   25   13   10   13   14   12   14   25   13   12   11   11   13   11   12   12   10   13   13   13   14   14   13   13   15   15   10   14   10   12   24   15   10   15   14   10   11   15   21   11   12   14   12   13   15   10   21   14   11   12   14   10   11   15   13   21   15   10   12   15   10   15   14   13   13   11   12   15   11   12   12   10   14   15   11   15   14   12   10   12   11   23   15   15   12   10   10   11   10   11   13   11   15   12   14   14   13   11   12   10   10   24   13   23   12   12
   9   15    8    8    9    9    9    7   13    7   15    7    7    9    7    6    7   14    8    7   13    6    7    6    9    9    8    9    9    9    9    9    9    7    9    8    8    8    9    8    6    8    7    6    9    6    9    6   14    8    6    7    9    7    9    6    8    7    8   14    8    7    7    8    7   15    8    6    8   13    6    9    9   13    9    8    8    9    8    9    6   15    7   15    7    9    9    9   13    8    8    9    8    6    8   14    9    8   13   14   14    8    8    8    6    9    8    6    7    6    7    9    8    9    9    9    6    9   15    7    9   14    7    8    9    8    7    9    7   13    7    8    8    9    8    9    8   15    7    9    9    7    7    7    8    9    9    8    7    7    7    8    7    6    9    8    7    8    8   14    6    7    9    8    8    8    7    8    6    9    9    9    6    7    9    9    7    8    9    6   14    8    8    8    9    8    7   15    9    8    6    9    7    6    9    7    7    8    8    6    8    7    9    9    9    8    9    8    8    6    6    9    7    7    8    6    7    7    6    8    6    7   13    7    9    8    7    8    8    6   14    7    6    9   14    9   15    7    8    6    9    8    8    9    7    8   15    8    6    8    7    8    9   14    6    7    8    6    9    7    9    7    9    9    7    9    8    8    7    8    8    8    7    9    8    6    7    9    8   13    8   14    8    8    8    8    8    9    9    7    7    9    6    7    6   15    8    6    7    9    8    9    8    9    9    7    9    9    7    9    7    6    8    6    8   14   14    9    8    9    7    9    6    6    8    9    7    7    9    7    6    8    6    7    8    8    9    8    8    8    7    9    6    9   13    9    7    8   13   13    7    9    9    9    7    7    9    7    9    6    7    9    9    8    6    7    9    7    9    7    7    8    6    7    6    6    6    7    7    9    9    7    6    9    9   13    7   15    9    8    8    7   15    8    7    9    8    9    7    8    7    6    9    7    7    7    9   13    8    7    8    7    8    7    9    7    7    7    9   14    9    9    8    8    8    8    7    7    9    7   14   15    8    9    8    6    8    9    8    8    8    9    8    8    9    9    8    7   14    7    8    7    7    9   15    7   15    7    8    6    8   13    8    8    8    9    8    8    9    9    8    8    9    8    8    9    8    9    8   15    7    8    6   14    7    8    8    8    8    7    8    8    6    9    9    7    7    9    9    8
  11   10   20    9   11   12   11   11    8    9   10   11    9   11    9   20    8   10   10    8   10   11   18   18    8   11    8   18   12   10   11   19   20    9   12   17   12   10   10   18    8    9   12   20   12    8   10    8   12   10   12   17   12    8   11    8   11   12   10   10    9    9    8   11   11   20    9   11   11   10    8    9   10    8   11   10   11   11    9   10   12    8    8    8    8    8   12   11   10    9    8   12    9    9   11    8   18   12    8   12   18    8   12    8   10   11   11   10   10    9    8    8   10   11   10    8   11    9   10   20   11   10   19    9   10   12    8   11   10   12   10    9   12   12    8    9   11    9    8    9   11   11   10   10   10    9   20   12    9   11   11   10   11   12   20    9    8    9   11    8    9    8   10   11    8    9   10   10   20   12    9   11   11    9   10   18   10    8   10   19   12   12   19   11    8   12   11   17   19    9   10    9   19   10    9   12    8    9   12    8   11   12   18   11   10   12    9   18    8    9   10   11   10   11    8   12    8    9   12   10   12    9   11   11   10   11   11   12    9   12    8   12   11   10    9   10   11   11   10    9   10   20   10    8   10    8   10   19   10   10   10    9    9    8    9   10    9    9    8   12    9   19   10   11   10   12   20    8    8   10    8    9   12    9   12   19   10   12   12   10    8   10   12   11   11   10   12    9   12   10   12    8    8    9   12    9    8   19    8   17   11   11    9   10   20   12   10   10    9   11   10   11   11   11   10   10   11    9   12   10    8    8   12   12   11   12   10   19    9   18   12   10   17    9    9   11    9    9    9   11   10   11   12    9   12   11    9   10    9    9    8    8    8    9    9    9    9   20    8    9    9    9    8   10   12   10   12   11    8   10    9   10    8   11   10    8   10   10   12   10    8   12   11    9   10   11   12   10   10   11    8    8   10   10    9   20   11    8   12   10   20   12   11   10   20    8   12    9   10   20   12   10   12   12   10   10    9    9    9    9   18   11   12   12   19   10   11    8   12   10    9   11    9   20   10    9   20   10   12   11    8   11    9   10    8   10   11   10   12   12    9   11   12    9   11   11   12   12   10    9   12   12    8   19    9   11   11   11    8    8   12   11   11   12    9   12   10    8   12   11   10   19   10   11   18   11    8   12   12   12   10   11   18    8    9    9   11    9   12   10
  16   13   15   14   15   19   16   15   16   16   17   21   20   17   18   20   19   21   16   20   19   19   15   13   15   18   20   16   20   20   14   20   21   18   14   17   18   14   15   13   17   18   19   17   29   32   17   15   16   33   13   21   17   20   16   15   17   16   16   33   19   13   16   16   13   20   20   21   34   21   14   15   17   21   19   14   21   17   21   29   16   14   13   19   15   17   17   33   20   33   20   18   17   17   16   16   19   15   18   18   14   14   17   21   13   16   20   21   18   19   20   21   15   13   18   20   21   20   18   21   17   20   20   21   19   19   20   19   13   20   21   18   18   34   20   14   20   21   20   21   21   18   19   15   18   18   17   15   34   17   14   16   17   19   17   21   19   17   15   14   35   18   17   19   17   31   14   18   14   14   18   15   33   15   13   16   32   14   19   20   14   16   15   20   19   19   15   19   17   35   14   21   17   35   19   20   14   18   13   14   20   16   14   17   18   20   21   15   33   20   32   17   13   19   20   15   21   19   19   14   35   16   14   16   33   16   14   20   16   14   15   20   14   13   20   18   18   20   20   16   14   20   17   35   20   16   18   16   14   17   19   21   21   20   18   14   18   18   19   14   20   21   19   20   18   18   18   19   20   18   14   16   14   18   16   13   20   17   19   31   18   18   14   14   17   17   15   30   20   20   19   15   14   14   32   13   18   20   33   20   19   14   14   13   17   17   16   13   15   29   21   15   17   29   32   15   21   21   18   18   15   15   17   17   20   21   21   19   19   16   19   35   16   15   14   15   29   16   19   15   20   17   21   15   16   19   15   15   18   17   35   17   14   20   19   14   19   32   19   35   15   15   20   14   16   20   14   17   18   19   17   29   15   21   19   20   35   18   33   21   14   21   14   20   20   31   17   17   20   15   15   21   15   21   20   15   21   17   18   33   15   15   17   19   15   20   15   14   16   16   35   13   18   16   33   21   14   19   17   20   20   19   18   13   20   14   20   19   14   21   19   17   20   15   18   16   17   16   13   19   21   13   18   14   15   17   19   19   15   20   15   18   15   15   17   20   17   29   19   17   17   16   17   33   21   17   20   16   31   16   18   14   14   18   14   15   21   21   21   16   14   33   16   18   21   15   29   20   33   20   20   20   20   18   21   19   21   18   20   21
   7   14   13    8    8    9    9    9    8    6    9    9    7    9    9   13    9    8    9   15    9    7    8    7    6    6   14    7    8    9    8    9    6    6    8    7    9    9    8   13    7    7    9    9    7    7    9   15    8    7    7    9    6    9    6    9    6    9    6    8    7    8    9    6    9    9    9    8    8    8    9   14    7   15    9    6    6    8    6    8    9    8    7    8    7    6    8   14    7    6    9   15    9    6    7    7    7    7    7    9    8    6    8    7    6    9    8    9    8   14    9    8    8    7    9    8    9    9    7    8    6    8    9    8    7    8   15    8    9    9    7    9   13    8    8    9   13    8   15    8    6   15    7    8    9    8   13    7    9    8    6    9   13    7   14    9    6    6    8    7    6    6    7    9    6   13    9    6    9    6    8    6    8    9    9    7    7    8    8    7    7    6    9    7    8    9    8    6    9    9    9   13    7    6   15    7    9    9    8    8    8    8    9    9   15    9    9    8    7    6    7    9    7    7    9    9    7    7    7    9    9   13    7   15    7    6    6    8    7    7    9    9    7    8    6    7    7    8    9    8    9    9    9    8    8    7    7   13    6    7    7    7    7    8    6   13    7    9    8    9    8    7    7    8    8    6    9    7    9    8    8    8    6    8    6   15    8    6    9    8    7    6    8    6    7    9    8    8    9    7    8    8    6    9    6    8    9    8    7    6   14    8    8    8    6    9    9    9    7    7    7    8    9    9    7    8    9    8    8    7    9    6    6    8    7    6    6   15    8    7    7    9    7   15    7   15    7    9    8    9    6    8    7    7    8    7    6    8    9    6    9    6    8    6    7    8   13    8    9   13    9    6    6    8    7    8    6    9    7    7    8    6    9   13    7    6    6    8    9    7    8    7    8    6    7    7    9    7    8    9    9    7    9    9    6    7    7    7    8    6    6    8    6    9    7    6    7    9    6    8   13    8    7    7    9    9    7   15    7    8    6    6    8    9    9    7    9    7    9    7    8    8    9    6    8    7    9    7    6    6    8    8    7    7    8    7    6    8   13   13    6    7    7    8    9    9    7    8    6    9    8    9    8    9    9    9    7    8    6    9   15    6    7    7    7    9    8    7    8    6    9    7    7   13    8    8    7    7    9    6    7    9    7    8    6    8    7    8    8    6
   6    6    6    6    5    5    5    5    5    5    9    6    5    4    5    6    6    6    5    5    5    5    5    6    6    5    4    6    4    6    6    4    4    6    6    5    6    6    6    6    4    6   10    6    5    5    5    6    4    6    6    5    6    4    9    5    5    6    9    6    5    6    5    5    5    5    5    5    6    5    6    4    5    4    6    4    4    4    5    6    5    4    6    5    5    5    6    6    6    6    6    6    6    5    6   10    6    6    6    5    5    6    6    6    6    4    6    5    4    5    5    6    5    5    4   10    4    6    6    9    4    4    4    6    6    4    6    6    4    6    5    4    6    5    9    5    6    5    5    5    6    6    6    4    5    5    6    5    5    5   10    6    6    6    6    6    6    6    6    6    5    6    5    6    6    4    5    6    6    5    6    5    6    6    6    4    6    6    5    5    5    6    6    9    6    5    9   10    6    4    4    6    6    4    6    6    5    5    4    5    6    5    6    5    6    6    6    5    6   10    5    9    5   10    4    6    5    9    6    5    4    5   10    5    5    6    5    4    6    5    6    6    6    5    4    4    5   10    4    9    6    4    6   10    5    5    5    5    5    6   10    5    6   10    5    6    6    5    4    6    5    6    4    9    6    4    5    6   10    5    6    6    6    9    6    5    5    6    4    9    4    6    4    5    5    5    6    5    9    4    6    6    6    5    5    4    6    6    6    4    6    4    5    6    9   10    5    6    5    5    5    5    5    5    5    6    4   10    6    6    6    6    6    5    5    5    5    5    6    9    9    4    5    5    4    5    6    6    5    6    6    5    5   10    6    6    6    5    9    5    4    5    6    4    6    9    9    5    6    4    5    4    5    4    6    6    6    6    5    5   10    6    5   10    5   10    5    4    5   10    5    6    5    6    6    4    6    6    6    6    5    5    5    4    4    6    6    4    4    5    5    5    5    6    6    5   10    6    6    5    6    5    5    6    4    5    4    6    6    4    5    5    5    4    4    6    4    6    6    4    6    6    5    6    5    6    5    6    6    6    5    6    5    6    5    6    5    5    5    6    5    6    5    6    6    6    5    5    9    4    4    6    5    5    6    6    5   10    5   10   10   10    5   10    5    6    5    5    5    6    4    9    9    9    5    4    5    4    4    5    6    4    5    6    6    6    5    6    6    6
   6    5    7    7    5    6    6    7    6    7    5    6    8    7    5   12    7    7    8    5    7    8    5   13   11    8    7    8    5    5    7   11    6    7    6    7    6    6    6   11   13    5    7    8    7    7    7    7    5    7    6    8    6    7    6   12    6    6    5    7    7    6    6   11    6    7    6    8    5    6   11   11    5    5    6    5    5    8    6    6    7    5    7    5    6   13    8    6    6    5    6   12    7    6    6    8    6    6    7    7    8   11    7    7    7    7    6    6    7    7   12    7    7    7    6    6    5    5    6    5    7    5    7    7    6    6    7    7    7    7    7    7    8    6    8    7   13    6   12    5   12    8    5    6    6    5    8    8    5    7    5    8    7    7    7    6    8    8   11    5    5    7    6    6    8    7    5   12    6    5    7    7    7    5    6    7    6    6    7    5    6    6    6    6    7    7    7    6    7    7    6    7    6    6    6    8    7    7    5    6    5    6    5    7   13    7    6    6    8   13   13    5    7    8   13    6    6    6    7    5    7    7    6    5    6    5    7    5    7    5    7    8   13    6    5    7    5    6    6    7    6    6    6    6    5    5    7    5    7    8    7    7    8    6    6    6    8    6   11   11    6    7    5    7    6    5    8    7    7    6    7    8    6    6    7   13    5   12    8    5   11    6    7    6    7    6   11    6    7    6    8    7   12    6    6    5    6    7    6    6    7    7    5   12    8    8    6    8    7    6    5    8    7    8    7    6    6    5   12    8    8    5    7    5    6    7    8    6    7    7    6    8    6   13   11    7    6    7    6   11    5    7    7    6    5    6    6    7    7    7   11    6    5    7    6    7    7    7    7    7    6    5    6    5    8    6    5    7    7    8    5    5    7    7    6    8    8    6    6    8   12    6   12    5    8    7    8    8   12    5    6    7    6   13    7    6    6    6    7    7    5    7    7    8    6    5    8    8   12    6    8    7    6    7    6    7    6    8    5    6   12    6   12    6    6    7    6   13    6    7    6    7    7    8    6    7    7    7    7    6    7    7    6    8    7    7    7    7    7    6    8    7    7    5    5    7    7    8    8    5    6    6    6    7   12    6    5   12    6   11    6    7    6    6    8    8   11    7    8    7    8    6    8    5   13   13    5    7    8    6    7    8    8    7   13    5    8    6   11    6
   3    4    5    7    4    5    3    5    4    7    5    5    5    5    4    4    4    4    7    5    4    4    4    5    3    3    5    4    3    5    3    3    5    3    5    4    4    4    4    3    5    5    4    4    4    4    4    7    5    5    4    7    5    4    4    4    5    4    4    4    4    5    5    3    3    4    4    3    4    5    7    4    4    4    5    4    7    5    4    4    4    4    8    4    8    5    5    4    4    5    7    5    4    3    5    5    3    5    4    5    4    3    4    5    4    4    5    3    4    5    3    4    3    3    5    5    4    3    5    5    4    5    3    4    4    4    4    3    3    5    4    4    5    7    4    7    3    4    4    4    4    3    4    4    4    4    5    5    4    4    3    5    4    5    5    3    4    4    4    3    7    4    4    5    5    4    4    4    5    3    4    5    3    4    5    4    5    4    4    3    3    3    4    4    4    4    4    4    4    5    4    3    5    3    5    5    4    4    4    4    3    7    5    3    7    4    5    8    5    3    7    5    4    4    3    4    4    4    7    5    4    5    4    5    4    3    3    8    4    4    3    5    4    5    5    4    3    4    4    3    5    4    4    8    5    4    3    4    3    4    4    3    4    4    4    4    4    4    5    5    5    4    4    3    4    4    7    3    3    7    5    4    3    5    5    4    4    4    4    5    3    4    4    7    4    4    4    4    3    3    4    4    4    4    5    3    8    4    4    5    3    4    7    4    5    3    4    4    4    4    4    5    4    5    5    4    3    4    7    3    4    4    4    4    3    4    5    5    5    3    4    4    3    5    4    4    4    4    5    5    4    4    4    3    4    4    5    4    4    4    4    4    4    4    4    4    4    4    5    4    7    4    4    5    4    5    5    4    3    5    4    7    4    4    5    7    3    4    7    4    4    5    5    3    5    4    4    3    4    3    4    5    4    5    5    4    5    4    3    4    4    4    4    4    7    4    4    3    5    4    3    8    8    5    4    5    7    5    8    5    5    5    4    5    4    5    3    4    5    3    4    4    7    5    4    4    3    5    4    4    5    5    4    4    7    4    4    5    5    3    4    5    4    3    5    5    5    4    4    4    5    4    5    4    4    5    5    4    4    5    4    5    4    4    4    4    4    5    4    3    5    4    4    4    4    4    8    5    5    5    3    3    3    5    4    5    4    4    3    5
  13   15   15   10   24   13   12   11   12   15   24   10   15   15   15   15   23   12   11   11   15   12   14   12   14   10   13   10   10   10   11   14   11   14   14   12   13   13   14   10   12   15   11   15   12   10   15   10   10   15   12   14   11   11   10   24   15   11   13   11   15   25   11   11   12   10   13   11   11   12   11   12   12   11   13   12   12   10   11   23   10   12   10   14   10   13   12   14   10   11   12   10   13   11   11   14   13   12   14   21   13   15   12   12   11   10   25   14   10   11   11   24   14   11   14   10   14   15   13   15   10   13   13   12   10   10   12   14   10   12   10   15   12   12   15   13   12   21   15   15   14   11   15   10   10   11   10   12   10   12   13   14   14   10   13   10   13   13   14   12   12   10   12   10   12   10   12   12   14   12   11   10   10   22   13   15   10   10   21   12   13   13   14   11   15   11   12   12   11   13   10   12   13   10   14   15   13   14   10   25   12   22   11   11   11   12   13   14   11   24   15   10   21   10   15   13   14   13   12   14   12   11   14   23   11   12   10   10   13   13   25   12   12   13   11   14   14   10   10   11   11   11   14   13   10   15   12   12   23   10   10   11   14   10   15   11   13   14   11   12   15   15   11   14   13   15   15   10   11   14   22   15   15   15   11   12   13   15   11   14   15   14   13   15   12   12   13   10   11   11   12   10   10   11   10   10   10   23   14   14   14   14   15   21   11   21   10   21   12   14   11   12   12   12   11   21   13   11   23   13   15   12   13   13   21   13   10   14   11   22   15   22   14   15   25   13   10   14   15   12   11   11   15   12   15   15   14   10   13   14   11   15   14   14   11   10   22   15   10   11   13   14   13   11   11   10   11   14   14   12   10   14   13   15   10   14   13   12   12   12   24   13   11   11   11   13   24   14   12   13   13   14   12   12   14   24   15   11   11   12   25   22   15   11   13   10   14   13   15   15   14   12   11   13   11   11   10   12   15   10   12   11   12   14   10   15   14   13   11   13   23   10   13   11   10   13   24   10   11   12   13   13   11   22   13   10   11   12   10   21   10   11   13   12   14   10   11   10   15   10   11   14   10   10   11   11   10   15   21   10   12   11   12   12   15   13   11   13   14   14   14   13   11   10   14   22   22   23   10   10   12   10   14   15   14   10   13   12   13   14
   5    5    3    4    5    5    3    4    4    5    7    5    5    5    4    7    3    5    4    5    7    5    4    4    3    4    4    4    3    4    4    4    4    4    4    3    3    5    7    5    4    4    4    5    3    3    5    4    4    4    5    4    7    4    4    5    4    5    4    5    5    4    5    4    4    3    7    5    4    4    4    4    5    3    5    5    5    3    5    4    4    5    3    8    5    3    7    4    3    5    4    4    5    4    4    4    4    4    4    4    4    5    4    4    4    4    4    5    3    3    4    4    5    4    5    4    4    4    4    4    4    4    4    4    4    4    3    4    4    3    7    4    5    4    4    4    7    3    4    4    4    4    4    5    4    4    3    4    5    5    4    4    5    3    4    4    5    3    5    4    4    7    4    3    4    4    4    3    4    5    3    4    3    5    3    4    4    4    3    3    4    5    3    4    4    5    4    3    4    3    5    8    4    5    4    4    5    3    5    3    4    4    4    4    4    4    4    5    3    5    3    7    3    4    4    7    4    5    5    4    7    5    3    5    5    4    4    5    8    5    3    4    4    3    5    5    8    8    4    4    7    5    5    5    4    3    4    4    8    4    7    3    5    3    3    3    3    5    8    4    4    4    4    8    4    3    3    3    5    5    5    5    4    4    5    4    4    7    4    4    3    5    5    4    8    4    5    3    4    4    5    4    4    4    3    4    5    4    4    4    5    4    4    5    4    4    4    4    7    8    5    4    7    4    4    5    3    4    4    3    4    4    4    3    5    4    4    3    3    4    4    5    7    4    4    4    3    8    4    7    3    4    4    4    4    4    5    5    5    5    3    3    4    5    3    4    5    4    4    7    4    7    5    5    4    5    3    5    3    3    7    4    4    4    4    3    8    7    4    5    3    4    4    5    4    5    4    5    3    7    5    7    3    7    7    4    3    5    4    4    4    3    4    5    4    4    4    4    5    5    4    4    4    4    3    5    5    4    5    8    5    5    5    4    4    4    4    5    5    4    3    4    4    4    4    4    5    3    4    5    5    4    4    4    3    7    4    5    5    4    7    5    4    7    4    3    4    4    5    8    5    5    7    4    8    4    4    5    5    3    5    5    4    4    4    7    4    7    4    4    4    3    3    8    3    4    8    4    5    4    4    4    4    5    5    4    7    4    4    4
  11   13   23   12   17   12   14   16   16   12   11   14   13   14   11   11   23   11   17   16   13   13   13   12   12   12   12   17   26   16   11   17   14   14   15   17   17   13   12   11   17   16   17   13   17   12   26   16   15   12   13   14   16   14   13   11   16   15   13   14   23   12   14   24   13   16   12   13   11   15   15   16   12   15   15   16   12   11   14   11   11   14   14   23   11   26   16   11   14   15   15   15   14   14   14   27   12   15   14   15   13   16   11   13   14   13   13   27   12   13   11   14   16   16   12   27   16   12   16   11   12   17   12   15   12   15   12   16   15   16   16   25   17   25   15   14   17   16   14   12   17   23   16   16   16   14   16   12   25   12   24   15   27   15   15   12   11   11   15   11   15   27   15   13   12   11   16   16   24   15   14   17   12   13   17   12   13   16   12   11   16   11   13   12   16   15   14   12   16   12   12   15   16   16   23   13   10   13   25   13   16   11   14   14   24   12   23   14   11   15   14   12   11   12   11   11   13   13   14   16   15   14   15   17   16   27   12   15   12   15   16   17   13   11   16   11   13   12   12   26   13   13   12   17   26   13   14   15   24   11   14   16   16   16   15   17   16   27   17   16   11   11   13   17   14   13   13   14   11   17   13   13   14   15   16   14   12   11   14   16   17   11   16   28   16   10   16   25   16   14   15   12   16   13   11   24   16   14   26   17   13   11   15   26   14   24   14   24   27   15   25   16   15   13   16   17   15   11   15   16   26   14   17   16   13   13   14   16   17   12   16   14   12   12   11   12   14   14   13   14   11   13   17   26   13   11   10   11   17   26   11   14   12   14   14   12   13   11   15   14   12   27   17   16   28   14   15   28   12   15   23   11   11   13   14   15   14   11   15   13   11   16   17   15   10   15   15   13   13   24   16   12   15   26   11   12   13   25   14   15   11   27   15   16   14   14   11   16   17   15   16   14   14   26   11   13   16   14   15   14   15   14   14   12   16   16   15   14   12   12   12   11   28   16   15   26   12   16   23   15   28   12   11   13   11   15   12   17   13   10   14   13   13   14   17   15   24   14   16   13   14   17   14   17   15   12   13   13   14   12   16   11   16   12   16   11   28   12   11   13   12   15   12   13   14   23   14   14   12   13   15   16   11   13   13   11   14   27   13   13
  10   14   13   11   13   12   14    9    9   23   11   10   13   12   11    9   11   22   12   11   13   10   11   14   13   13   14   11   10   10   11   12   10   13   13   19    9    9   12   10   12   10   12   13   22    9   10    9   10   10   12   10    9   13   13    9   11   10   12    9   11    9   14   11   12   19   11   21   12   10   14    9    9   13   13   21   12   20   12   11    9   12   10    9   11   11   10    9   10   11   12   12    9   12   10   10    9   23   13   12   13   12   20   10   10   13   14   10   10   11   11   12   14    9   13   14   10   10   10   14   11   19    9   10   10   13   11   12   13   10   11   22   14   14    9   11   13   13    9   19   11   13   13   11   14   14   12   10   11   10   13   13   21   11   14   10   11   14   10   10   14   12    9   10   13   13   23   23   10   10   10   14   10   12   11    9   11   11    9   13   11   14   12   12    9   12   14   12   11   10   11   10   14   21   11   12   10   13    9    9   10   12   14   10   20   13    9   22   13   10   13   13   11   13   12   10   11   14   11   10    9   11   11   10   10   14   14   12   11    9   21   10   12    9   13   13   10   12   13   22   11   11   11   13   10    9   10   10   13   13   13   10   10   10   11   10   11   21   10   12   14   10    9   10   12   20   10   14   12   22   20   10   11    9   12   12   11   12   10   13   10   13   11   22   13   13   14   12   10   11   10   14   13   11   12   13   12   11   22   13   19   14    9   10   12   10   13   11   10   12   13   10   11    9   12   13    9   20   10   14   11   10   13   13   11   21   21   12   14   12    9   10   12   11   12   12   10   14    9   23   10   12   12   10   14   10   10   10   11   14   11   14    9   12   14   13    9   10   21   19   13   14   11    9   13   10    9    9   14    9    9    9   10   11   11   14   22   12   10   13    9   12   11   10    9   13   11   22   13    9   10   11   13   12   11   11   12   11    9   20   10   14   11   19   14   20   11   14   10   21    9   10   14   10   10   12   10   11   12   10   13   10   11   11   12   13   11   12   12   12   11   11    9    9   13    9   11   12   10   10   12   22   22   11   13   12    9    9   11   12   10   13   12    9   14   14   12   21   13    9   14   11   11   10    9   11   11   19   10   13   11   13   11   12   10   13   10   13   10   12   11   11   11   10   12   13   12   12   10   13   22   11   10   14   12   11    9   14   14   12
   8    8    8    7    9    6    6    8    7    7    8    6    6    8    8    9    9    7    6    7   14    6    7    7    6    7    6    9   14    6    8    9    9    8    9    9    8    9    7    9    9    9    9    8    7    9    7    8    8    8    8    7    9    9    8    6    9    8    7    8    8    7    9    9    8    8    8    9    9    8    8    9    9    6    8   14    7    8    8    7    7    9    9    7    9    6    9    6    6    9    8    7    9    6    9    7    7    6    9    7    9    7    8    8    7    7    9    7    8    9   15    9    6    6    6    8    7    8    8    7    8   15    7    7    9    7    8    6    8    8    8    9    9    9   15    6    9    6    6    8    7    9    7    7    9    7    8    9    9    7    6    9    8    8    8    9    7    9   14    6    9    8    9   15    8    8    7    9    7    8    7    7    7    9    9    8    7    9    7    9    7    6    6    9    8    7    8    6    6    8    8    9    8    9    8    8    9    7    8    6    7    9    8    9    9    7   15   13    7    7    6    7    9   14    7    8    9    9    7    8    6   15    8    9    8    7    6    8    9    6    9    6    9    9    7    8    7    8    8    8    7    8    6    8    9    7    7   13    9    9    8    8    6    8   14    6    7    9    8    9    7    7    6    6    9    9   13    9    6    9    8    7    6    9    9   14    9    7    7    7    7    7    9    7    7    8    9    9    7    8    8    8    7    9    8    6    7    7    6   14    9    7    7    7    8    9    8   15    7    9    8   13    7    8   14    6    9    7    8    9    9    7    7    9    9    8   14    9    9    8    6   15    7    8    9   15   13    8    9    7    7    7    8    8    8    6   13    6    7    6    9    7    7   15    9    8    6    9    7    7    7    8    8    8    9   15    9    6    9    9    9    7    9    8    9    8    8    9    8    7    7   13    7    6   15    9    8   13    9    9    7    7    7    6    9    9    8    7   14    9    9    8    7    8    8    6    8    6    9    7   14    8    9    6   13    7    8    9    7    7    6    9   14    8    9    6    6    6    8    6    9    7   13    9    7    6    7    9    9    7    8    9    8    6    8    8    9    6    7    6    7    8    8    9   14    9    9    7    6    6    7    9    7   14    7    8    6    8    6    7    6    8   14    7    8    6    8    8    6    8    8    9   14    9    8    9   14    9    7    8    9    9    7    8    7    9    8    9    7   15
   5    5    4    8    5    5    4    5    4    3    5    4    4    3    5    5    7    4    3    3    5    4    4    5    5    8    4    4    5    4    5    5    4    4    3    3    5    3    5    5    7    4    4    3    4    7    4    4    3    3    5    4    4    4    5    8    3    4    5    4    4    3    3    4    5    4    7    7    4    4    5    4    4    4    3    4    7    4    3    3    4    7    4    4    4    4    7    5    4    4    4    3    4    3    5    4    5    4    4    5    3    5    8    5    4    4    5    5    3    5    4    3    4    4    5    5    4    5    4    5    4    5    5    7    3    3    5    4    4    4    4    4    3    5    4    3    4    3    4    4    3    4    4    4    4    3    4    4    3    4    3    4    5    5    4    5    5    3    5    3    4    8    7    4    5    4    5    4    3    4    4    5    5    5    4    3    4    4    8    5    3    3    4    3    4    5    4    5    4    4    4    4    7    5    5    4    5    3    5    5    5    5    4    5    4    4    3    5    4    4    4    5    4    5    5    5    7    4    5    4    5    8    3    3    4    4    4    5    3    4    3    4    7    4    4    4    3    4    3    5    4    4    4    4    4    5    5    7    4    5    5    4    3    4    3    3    5    4    4    5    4    8    4    4    7    3    4    5    4    7    8    4    5    7    4    4    7    7    5    4    4    4    4    4    5    3    4    4    4    3    4    4    4    4    4    4    5    5    5    4    4    3    4    4    4    4    4    3    4    4    4    4    4    4    3    3    4    4    4    5    3    4    7    4    3    4    4    3    4    4    4    5    4    5    4    5    4    4    4    5    4    4    5    4    4    5    4    7    4    4    3    4    4    5    4    7    4    8    4    5    7    4    5    4    7    3    3    5    3    4    4    5    7    5    7    5    7    4    4    3    5    5    5    3    3    4    4    5    4    4    4    4    4    5    5    4    4    3    5    4    4    4    5    4    5    4    5    4    5    4    3    4    5    3    4    5    4    4    4    4    4    5    4    7    5    4    4    4    4    4    7    5    7    4    4    3    4    4    4    5    5    4    4    5    5    4    5    5    5    5    4    8    3    7    5    8    5    4    5    5    4    3    4    4    5    4    4    7    8    4    5    4    4    4    5    4    4    4    4    4    4    4    4    4    5    5    4    7    3    3    3    3    4    4    5    4    4    4    3    4
  15   32   17   23   18   18   17   37   20   15   18   21   18   15   19   31   21   20   18   16   22   18   36   21   14   17   15   15   22   31   31   16   22   22   34   15   37   15   17   19   21   16   35   18   15   18   19   16   17   16   19   19   15   19   19   34   20   21   16   21   22   18   19   22   21   18   16   16   17   21   32   22   19   23   32   19   18   18   17   15   22   23   15   17   18   22   23   14   15   20   20   21   22   15   17   22   17   17   19   18   16   20   17   16   33   15   19   37   20   15   18   18   14   15   17   17   22   20   21   16   18   15   16   14   17   22   19   23   17   21   18   22   17   37   16   22   21   16   17   16   14   18   21   34   18   31   18   16   16   22   19   18   15   17   21   17   20   22   17   23   15   17   14   21   21   21   15   22   21   23   16   23   16   19   17   18   17   37   21   22   14   16   20   18   18   22   22   18   16   18   22   20   18   21   18   15   21   14   15   17   20   15   21   33   17   15   15   35   22   17   21   22   23   17   18   21   32   19   18   22   23   22   23   34   22   32   18   36   22   21   35   17   22   32   21   19   15   35   22   17   17   15   16   15   15   16   18   16   19   20   19   18   19   14   14   17   16   33   22   23   22   14   20   14   18   21   22   19   20   16   14   20   20   16   16   20   21   19   18   18   37   38   22   18   16   35   21   19   19   18   19   14   17   21   18   21   21   14   16   14   15   22   20   22   16   16   17   14   18   15   19   19   22   14   15   19   17   21   16   20   32   18   19   17   18   23   21   36   18   23   36   23   15   22   16   23   22   22   18   15   18   17   21   23   15   21   17   22   18   34   22   31   19   15   19   17   19   37   18   20   19   18   18   22   19   16   15   36   14   22   17   20   23   15   22   18   16   15   19   32   17   36   17   33   19   15   21   17   19   16   20   22   17   17   22   15   18   20   20   15   18   23   21   20   17   31   15   21   19   19   19   23   16   19   21   18   38   23   22   15   22   21   16   16   20   15   18   22   16   20   16   19   19   19   34   22   17   16   17   17   15   17   14   15   20   18   19   20   22   18   17   32   16   17   19   17   16   22   18   17   14   16   15   15   18   16   16   14   35   21   23   19   21   36   22   17   21   17   19   21   16   34   15   22   18   19   15   20   20   16   14   34   19   21   20   22   22   23   22   19
   9    6    6    7    8    7    8    8    8   13    8    7    7    7   14    7    8    8    9    9    8    6    6   15    7   15    8    9    9    9    8    9    9    9    8    8   14    8    6    8    7   15    6    7    7    7    7    9    6    8    8    6    7    8    6    9    6    7    9    8   14    7   13   15    6    9    7    9    7    7   15    8    6    6    6    9    7    6    9    8    8    8    8    8    9    8    6    9    8    9    8    9    7   15    9    7   14    8    6    7    6   14    6    7    6    6    7    7    9    6    9    7    9    8    9    9   13    8    8    9    8    6    7    9    8    8    7    8   13    6    6    7    7    9    6    6    8    8    8    9    7    9    9    6    7   15    9    8    6    6    8   15    7    9    9    8   15    7    7    6    6    8    7    8    8    9    7   13    6    9   14    7    9    7    9    8    9    7    7    9    9    9    9    7    8    6    9    9    7    8    7    7    9    7    8   15    6    8    9    7    6    6    8    6    7    7    8    9    7    9    9    9    9    6    8   13    6   14    8    7    8    8    9    6    9    8    8    8    8    6    9    7    8    8    8    9    9    9    7    9    8    8    7    7    9    7    6    6    9    7    8    8    8    9    8    9    8    7    7    6    8    6    8    8   15    7    8    9    7    8   13    6    7    8    6    8    8    6    7    7    8    9    6    8    8    8    8    7    9    8    8    7    8   14    9    9    7    7    7   14    9    7    6    7    6    9    9   15    8   15    9   13    7    9   13    7    7    7    8    9    9    8    7    9    6   15    7    7    8    6    7    7    6    8    9    8    7    7   14    9    8    9    6    6    6    7    9    8    9    8    8    8    9    9    6    6    7    7    9    7   15    9    6    7    9    9    7    9    7    6    9    9    9    9    9    7    8    7    7    7   14    7    6    8   13    9    7    6   13    7    8    9    8    6    7   13    7    8    7    7    7    9    8    9    6    7    7    8    6    6    7   13    8    6    7   14    6    9    9    9    7    6   15    7    7    7    6    8    7    6    6    9    6    8    8    9    7    8    8    7   15    8    9    7    6    6    9    7    7    7    7    7    9    9    7    9    9    7    7    7    8    7    7    6    6    7    9    9    9    7   15    8   14    9    9    7    7    9    7   14   15    7    9    6    8    8    7    9    7    6    7    9   15    6    9    9    9    9    7    6
  12   17   14   11   25   11   13   14   13   14   13   27   13   11   26   17   15   12   14   14   14   26   17   17   15   14   27   17   17   24   15   15   12   23   17   11   16   11   13   16   14   15   14   14   23   12   13   12   14   13   16   24   12   12   27   14   16   16   11   14   15   14   12   17   14   11   16   11   13   13   11   15   17   14   14   14   13   11   12   27   14   10   28   16   10   25   27   13   11   16   13   15   14   12   17   27   16   13   12   16   14   25   16   26   13   11   15   23   12   11   25   13   14   16   12   17   12   14   17   16   13   13   15   23   15   15   14   11   14   23   10   17   10   11   13   15   12   14   14   13   11   14   14   24   11   16   13   17   13   16   16   12   17   12   24   24   11   16   12   25   12   17   16   16   16   28   13   14   12   16   11   16   14   23   12   16   13   12   14   12   12   12   14   13   16   14   17   13   14   13   16   14   12   14   16   13   17   12   15   17   28   25   11   11   14   12   12   16   15   15   15   16   15   15   17   13   11   15   12   12   24   14   14   13   13   12   12   15   16   13   16   13   11   12   11   11   12   12   15   13   15   17   16   14   15   13   27   14   11   15   23   13   11   13   17   16   14   12   17   13   16   13   17   13   24   12   15   24   14   12   15   14   16   14   24   16   17   12   15   13   13   25   17   14   14   16   26   13   13   15   24   15   23   16   17   13   16   16   17   14   26   16   13   15   16   16   13   14   11   15   17   12   12   13   15   15   14   16   13   15   12   26   14   13   16   11   17   16   13   11   11   15   16   16   13   14   26   11   14   13   13   23   11   12   11   26   12   13   12   16   14   14   10   15   14   15   13   11   16   11   11   13   16   12   17   26   15   15   15   14   13   27   26   12   16   28   17   12   15   14   17   12   11   25   16   11   11   11   12   17   16   11   11   11   12   12   17   16   17   25   12   16   12   14   13   11   15   12   15   13   11   16   13   16   12   15   14   11   12   13   25   13   11   13   15   25   28   15   16   14   13   12   24   28   11   15   14   12   11   16   12   17   12   14   16   16   14   16   14   25   11   11   26   14   13   16   14   13   14   11   12   15   27   12   16   15   16   16   14   17   15   14   13   12   16   13   12   15   11   15   14   13   23   13   13   12   17   11   15   10   24   15   14   14   11   11   13   13   16   11
   5    3    4    4    4    4    7    4    4    3    4    4    7    3    5    4    5    4    8    4    4    4    5    4    3    5    4    3    7    3    5    3    3    4    5    4    5    5    7    5    4    4    3    3    8    4    5    5    5    4    4    5    5    4    3    5    5    4    4    3    3    3    7    4    4    4    4    5    3    4    4    4    5    4    3    4    4    3    5    4    4    3    3    5    3    4    4    4    5    5    8    5    5    3    7    5    5    4    3    4    3    5    4    4    4    4    7    4    4    4    7    4    4    3    4    5    5    7    4    3    4    4    4    4    4    4    3    7    4    5    5    3    5    4    5    4    5    5    4    3    4    7    3    4    4    4    7    4    5    5    5    8    4    4    4    5    4    5    5    4    5    4    3    4    4    8    4    7    4    4    3    3    3    4    5    5    5    4    5    5    3    5    5    4    5    4    4    4    3    5    4    4    5    5    4    3    4    3    4    4    4    5    5    4    4    4    4    4    4    4    3    4    4    4    4    3    4    4    4    4    5    4    4    4    4    3    4    5    3    5    4    4    5    4    4    3    4    3    4    5    7    7    7    4    4    4    5    3    5    3    4    4    5    7    4    4    3    5    4    5    5    4    5    5    3    8    5    8    4    4    4    3    4    4    8    4    3    4    5    4    4    4    4    4    3    5    4    3    4    5    4    4    3    4    7    4    4    4    4    3    4    5    5    7    5    4    4    4    5    4    3    7    5    4    4    3    4    7    3    3    4    5    4    4    3    3    5    4    3    3    5    4    8    4    3    8    7    5    4    5    4    3    4    7    4    4    4    5    4    3    4    4    4    4    5    5    4    4    4    4    3    4    4    4    3    5    4    4    4    4    5    5    5    4    4    3    4    4    4    4    4    4    4    5    4    4    4    4    4    5    5    7    5    5    4    3    5    5    4    7    3    4    5    3    5    3    7    4    4    4    4    8    5    5    4    5    5    4    7    5    4    4    3    4    4    4    4    5    3    4    5    4    5    4    4    5    4    5    3    3    5    5    4    4    7    4    3    8    3    4    5    5    4    5    3    4    5    4    3    8    4    5    7    4    4    4    4    3    5    3    8    4    5    4    5    7    5    8    8    4    3    4    3    7    7    4    4    5    4    3    8    4    5    5    5    4    5    4    4    4
