spsp
18
2
500
53 31 27 47 66 36 34 59 36 10 62 8 26 51 55 67 24 30 
58 40 36 61 73 48 48 66 41 14 71 18 36 56 68 76 30 39 
10 10 
0.002 0.002 0.002 0.002 0.002 0.002 0.002 0.002 0.002 0.002 0.002 0.002 0.002 0.002 0.002 0.002 0.002 0.002 0.002 0.002 0.002 0.002 0.002 0.002 0.002 0.002 0.002 0.002 0.002 0.002 0.002 0.002 0.002 0.002 0.002 0.002 0.002 0.002 0.002 0.002 0.002 0.002 0.002 0.002 0.002 0.002 0.002 0.002 0.002 0.002 0.002 0.002 0.002 0.002 0.002 0.002 0.002 0.002 0.002 0.002 0.002 0.002 0.002 0.002 0.002 0.002 0.002 0.002 0.002 0.002 0.002 0.002 0.002 0.002 0.002 0.002 0.002 0.002 0.002 0.002 0.002 0.002 0.002 0.002 0.002 0.002 0.002 0.002 0.002 0.002 0.002 0.002 0.002 0.002 0.002 0.002 0.002 0.002 0.002 0.002 0.002 0.002 0.002 0.002 0.002 0.002 0.002 0.002 0.002 0.002 0.002 0.002 0.002 0.002 0.002 0.002 0.002 0.002 0.002 0.002 0.002 0.002 0.002 0.002 0.002 0.002 0.002 0.002 0.002 0.002 0.002 0.002 0.002 0.002 0.002 0.002 0.002 0.002 0.002 0.002 0.002 0.002 0.002 0.002 0.002 0.002 0.002 0.002 0.002 0.002 0.002 0.002 0.002 0.002 0.002 0.002 0.002 0.002 0.002 0.002 0.002 0.002 0.002 0.002 0.002 0.002 0.002 0.002 0.002 0.002 0.002 0.002 0.002 0.002 0.002 0.002 0.002 0.002 0.002 0.002 0.002 0.002 0.002 0.002 0.002 0.002 0.002 0.002 0.002 0.002 0.002 0.002 0.002 0.002 0.002 0.002 0.002 0.002 0.002 0.002 0.002 0.002 0.002 0.002 0.002 0.002 0.002 0.002 0.002 0.002 0.002 0.002 0.002 0.002 0.002 0.002 0.002 0.002 0.002 0.002 0.002 0.002 0.002 0.002 0.002 0.002 0.002 0.002 0.002 0.002 0.002 0.002 0.002 0.002 0.002 0.002 0.002 0.002 0.002 0.002 0.002 0.002 0.002 0.002 0.002 0.002 0.002 0.002 0.002 0.002 0.002 0.002 0.002 0.002 0.002 0.002 0.002 0.002 0.002 0.002 0.002 0.002 0.002 0.002 0.002 0.002 0.002 0.002 0.002 0.002 0.002 0.002 0.002 0.002 0.002 0.002 0.002 0.002 0.002 0.002 0.002 0.002 0.002 0.002 0.002 0.002 0.002 0.002 0.002 0.002 0.002 0.002 0.002 0.002 0.002 0.002 0.002 0.002 0.002 0.002 0.002 0.002 0.002 0.002 0.002 0.002 0.002 0.002 0.002 0.002 0.002 0.002 0.002 0.002 0.002 0.002 0.002 0.002 0.002 0.002 0.002 0.002 0.002 0.002 0.002 0.002 0.002 0.002 0.002 0.002 0.002 0.002 0.002 0.002 0.002 0.002 0.002 0.002 0.002 0.002 0.002 0.002 0.002 0.002 0.002 0.002 0.002 0.002 0.002 0.002 0.002 0.002 0.002 0.002 0.002 0.002 0.002 0.002 0.002 0.002 0.002 0.002 0.002 0.002 0.002 0.002 0.002 0.002 0.002 0.002 0.002 0.002 0.002 0.002 0.002 0.002 0.002 0.002 0.002 0.002 0.002 0.002 0.002 0.002 0.002 0.002 0.002 0.002 0.002 0.002 0.002 0.002 0.002 0.002 0.002 0.002 0.002 0.002 0.002 0.002 0.002 0.002 0.002 0.002 0.002 0.002 0.002 0.002 0.002 0.002 0.002 0.002 0.002 0.002 0.002 0.002 0.002 0.002 0.002 0.002 0.002 0.002 0.002 0.002 0.002 0.002 0.002 0.002 0.002 0.002 0.002 0.002 0.002 0.002 0.002 0.002 0.002 0.002 0.002 0.002 0.002 0.002 0.002 0.002 0.002 0.002 0.002 0.002 0.002 0.002 0.002 0.002 0.002 0.002 0.002 0.002 0.002 0.002 0.002 0.002 0.002 0.002 0.002 0.002 0.002 0.002 0.002 0.002 0.002 0.002 0.002 0.002 0.002 0.002 0.002 0.002 0.002 0.002 0.002 0.002 0.002 0.002 0.002 0.002 0.002 0.002 0.002 0.002 0.002 0.002 0.002 0.002 0.002 0.002 0.002 0.002 0.002 0.002 0.002 0.002 
  28   19   26   21   19   25   26   30   26   26   18   19   27   31   26   18   24   32
  41   40   53   42   43   53   29   40   41   35   50   53   43   34   52   28   33   43
   4    8    7    8    4    3    4    4    5    7    5   10    4    7    9    6   10   10
   3    6    9    2    4    6    9    6    6    2    6    9   10    3   10    4    8    2
  13   23   15   11   20    3    8   22    5    5   15   25   13   15   10   21   23   22
  14    8    4   15   14   10   10   14    9    3    5    8    4   12    3   12    9    6
  14   27   13   15   15   18   14   12   14   13   18   15   18   13   20   17   20   15   16   18   16   13   16   18   15   13   14   12   15   17   16   18   14   14   12   19   30   13   15   18   16   19   30   30   18   19   17   15   16   16   20   13   19   13   13   12   13   15   17   18   17   13   16   17   15   19   14   16   19   14   13   14   12   15   13   14   18   12   12   19   15   12   16   19   15   15   18   27   18   15   14   12   15   17   27   17   28   14   12   17   17   14   19   15   18   15   19   20   19   17   19   14   16   13   18   20   17   15   17   13   18   15   13   14   16   16   17   18   14   13   13   16   14   18   13   15   17   18   18   15   18   17   17   16   13   18   18   16   17   16   19   20   15   31   17   16   16   19   16   18   16   20   15   15   13   18   15   13   27   13   19   14   13   20   16   18   15   17   17   20   17   17   13   13   18   18   16   17   13   16   15   16   17   16   16   17   18   17   14   16   19   15   14   12   33   30   15   29   19   15   18   30   15   16   15   19   16   18   33   15   12   17   18   17   15   19   16   29   29   17   17   15   16   13   29   12   14   19   19   16   16   13   16   18   32   12   15   18   14   16   14   15   12   17   17   12   14   13   17   28   15   13   17   14   19   14   17   14   16   18   16   20   18   19   30   16   16   16   17   13   17   15   15   18   18   16   13   16   15   16   14   18   17   12   13   15   16   20   17   20   15   16   18   14   29   15   13   20   15   19   15   16   13   16   14   12   20   16   13   17   14   16   27   14   13   12   15   12   13   20   13   19   16   13   14   16   19   16   19   29   14   17   19   16   17   17   14   29   14   19   15   14   18   19   15   15   17   13   19   17   17   31   14   30   14   13   14   18   27   17   20   17   30   32   19   18   14   27   18   19   16   14   30   14   15   15   12   29   18   15   13   14   18   12   13   15   19   16   17   18   16   12   14   14   20   15   13   19   18   12   17   19   18   16   28   16   16   16   19   13   17   14   19   19   15   18   15   12   14   15   15   16   14   14   12   16   13   18   28   13   17   13   19   19   17   20   30   16   15   15   14   14   13   13   15   19   30   29   14   15   19   15   15   19   13   14   18   12   18   17   16   32   19   20   17   17   18   15   18   19   15   17   17   30   17   13   18   17   13   13   18   18   16   15   17   13   17   18   16   16
  25   27   22   31   26   22   32   31   35   27   27   77   34   33   29   29   34   23   22   34   27   26   34   29   29   29   30   27   22   34   31   33   35   25   28   27   32   34   91   31   23   22   25   24   26   32   77   22   24   28   34   34   32   26   30   29   22   24   26   29   81   26   33   24   27   26   35   29   25   32   31   26   23   31   25   30   32   23   85   30   28   25   25   32   22   31   88   74   22   26   22   79   23   71   27   33   29   29   27   33   24   31   29   26   80   28   33   23   30   29   34   82   27   28   26   25   31   22   23   22   34   33   27   29   27   34   30   31   80   87   30   27   34   22   32   32   27   30   34   31   25   30   25   30   24   30   33   23   22   28   30   23   34   30   22   22   25   26   23   78   23   34   30   27   32   34   23   34   83   23   32   26   34   33   92   35   23   22   89   30   35   23   34   30   80   29   29   28   31   21   29   34   84   28   84   27   28   25   25   31   29   26   32   23   31   32   26   29   29   27   23   21   30   25   34   87   22   27   34   25   24   79   27   30   78   26   31   35   28   23   34   32   84   31   22   33   25   31   27   28   22   35   28   24   33   26   26   33   24   90   33   29   30   24   86   24   21   29   34   34   32   22   29   74   34   91   31   33   29   30   78   25   32   90   28   80   28   32   32   28   31   88   27   27   30   23   77   22   27   28   24   87   27   24   31   33   23   29   33   28   27   29   33   26   27   70   26   33   29   28   27   31   26   32   32   22   33   35   29   23   25   23   34   28   30   24   34   32   33   27   32   27   28   27   30   31   30   27   33   30   23   22   31   28   28   29   25   30   25   30   24   33   30   32   22   23   23   27   28   30   23   32   35   27   34   33   22   31   22   34   23   76   32   27   21   29   26   87   91   22   31   30   27   24   78   33   26   22   27   72   34   34   29   34   75   24   35   30   24   27   22   26   30   23   33   27   34   28   22   34   31   34   23   33   73   27   30   29   24   22   33   22   32   34   25   87   25   27   29   32   31   22   32   27   27   34   22   33   30   25   32   32   25   25   31   22   25   24   31   33   27   28   22   27   33   24   27   28   22   23   21   24   29   88   29   21   28   22   26   22   30   29   31   32   79   77   29   34   21   24   22   33   35   28   22   22   32   33   24   31   31   33   26   30   31   35   22   35   23   31
  15   22   20   17   17   19   20   14   21   34   21   15   20   19   18   16   14   20   19   16   23   23   21   18   23   14   18   17   18   22   17   21   19   17   22   14   22   20   21   21   22   21   22   22   23   18   14   16   20   18   15   19   16   18   34   18   17   16   23   17   15   20   22   18   15   19   18   22   15   18   33   18   19   15   20   19   15   22   15   19   22   21   15   16   36   23   18   17   18   20   17   15   23   23   18   17   17   22   23   14   20   19   15   17   21   18   22   15   14   19   15   14   17   14   19   17   20   16   15   19   19   17   19   19   15   22   20   15   33   16   23   22   22   35   16   14   17   23   37   19   22   21   18   18   18   18   21   21   15   22   19   19   23   22   32   22   14   31   22   14   14   17   23   16   19   37   18   15   21   17   22   17   20   17   22   20   21   16   16   15   18   22   19   15   17   16   34   15   23   21   16   15   16   20   15   35   20   14   18   20   20   15   20   15   17   16   19   22   31   22   17   19   16   21   38   19   23   36   20   22   37   17   21   17   15   19   19   17   22   16   21   21   15   21   15   19   20   18   17   23   37   16   14   22   20   18   15   15   15   31   18   17   19   16   20   17   16   22   15   21   23   18   19   34   21   21   22   15   15   22   17   20   31   18   18   15   14   34   14   15   21   16   17   16   31   18   20   32   16   18   20   16   33   17   22   35   16   19   31   17   17   23   22   22   22   21   37   36   21   15   34   35   32   20   22   20   14   23   17   18   17   19   20   18   16   19   16   15   18   16   17   16   19   17   38   22   16   21   18   19   15   15   17   20   18   18   22   22   23   17   19   15   20   19   18   22   15   15   20   16   16   14   18   19   22   23   31   20   21   22   19   34   16   15   16   18   20   37   17   16   22   15   22   17   15   22   18   19   18   20   16   18   23   32   18   22   15   14   14   14   20   16   16   23   15   16   15   22   21   20   14   20   16   19   21   37   20   23   33   36   18   19   15   16   18   16   21   15   15   17   21   14   22   22   32   15   22   21   18   20   19   16   20   17   14   19   15   17   14   34   21   16   22   14   34   19   16   23   14   17   16   35   22   16   16   16   21   20   22   15   21   21   16   16   15   16   17   17   22   32   17   20   20   15   15   19   19   33   19   16   36   21   20   21   18   20   16   19   21   15
  16   17   12   13   11   12   11   15   26   15   13   14   12   14   10   12   13   26   12   11   12   15   27   17   12   15   12   12   13   12   23   13   12   14   25   16   11   15   13   16   17   16   12   14   14   12   11   15   15   11   15   14   11   13   15   11   12   13   17   13   11   13   15   11   10   23   24   15   13   15   14   14   14   12   16   15   11   11   14   16   12   13   13   23   17   11   13   13   15   28   13   16   25   15   16   15   16   12   13   13   25   15   15   15   17   15   12   17   12   25   15   13   16   14   17   11   15   13   15   16   11   15   23   17   17   16   16   15   13   14   15   16   11   11   17   11   11   12   15   24   11   15   17   10   12   15   13   16   16   13   12   26   12   12   14   11   17   15   14   15   16   14   14   11   15   14   12   13   13   15   14   11   16   14   11   27   13   12   13   11   15   12   14   13   12   28   25   16   11   27   17   12   13   16   10   26   17   15   15   15   14   12   16   14   17   13   11   16   14   25   12   13   25   12   16   13   12   16   24   15   14   13   16   15   15   13   16   11   14   15   14   17   15   16   11   24   12   12   24   23   14   14   12   12   15   11   11   25   14   13   12   14   24   10   16   27   14   24   17   16   16   15   11   12   13   15   12   13   17   11   11   13   25   11   14   16   12   17   23   16   12   12   23   13   14   14   15   11   11   28   17   24   15   15   14   17   16   17   17   13   11   11   14   15   15   12   12   15   11   14   15   15   11   13   14   14   15   15   12   13   16   12   16   13   10   14   10   23   11   14   12   17   16   24   23   16   15   13   16   26   12   12   12   15   11   13   10   13   15   15   16   16   12   11   13   14   12   14   16   23   15   14   16   13   12   16   14   17   26   17   15   23   14   15   15   11   27   12   15   11   11   13   11   15   15   17   14   11   15   11   13   16   14   13   11   14   17   16   11   25   14   15   15   11   15   15   11   15   13   17   11   13   28   11   12   13   15   14   14   14   11   16   10   24   14   23   16   12   15   15   12   23   12   14   17   11   24   13   16   16   16   15   11   11   24   15   12   14   26   17   15   16   15   15   15   14   15   16   13   12   17   13   16   11   14   14   13   15   11   27   13   17   13   15   11   17   13   15   15   13   13   16   12   15   14   10   13   16   15   16   17   12   15   13   12   27   25   12   15   12
  25   21   26   22   75   19   23   30   25   22   24   30   24   24   25   22   28   21   20   19   30   80   24   28   29   23   75   70   63   23   30   19   20   30   26   27   25   24   22   25   23   20   20   21   20   24   27   70   19   27   24   25   19   25   22   28   24   62   19   30   25   24   19   79   24   64   29   25   25   23   28   29   19   24   24   20   28   25   19   74   80   19   19   24   28   27   27   23   19   30   25   62   29   24   24   70   24   24   21   24   26   73   20   24   30   29   20   23   24   24   23   19   28   27   19   21   21   24   25   22   22   20   24   28   20   22   24   23   26   26   27   68   26   30   25   29   29   24   20   22   22   69   29   24   27   19   24   70   79   29   30   21   28   23   30   23   70   27   29   24   26   28   29   24   23   28   25   70   30   20   22   27   25   26   20   30   24   22   22   27   29   22   19   24   26   20   19   22   28   28   24   23   19   72   23   30   29   28   26   24   24   30   29   29   24   24   21   19   24   74   70   30   22   30   63   21   26   27   20   25   21   19   22   30   28   20   26   24   29   68   74   19   20   22   28   23   21   65   24   19   28   28   65   28   73   27   19   23   28   80   23   22   19   30   27   21   20   30   27   22   21   19   22   25   27   23   23   29   19   26   30   26   28   24   19   24   20   28   24   30   20   21   26   23   27   30   25   26   76   23   77   72   19   25   21   27   24   23   30   24   21   29   23   29   72   19   23   63   25   22   27   24   22   24   24   63   21   24   26   30   22   20   73   23   30   20   78   19   27   20   27   25   28   22   25   26   29   29   23   19   22   26   29   25   23   29   69   29   24   63   19   28   65   76   29   27   24   20   27   28   22   30   26   23   24   25   30   23   20   71   29   22   19   19   65   30   26   21   21   24   21   80   28   28   65   23   61   28   22   27   69   28   22   23   26   30   30   27   19   30   30   29   19   22   24   20   21   30   24   24   21   79   79   26   27   22   26   29   26   23   20   25   27   25   69   23   26   23   26   20   23   24   25   66   30   27   22   19   22   27   24   27   28   21   24   24   22   19   21   27   24   80   29   30   28   21   30   23   27   21   30   25   19   28   26   20   28   19   30   21   22   19   26   23   26   22   19   77   20   62   65   25   30   28   21   29   27   75   27   26   28   23   30   28   23   25   27   21   30   19
   5    4    3    4    4    4    8    7    3    4    3    4    4    5    5    4    4    4    8    3    3    4    4    4    4    5    5    3    4    4    4    8    4    5    4    5    4    3    4    4    4    5    4    4    8    4    5    4    4    5    4    7    4    7    4    5    4    4    3    7    4    5    4    5    4    3    4    5    7    8    4    4    4    7    5    5    3    4    4    4    7    3    3    5    4    4    4    4    5    5    5    3    4    4    4    4    4    3    3    4    4    4    3    5    4    4    4    4    5    3    5    4    4    5    4    4    4    4    3    4    4    5    4    4    4    5    4    4    4    4    4    4    4    4    5    4    4    4    5    4    7    4    4    4    3    4    4    4    4    8    5    4    8    3    7    5    4    3    4    5    4    7    4    4    4    5    4    5    4    4    4    5    4    4    5    3    4    5    4    7    7    3    4    5    4    4    7    4    4    5    4    5    3    3    5    8    4    5    4    4    4    7    8    4    4    4    4    4    4    3    3    5    3    3    4    4    4    4    7    4    5    4    4    4    7    4    5    4    4    4    4    4    4    5    3    8    4    5    5    5    4    5    5    5    3    7    4    4    4    4    4    4    8    4    5    4    5    3    3    4    5    4    8    5    4    4    5    4    3    3    8    5    4    5    4    5    5    4    4    5    4    4    4    4    5    5    4    4    4    3    5    5    4    8    3    3    5    4    4    5    8    4    3    5    4    4    4    5    4    5    4    3    4    5    8    4    4    4    4    3    4    4    5    4    4    8    4    4    4    4    5    5    5    4    4    4    4    5    7    5    4    7    5    4    3    7    4    4    4    3    4    5    8    8    4    4    4    4    4    4    4    4    4    4    4    8    8    4    4    5    3    5    4    3    5    4    4    3    3    5    7    7    5    4    5    4    4    4    4    5    4    4    5    5    4    4    3    5    3    7    4    5    4    4    3    4    3    7    3    5    4    3    5    4    4    4    7    4    4    4    3    4    4    4    4    5    5    8    4    4    4    4    8    4    4    4    3    5    4    5    3    4    4    5    3    5    4    7    4    4    3    5    5    3    5    3    3    5    5    4    4    4    4    5    4    4    4    4    3    4    3    7    5    5    4    5    4    3    5    5    4    4    7    3    4    5    5    3    4    4    7    3    4    4    4    4    4    3    4    4
  10    8    9    9    9   12   10    9   19   10   12   12   11   12    9    9   12    8   11    9   12   12    9   12   12   12   18   10   11   10    8    9   11   12   10    8    8   11   11   10   10    8   12    8   11   10   11   11   20   11    9   12    9   11   11    9   10   12    8   11   10    9    9   10   11   12    9   11   11   19    8   10   20   12   12   12    8   11   17    9   12   17   12   12   11   10   10   12    8    8   10   20    9   19    8    8   11   17   12   11    9   11   20   12    9   12   11   11   11   12   18   12   12   10   12    9    9    9   17   10   18    8    9   10   11   12   11    8    8    8   10    8   10    8   19   10   11   11   11    8   11    8    9    9   18   20    9   11    9   12   11   12    8   10    9    9   10   11    9   12   10    8   11   11   10    8   11   11   10    9   11   10    8    9   11   12    9   10   12    8    9   12   12   10   12   11   10   10   10   11   12    9   11   10   11    8   19   18    9   17   11   10   12   12   10   17    9   11    9   20   11   10    8   10   20    8   11    9   19   12    9   11    8   11   10   10   10    8   12   11    8   11   12   11   10    8    9   11   12    9   10   12   12   19   10   17   10    8    9   11   12    9   12   12   11    9   12   11    8   12   12   11    9   11   12    9    9   12   12   10    9    9    8    9    9   10    8   10   12    9    9    8    8    9   10   12    9    9   11   17   12    9   19    8   12    8   17    8   11   10    8    9   10    9    9    9   11   11   10   11   11    8    8    8   10   12   11   11   12   11    9   20   11   17   12   10   12   11   19   11   12    9    9    8    8    9   11    9   10    8   12    8   11    8   17   10    9   10   12   20   20   19    9   12   10   10   12   10    8    9    8    8   12    9    8   12    9   10   11   11    9    9    9   12   17   11   12   11   10   10    8   11    9    9   12    8   11   10   10   19   18   11   19   11   12   10    9   12    8    8    8   19   12   10   11   11    8   10    8   17   11   11    8   11   17    9   18   11   10   18   19    9    8    9    9    9   11    9   12   10   18    9   10    8   11   12    9    8    9   12   11   20    8   11   12   11   19   11    8   20   10   10   11   12   12   11   10   12   17   10   12   11   10   11   11   10   10    8    8    9   11   11   12   11   12    9   10    9   11   12    9   10   11   10   10   17    9   10    9   11    8   17    9   12   19    8   12   10    8    8
  28   24   22   31   32   27   23   23   20   27   26   32   23   32   29   26   32   30   23   33   28   32   28   29   32   23   33   28   32   23   88   33   28   27   31   30   33   26   32   28   28   22   29   28   77   23   23   27   28   25   88   32   74   26   21   28   31   28   20   81   22   70   32   23   24   86   27   23   70   86   72   25   24   24   32   21   32   30   28   25   21   30   32   23   23   28   28   21   22   27   22   21   82   87   24   28   27   27   24   23   24   27   82   23   31   23   22   26   24   31   33   31   20   21   27   22   27   24   24   26   28   21   24   23   32   25   30   21   26   27   22   22   68   23   30   32   32   69   21   30   30   25   85   30   78   24   67   20   32   22   25   72   21   33   22   25   25   33   31   20   27   84   26   25   69   20   24   31   24   29   25   25   22   72   21   29   30   25   24   27   22   25   27   26   29   24   30   27   23   27   31   24   25   22   23   21   26   27   26   32   29   29   25   28   25   32   21   33   27   25   29   81   27   25   26   32   21   32   22   27   26   27   22   29   24   29   30   27   26   24   32   27   25   26   29   22   29   22   33   29   23   27   22   80   69   25   28   22   33   28   31   32   25   28   32   26   22   23   23   23   24   30   67   30   74   33   68   26   26   24   31   25   20   21   33   33   29   24   68   29   28   26   27   28   31   83   33   32   33   23   21   76   24   28   27   23   24   24   27   21   26   27   73   22   22   74   21   28   29   33   25   32   31   31   27   74   21   24   30   21   23   22   21   20   26   31   30   28   28   30   29   88   32   20   29   33   30   23   24   22   31   24   33   26   31   21   32   28   25   22   23   26   22   32   27   33   20   33   21   80   21   23   21   23   24   33   23   72   75   23   25   33   31   74   22   33   79   23   22   23   31   33   22   25   22   29   28   29   21   28   32   29   77   24   22   29   26   21   24   30   26   78   25   25   26   29   25   29   26   21   31   21   33   31   23   32   32   30   22   23   30   21   23   33   31   33   31   22   30   25   28   26   31   30   33   80   23   28   30   26   27   25   32   30   25   32   25   23   25   28   31   33   26   24   25   27   30   27   29   31   28   23   22   28   28   87   74   28   22   24   30   31   21   29   29   22   83   22   23   31   27   27   22   23   28   23   26   26   24   28   30   29   27   25   32   27   33   25   21   69
   8   12    7    7    7    5    5    8    7    7    6    7    6    7    6    7    8    6    6    7    7    6    7    7    5    6    6    6    6   13    6    5    6    8    8    7    6    7    5    5    7   11    5    7    5    7    8    6    6    6    7    5    5    7    6    5    7    5    5   11    7    6    8    7    7    7    8   11    5    5    6    6    7    7    8    8    8    8   11    6    6   12    8    8    6    6    8    6    7    6    6    7    7    7    6    5    5    6    7    6    7    5    5    7    7    6    7    7   11    7    7    7    6    7    7    5    6    6    8    6    8    7    6    8    6    6    8    8    7    5   11    8    5    7    7    6    7    5    7    7   11    6    7    5    8    6    7    8    8    8    6    8    7    8    6    8    6    7    6    7    7    7    6    6    6    7    6    6    7    8    8    6    6   12    7    6   12    7   12    6    6    7    7    7    8   12   12    8   11   11    7    6    8   12    5    6    7    6    8    7    6    8    7    7    6    7    7   11    6    7    7    7    8   13   12    7    6    7    6    5    6    8    8    6    6    5    7    7    7    6    7    6    6    8    8    8    6    8    7    5    7    7    6    7   13    6    6    6    8    5    6    8    7    5    5    7    7    6    6    6    6    7    8    6    8    7    6    7   13    7   11    7    6    6    7    8    6    5    6    6    5    6    5    5    5    7    6    5    5    8    7    6    7    7    7    5    7    7    6    5    7    7    7    7    8   12    5    8    5    6    8    6    7   11    8    7    7    6    7    6    7    7    5    7    6    5    7   13    5    6   11    6    7    7   12    6    7    7    8    8    5    5    7    7    5    7    7    6    6    7    7    7    7    7    6    6    6    7    7    7    6    6    6    7    7    8    8    7    8    7    8    8    8    8    7    6    8    5    5    5    7    5    6    6    5    6    6    6    7    8    6    6    5    8    6    7    7    8    6    5    6   13    6    6    7    7    6    6    6   11    5    6    7    6    7    6    7    7    8   11   11    8    7    5    8    7    5    6    6    7    8    8    7    7    7    5    6    7   12    7    7   12    6    6    6    6    8    7   12    7   12   12   13    8    6    6    5   11    5    7    7    6    8    7    6    6    7    7    6    7   12    8    7    7    6    6    8   11    8    7    7   11    7    5    7    6    8    8    5    7    5   11    6    6    7    7    8    7    8    7
   7    7    8    5    7    7    5    7    5    5    7    6    8    6    6    6    6    8    7    5    5    7    8    6    7    5    7    7    7    7    6    6    7    7   12    5    6    7   12    7    7    6    6    6    5    7    6    5    6    7    7    6    7    8    6    7   11    8    6    7    5    7    8    6    5    6    6   11    5    7    7    7    5    6    7   11    5    6    5    6    6   11   12    8    8    5    7    6    8    8    8    5    7    5    7   12    8    7    8    6    6    6    6    6    7    5    6    7    5    5    7    5    6    6    6    7    6    7    8    8    5    6    7    6    6    6    6    6    6    7    6    6    6    7    5    8    7   11    6    6    7    7    7    6   12    8    6    7    8    5    7    6   12    8   13   11    6    7    7    7    7    7    7   11    8   13    6    7    6    5    6    5    6    7    5    6    7   12    5    6   13   11    6   12    8    7    6    5    6    8    7    5    6    7    5    8    5    8   12    7   11   11    7   11    5    5    7    7    8    8    8    5    7    7    6    7   12    8   11    8    8    8    7    7    5   12    5    6    7    6    6    6    5    6    6    5    6    7    7    7    6    5    7    6    7    6    6    5    6    8    6    6    5    7    5    6    6    6    7    7    6    6   12    6   13   12    7    5    6    5    6    8    6    7    8    6    8    5   11    7    7    6    7    8    7    6    6    5    6    5    5    8    6    7    6    8    6    7    5    8    6    6    7    6    7    7    6    6    6    6    7    5    7    7   11    5    6    8    7    7    6    5    8    7    8    8    6    5    8   11    5    6    6    5    5    6   12    6    7    6    7    6    6    7    5    7    5    7    5    5    7    8   13    6    6    6    6    7    5    6    6    8    7    6    8    5    8    6    7   13    8    6    7    7    8    5    6    8    7    6    6    7   12    7    7    7    7   12    6    5   11    5    7    6    7    8    5    6    5    7    7    7    6    6    6    6    6    6    7    6    7    7    6    5    6    5    7    7    7    7    7    6   11   12    5    7    6    5    6    7    7    6    5    6    8    8   11    8    5    7    6    6    6    6    5   13    6    6    7    8    8    5    8   12   13    8    7    8    5    6    6    8    7    6    7    6   12    7    6    5    6    6    7    8   13    8    7    8    7    7    7    6    7    6    5    5    5    6    6    6    6    7    8    6    8    7    6    5    5    8
  19   21   22   17   22   18   23   21   37   16   21   15   37   21   18   16   15   18   21   18   17   15   16   17   35   18   19   19   22   15   21   33   15   31   21   16   22   14   20   15   14   15   15   21   17   22   18   21   19   21   35   16   16   38   18   23   21   31   23   21   19   16   21   16   14   19   21   17   20   18   22   14   19   36   19   21   20   20   19   19   22   19   19   22   23   16   17   22   15   17   32   22   19   23   35   19   15   21   14   16   21   15   19   37   20   15   16   15   18   15   37   16   23   15   16   14   16   17   22   20   18   16   15   15   15   21   21   23   33   20   19   17   15   23   18   17   19   18   22   22   16   19   23   14   14   32   17   15   19   33   22   20   20   16   19   15   16   19   17   33   38   21   22   32   19   17   37   23   18   17   32   20   17   23   19   15   21   19   17   20   21   32   22   34   37   15   16   15   20   19   17   18   20   19   15   22   20   19   22   21   17   22   19   19   20   22   21   16   20   15   15   15   23   17   19   16   17   38   19   21   22   15   15   15   22   22   15   21   21   38   23   19   19   31   15   16   22   21   19   19   31   21   15   18   20   20   18   21   17   19   20   16   19   19   17   15   31   19   17   33   16   16   18   22   18   20   18   19   36   18   23   20   14   16   21   33   15   33   21   19   18   23   20   21   20   14   21   20   21   16   23   22   17   21   37   37   20   23   31   23   21   21   14   22   16   16   23   18   16   16   18   14   19   21   16   16   21   14   19   15   19   21   15   22   16   19   19   19   17   20   20   20   19   36   37   16   19   22   22   17   15   22   15   15   36   14   21   19   21   20   17   14   23   16   19   16   34   22   16   22   16   15   22   20   18   22   36   21   18   15   17   21   15   15   21   15   17   23   19   31   16   16   15   18   19   21   17   21   22   21   15   22   19   20   15   15   36   18   17   22   32   19   18   34   17   20   17   21   17   19   15   19   21   32   17   21   20   15   18   15   20   20   22   15   18   14   20   15   18   15   23   21   16   18   17   31   18   22   15   38   16   19   20   14   19   17   35   19   19   15   17   19   22   19   20   17   17   21   17   14   31   18   35   19   23   33   20   17   21   35   18   15   17   22   19   19   32   33   15   17   21   23   18   19   16   19   19   20   21   23   22   17   35   20   19   20   31   15   14   15
  31   96   38   24   30   26   31   30   36   29   34   27   34   24   26   30   37   35   30   30   33   29   35   25   26   27   32   97   31   32   26   33   31   26   28   26   38   37   86   32   29   37   24   32   36   24   35   37   35   32   34   34   27   35   23   24   27   25   27   33   26   33   28   31   24   31   30   37   31   29   32   27   30   38   35   24   28   33   36   26   38   35   24   26   24   24   33   26   32   86   36   93   27   36   23   25   28   26   26   91   27   28   38  100   26   32   33   31   26   38   85   38   35   29   31   25   25   96   29   35   31   36   26   36   37   34   25   23   32   33   29   35   38   29   80   24   37   24   78   28   28   25   35   34   33   23   78   23   26   35   33   24   37   25   37   31   32   23   27   26   97   36   27   30   28   35   31   25   23   27   27   25   24   24   37   27   25   29   84   25   28   98   26   29   24   36   30   29   26   34   23   30   24   90   37   95   36   34   38   24   26   96   31   32   27   34   32   28   32   28   36   29   29   36   87   35   31   29   26   36   32   32   31   32   28   36   94   38   35   36   36   31   26   38   28   91   29   25   33   33   35   29   36   29   29   37   38   27   36   29   38   90   33   27   26   34   28   33   26   33   29   37   30   24   26   35   28   36   29   31   76   27   32   28   28   28   34   37   32   26   37   24   25   31   33   26   24   29   30   31   31   27   33   24   38   34   30   83   81   34   31   34   29   38   32   38   26   27   80   25   37   36   26   25   25   28   30   36   25   26   94   24   34   26   28   30   29   25   92   36   25   34   25   37   25   32   30   32   24   31   37   26   34   30   34   31   24   30   27   28   37   28   33   38   35   34   33   34   27   30   96   29   23   89   29   24   37   35   25   27   35   23   26   34   79   35   35   31   23   32   24   28   38   35   33   35   28   33   36   37   27   26   31   37   38   28   24   81   24   26   31   89   24   28   26   38   33   34   38   28   26   96   36   37   25   28   37   76   26   34   33   30   36   25   24   35   25   25   37   24   31   25   23   29   38   23   23   93   31   36   30   35   35   34   31   24   31   34   29   31   25   32   38   33   34   27   33   89   23   33   33   28   26   80   35   32   36   26   31   26   37   33   26   32   24   26   27   25   85   30   29   90   36   31   26   35   90   24   34   25   32   36   82   27   28   28   29   31   35   34
  14   16   15   15   14   14   19   15   18   17   17   20   18   12   18   17   18   13   14   16   17   17   17   12   19   32   32   19   13   13   17   31   14   14   17   15   19   17   14   27   16   15   13   15   16   15   15   19   14   17   16   19   18   20   20   14   12   15   15   29   19   32   19   13   17   13   16   14   12   14   13   15   18   14   14   16   14   20   17   16   28   17   20   19   13   19   19   18   14   14   18   28   13   13   16   15   20   32   18   18   20   14   19   13   20   13   19   13   18   18   14   17   19   14   18   27   18   29   16   28   19   16   20   19   15   16   17   16   13   19   14   20   28   12   14   28   33   18   18   13   16   20   14   16   14   14   18   15   16   18   14   14   17   14   13   18   16   19   28   16   13   31   17   14   16   16   32   19   14   15   19   17   31   19   12   18   18   16   16   19   16   14   32   18   12   17   15   20   15   31   12   17   18   12   18   17   14   12   13   32   20   19   16   28   16   20   13   17   18   15   14   15   13   17   17   15   18   28   15   18   17   18   15   14   31   16   12   28   14   15   16   15   18   17   28   12   16   13   13   12   19   17   20   16   14   17   16   17   14   13   14   17   18   14   13   20   13   15   15   17   16   27   17   18   13   16   14   12   17   18   14   16   14   18   31   18   29   17   15   17   13   20   32   19   28   17   16   14   13   20   14   33   12   15   19   19   19   18   20   19   19   15   17   19   13   30   15   13   13   17   15   15   15   13   14   14   19   13   19   32   13   13   17   15   15   15   15   17   20   13   15   15   15   19   30   15   14   16   20   19   19   19   13   17   16   13   15   14   15   17   16   32   15   20   18   18   14   17   14   31   15   20   14   17   15   19   16   17   14   19   14   16   15   12   28   29   17   15   15   18   29   27   14   14   15   12   20   13   16   13   13   19   18   18   15   17   17   19   17   12   16   19   18   14   29   33   13   18   31   20   18   16   29   15   13   15   14   12   14   14   17   13   17   16   18   16   15   14   12   19   17   20   18   14   19   20   15   19   13   14   19   27   14   13   18   15   16   27   16   14   18   18   15   20   27   19   15   14   16   13   15   18   18   18   12   14   18   14   18   13   13   12   14   15   13   13   12   17   30   28   13   14   16   17   19   15   16   13   14   14   20   16   15   20   18   12   18   19   14   18
  16   15   21   34   22   23   20   16   21   16   22   18   34   16   22   20   36   16   15   32   22   19   18   17   21   19   22   21   21   17   16   17   17   20   15   16   21   16   15   22   17   20   34   22   19   20   19   20   15   15   17   20   20   15   17   21   35   15   23   21   22   20   18   19   23   19   17   33   15   22   18   16   18   21   18   20   21   20   17   18   14   32   18   16   22   18   14   18   22   17   22   19   17   14   15   21   19   21   18   20   19   18   16   19   18   19   35   18   20   23   22   15   19   15   19   15   22   18   20   17   22   15   21   21   16   17   20   23   16   20   15   21   20   23   16   20   17   20   17   20   21   20   23   18   22   32   15   19   22   19   23   21   17   22   19   35   17   17   21   34   36   21   21   16   17   37   22   21   32   22   14   20   16   14   21   14   22   20   17   14   32   35   19   18   22   31   23   18   20   20   37   18   15   21   21   33   19   15   20   15   15   18   14   14   18   18   16   18   15   19   18   21   17   19   16   17   20   21   18   22   19   23   17   19   18   21   19   16   23   23   19   20   18   19   23   18   20   19   14   22   21   20   18   22   21   17   15   22   20   23   18   16   19   17   21   15   17   15   22   19   22   21   33   15   22   21   15   15   20   20   16   19   38   18   16   14   20   22   18   19   17   34   23   21   22   16   20   17   22   32   21   16   16   37   14   21   17   23   20   14   18   15   17   22   20   19   15   21   14   16   17   38   21   23   22   23   22   14   19   15   22   18   33   19   22   21   22   20   15   18   15   33   22   21   20   37   16   16   17   18   17   17   35   16   19   22   21   37   19   19   17   14   19   22   21   15   17   15   38   17   21   18   16   19   21   23   16   16   21   19   23   15   16   17   15   20   31   16   17   22   21   21   14   19   14   19   23   20   16   16   37   20   22   17   22   16   23   19   16   21   33   18   14   22   31   18   17   21   37   20   15   18   21   23   22   16   20   16   21   16   22   15   20   17   20   22   21   19   15   17   23   15   18   17   20   20   20   20   19   16   23   20   20   18   14   16   19   36   20   15   21   32   18   22   17   19   20   33   19   14   16   20   22   14   16   17   23   32   36   16   21   17   22   21   19   16   31   17   15   22   18   15   18   14   15   19   33   20   19   15   19   17   36   33   37   22   16   33   17   15
  25   11   12   12   10   22   10   13   12   10   10   15   10   11   11   13   11   10   21   15   11   12   14   13   12   10   15   11   15   12   13   10   13   10   10   10   15   25   15   14   23   13   13   13   13   10   14   14   12   11   10   22   10   12   24   12   10   10   11   10   25   13   11   15   25   12   13   14   10   15   11   13   12   11   10   11   14   14   13   11   11   12   15   10   15   13   12   15   14   23   12   10   12   10   15   10   14   14   24   11   15   13   10   11   22   11   12   15   12   12   12   15   22   11   10   23   11   11   11   11   15   12   24   15   11   11   23   11   11   22   11   10   11   11   13   10   10   13   12   13   13   14   24   15   12   12   15   13   11   11   25   10   10   15   15   13   11   23   10   10   15   11   12   12   13   12   15   15   15   12   14   14   10   12   13   22   15   13   11   15   10   13   14   12   15   13   10   11   10   15   13   15   10   13   23   13   14   13   15   10   13   14   13   25   14   14   13   12   11   10   13   21   12   13   15   11   24   12   15   13   14   21   14   13   15   11   11   12   15   13   13   14   12   10   11   15   12   14   11   10   25   15   21   14   15   13   15   12   13   11   11   22   15   12   13   11   10   14   22   12   12   14   14   21   14   14   10   13   15   15   13   10   11   13   13   12   12   11   12   15   15   23   13   13   10   12   12   22   11   13   10   14   12   13   25   13   24   15   13   11   15   10   11   11   13   10   14   11   13   14   15   12   10   11   12   14   13   13   21   14   14   11   15   15   15   11   10   13   10   11   11   14   13   11   25   13   13   14   12   10   14   15   11   15   11   10   11   10   23   14   12   11   12   10   24   25   11   15   11   13   15   12   10   13   12   12   13   10   14   13   10   14   14   10   12   10   21   12   14   12   13   12   13   10   10   10   13   10   12   10   12   12   11   13   21   15   15   15   10   13   10   12   11   14   10   11   15   14   11   15   14   14   12   22   11   12   15   11   10   12   13   22   12   15   15   11   15   25   11   14   10   24   14   14   12   11   11   12   11   13   13   11   13   14   15   10   15   14   11   13   15   14   14   22   10   12   15   12   14   15   24   15   15   13   15   10   14   12   10   11   13   10   15   15   13   13   12   15   14   14   12   10   13   10   10   11   15   23   10   12   10   12   21   10   15   10   15   12   21   10
  26   29   77   21   28   20   24   30   29   31   27   21   22   27   32   28   29   29   30   19   27   27   20   26   25   24   27   21   29   25   32   28   23   30   31   22   75   73   68   32   26   28   31   29   20   32   83   32   24   22   23   20   24   27   29   65   27   22   26   24   21   25   23   29   30   21   26   23   25   24   65   76   23   20   20   24   27   22   30   30   26   24   30   23   31   67   30   83   28   30   24   20   28   27   26   20   29   21   83   26   30   22   29   23   21   22   23   31   27   24   20   30   27   24   21   28   24   29   27   79   23   32   29   27   21   23   20   22   28   29   29   25   30   26   30   25   20   21   26   27   21   29   31   29   30   32   23   25   20   30   20   25   28   79   26   66   31   31   28   81   22   23   29   25   31   21   25   23   72   20   27   29   27   31   22   32   23   31   22   28   30   20   21   31   25   22   75   31   64   29   28   21   26   20   20   32   77   20   29   32   22   26   20   23   20   25   31   29   29   26   23   28   19   30   22   21   26   21   29   30   27   75   30   24   24   22   25   29   25   26   22   25   29   21   31   32   82   22   19   20   20   28   32   20   22   31   28   31   22   21   78   22   21   23   24   80   27   77   28   21   69   24   27   21   25   28   29   24   20   23   21   28   64   24   26   21   24   26   25   25   22   31   28   23   30   28   70   22   20   30   30   26   27   30   22   22   32   64   25   31   21   29   28   21   21   23   31   30   28   30   31   27   68   24   22   83   24   81   22   31   22   23   26   32   24   83   21   28   24   23   28   31   26   22   22   23   70   30   21   71   83   22   27   28   28   23   75   23   20   76   32   30   20   24   22   65   27   29   31   24   30   26   24   28   24   23   25   29   27   21   31   31   20   23   32   20   22   77   31   24   25   24   19   31   23   21   31   22   29   77   24   20   82   21   31   28   20   22   32   20   29   30   31   22   32   30   76   20   26   80   29   29   65   20   26   23   20   28   26   26   25   71   32   68   22   81   25   21   21   27   30   24   27   24   21   30   27   31   20   29   26   29   28   22   22   32   20   30   72   70   29   31   27   27   20   27   26   24   22   27   25   24   24   32   29   30   24   24   21   24   31   20   30   23   25   22   26   30   31   20   20   31   73   27   29   28   25   30   20   30   20   19   25   26   27   31   22   26   25   24
  30   33   31   31   27   23   29   34   33   24   26   22   24   29   31   28   30   24   29   30   32   24   30   23   29   33   28   32   34   33   25   90   31   29   23   28   28   21   34   92   28   27   76   31   35   25   25   35   31   34   28   24   33   23   26   35   25   27   28   23   25   23   33   34   25   25   89   34   22   23   34   34   28   22   27   33   22   26   29   25   31   88   32   27   31   34   31   31   28   22   22   74   29   35   22   31   27   33   30   29   31   31   30   30   30   24   35   32   31   22   25   23   30   30   25   34   31   33   31   28   28   29   24   34   33   84   30   31   70   30   26   35   33   31   79   29   87   25   24   29   34   31   28   24   24   25   24   27   27   74   34   27   76   28   23   31   30   90   27   33   21   33   34   23   34   29   29   26   27   27   22   34   31   29   22   28   32   21   27   31   30   30   33   26   33   71   73   29   29   29   22   35   22   25   33   31   32   28   34   35   29   24   30   25   24   31   35   22   86   32   27   30   22   33   27   22   30   34   25   32   22   30   80   26   22   22   24   29   31   34   24   27   28   85   32   30   83   29   26   31   24   26   78   34   30   22   24   73   31   25   26   27   25   25   29   34   21   22   32   30   26   91   31   32   24   30   35   26   27   89   29   34   29   30   27   28   28   34   30   34   30   25   25   29   27   22   72   31   31   25   80   27   33   25   34   31   25   26   35   24   32   27   28   31   32   25   33   75   29   26   78   25   29   30   30   23   28   75   26   26   30   30   21   34   29   26   22   31   32   27   71   33   81   23   26   92   31   34   31   31   30   87   27   25   34   24   25   35   24   29   31   33   32   22   32   33   33   24   26   25   35   34   33   30   22   26   87   28   24   27   23   31   22   28   30   30   25   32   86   22   30   26   32   28   23   27   33   34   25   30   27   23   22   32   23   29   25   29   28   35   22   22   30   80   32   29   30   28   26   26   31   32   30   28   74   31   28   31   30   23   83   33   21   30   22   32   25   24   92   22   24   31   80   30   26   24   33   32   22   31   32   31   22   25   30   25   31   27   35   35   29   22   25   28   27   33   26   22   32   22   35   32   31   28   32   24   26   30   25   35   31   34   27   23   90   34   24   86   27   24   26   28   30   33   25   34   91   23   25   22   26   86   31   29   29   34   28   22   21   23
  27   83   33   32   22   33   24   25   32   30   27   23   26   23   31   33   33   31   83   29   27   76   23   29   25   32   29   32   32   22   23   24   24   26   33   32   25   30   24   25   25   32   33   26   23   22   22   24   33   28   27   26   30   26   30   29   88   22   31   22   22   32   30   23   83   31   26   29   24   76   25   77   21   25   32   80   25   24   25   22   31   32   26   71   27   72   31   25   23   31   22   32   23   26   33   85   33   32   24   31   33   27   22   28   23   33   31   24   27   30   20   25   26   29   21   24   67   25   28   33   67   32   30   26   23   22   78   31   21   26   22   24   33   27   33   25   32   26   20   33   21   24   23   24   30   25   22   31   23   24   23   30   24   31   78   21   24   24   31   22   32   27   32   27   31   33   27   30   27   24   25   22   31   30   27   26   33   26   29   24   32   21   32   25   31   79   27   28   25   28   28   20   75   30   21   25   24   27   31   31   28   32   25   22   30   25   29   32   33   26   27   27   22   73   84   33   28   28   31   21   70   86   28   23   25   28   33   21   29   33   22   25   24   33   33   26   28   33   22   32   26   32   33   33   31   21   33   25   22   24   29   27   32   21   26   28   30   24   26   26   30   28   28   22   77   30   28   31   23   25   33   73   28   22   31   26   22   27   77   23   28   69   21   27   31   33   30   32   80   29   24   23   30   30   21   23   25   21   29   27   22   32   33   24   23   30   29   25   70   33   22   31   73   81   30   82   33   27   22   31   21   73   67   32   30   32   32   31   28   30   26   29   26   32   33   21   76   82   25   72   22   27   32   23   32   26   31   26   30   23   31   68   27   32   23   24   20   24   30   32   23   28   28   24   23   24   32   21   81   30   28   22   22   32   28   31   29   24   23   29   25   27   21   23   24   30   32   32   25   33   28   29   21   32   28   31   29   24   22   26   29   29   31   27   31   31   22   24   30   25   88   29   28   24   32   29   21   31   28   32   22   33   31   32   24   24   27   30   22   27   30   33   30   22   31   81   33   24   25   22   31   31   20   29   29   27   33   26   77   22   78   21   27   26   33   24   27   84   86   30   75   78   21   31   22   20   24   30   23   28   87   87   26   82   23   21   28   29   25   21   84   22   23   22   28   23   25   32   30   23   30   79   32   22   32   28   23   21   26   27
  14   16   30   17   19   15   19   33   15   16   35   21   14   17   17   14   14   14   35   19   15   19   20   21   14   14   17   21   17   21   14   33   19   20   34   20   13   31   29   17   29   20   18   19   19   19   20   17   19   17   21   18   16   15   16   17   13   20   20   32   19   17   17   15   20   20   13   18   16   18   19   16   17   14   20   19   20   15   18   18   20   33   19   21   13   13   20   19   14   14   19   18   32   16   30   18   29   14   32   17   20   21   20   20   17   15   16   14   20   20   15   18   18   15   32   20   20   20   16   20   14   21   19   14   20   13   20   15   17   17   30   18   33   15   19   16   13   15   15   21   18   15   14   13   31   19   17   15   16   30   19   21   19   16   17   17   31   34   19   31   31   20   19   21   14   15   17   33   19   21   14   20   17   21   31   33   16   14   19   18   31   13   21   16   18   21   17   16   19   14   19   32   18   13   15   14   19   16   14   19   20   33   17   15   15   20   18   18   17   19   18   14   20   17   14   14   19   15   21   17   15   21   18   16   35   20   15   20   34   17   20   14   18   21   15   17   18   19   17   13   16   14   16   16   19   32   19   20   13   13   14   14   14   35   17   21   17   21   16   17   14   19   13   17   18   15   15   14   18   20   14   15   16   17   15   16   18   15   21   20   15   16   18   33   15   20   19   21   16   17   16   21   19   21   15   14   34   16   18   17   18   14   20   19   14   21   15   21   16   16   20   16   17   20   15   16   21   34   18   20   18   16   17   21   20   13   33   17   14   16   32   21   17   18   18   15   20   15   15   18   20   32   33   14   34   20   14   19   31   17   17   18   21   14   15   33   21   17   20   13   18   34   15   16   20   17   20   18   29   19   21   13   18   19   34   19   17   14   30   33   13   17   15   33   21   16   18   19   18   21   18   18   15   19   19   14   20   13   13   13   19   14   13   18   20   14   16   13   34   15   13   18   14   16   16   13   15   16   14   17   14   32   19   15   15   20   17   13   21   21   33   16   19   18   21   17   17   19   14   21   21   15   20   15   16   16   17   17   15   34   16   19   14   17   34   17   15   15   20   21   17   17   15   34   21   17   16   14   17   15   21   17   17   14   21   15   20   14   15   20   18   15   34   13   20   16   17   13   14   16   17   35   21   18   15   13   17   17   19   17
  12   12   11   12    8   10   20    9    9    9   11   11    9   11   10   12    8   12   10   12   12    9   11   10    9    9   10   19   10   18    8    9   12   12    9   11    9    8    9   17   12   12    8   19   12   11   11    9    8    8   10   11    9   11    9   20    8    9    8    9    8    8   11   12   10    8    9   12   12   11   12   12   10   11    8   11   12    8   12   10   11    8   12    8   10   10   10   11   11    9    9    8    8   11   10   10    8   10   18    9    9   10    9   11   11    8   12    8   10   11   10   20    9   10   20   11   17   17   11    8   10    9    9   10   10   11    8    9    9   11   19   20   10    8   12    9    9   10    9   19   12    9   11   12    8   11   12    9   12    9   10   11    8   10   10    9   19    9   12   10   10   19    9    8    9    9    9   12   10   10   18   10   12    8   10   11   11   11    8   12    9    9    8   12   19   10   18    8   12    9   11   17    9    9   10   11   12    9   20   10   17   12   10    9   10   18    9    9    9    9    9   19    8   10   12   20   11   19    8   18   20   10   12    8   11   10    9   10   10   11    8    8    8   19   17   12   11    8   10    8   20   12   19    8   11   11   10   12   10   11    9    9   12   10   10   18    9    8   20   18   12   18    9   10    8    8   19   12   11    8   12   12   11   12    8   12   20    8   11   11    9   11    8    8   12    8    9   12   19    9   10   12    9    9   11   20   11   10   12   11   11   11   10   10    8   11   11   10    9   18   17   10   19    8    8   20   10   10    9    9    9    9    9   11   17   10   11    9   11   12    8   18   11   10   11    9   12    9   10   11   10   20   12   11   10   12   10    9   10   11   11   12    8   12   18   10   11   10   12   18   11   18   18   11   12   12   10   10   12    8    9   10   12   12    8   12   11   12   11    8    9    8   12   10   10   17   17   12   10   10    9   18    9    8   12    9   12    8   10   12   11    9   11    9   10   10    9    9   10   12   11    8    9   12    8   19   11    9    9    8   10    8    8    9   11   17    8    9   11    9    9   18    8   12   11   10   12   11    9   12   11   11    9   19   11    9   18   19    9   20    8   10   10   11   12   10    8    8   10   10    9   10   10   12    8    9   10   12    8    8   12   12   10   12   10   11    8   18    8   12    8   18    9   19   17   10    9   12   10   10   10    9   11   18   12    9    8   12   12   19
   6    5    5    4    6   10    5    5    6    4    5    6    6    5    5    6    5    9    5    6    6    5    6    5    5   10    6    6    5    4    4   10    5    4    5    5    6    6    5    6    5    4    6    4    5    6    5    6    6    5    6    9    6    6    6    5    4    6   10    4    5    6    6   10   10    4    4    4    6   10    5    6    6    4    6    4    6    5    6    5    6    4    5    5    5    4    6    5    5    5    6    6   10    5    5    5    6    5    4    9    5    6    9    6    6    6    6    5    6    5    6    4    5    6    5    6    6    6    6    6    6    4    5   10    6    6    6    6    5    6    6    6    4    6    6    5    4    5    5    6    5    4    5    4    4    4    6    6    4    6    4    4    4    5    5    5    5    6    5    6    5    6    9    9   10    4    6    4    6    9    9    4    9    6    9    6    5    5    5    5    5    5    6    5    5    6    5    9    6    5    9    5    5    6    6    9    6    6    5    6   10    4    5    5    6    4    4    4    6    5    4    5   10    5   10    6    5    6    6    6    6    4    6    5    6    6    6    5    4    5    9    4    5    5    6    6    6    6    5    5    6    6    5    4    6    6    6   10    6    4    5    5    5    4    5    6    9    5    4    6    6    5    6    6    5    6    6    6    5    6    4    5    5    4    4    5    6    6    6   10    4    6    5    6    6    6   10    6    4    9    5    4    6    4    5    5    6    6    5    6   10    6    5    6    5    6    6    5    5    6    5    6    5    6    4    5    6    6    6    6    5    5    5    6    5    4    6    5    6   10    5    5    6    9    5    5    6    6    5    4    6    5    5    6    6    6    6    6    4    5    6    6    5    5    5    5    5    5    4    6   10    5    5    4    5    4    6    4    6    5   10    6    6    5   10    5    9    4    5    5    6    6    5    4    4    6    4    4    5    5    5    6    6   10    5    6    6    6    6    5    6    5    4    6    5    6    5    4    4    6    6   10    5    6    5    5    6    4    5    6    4    5    5    6    5    6    5    6    5    6    5    4    4    5    5    5    4    5    5    9    6    4    6    4    6    4    6   10    5    5    5    6    5    5    5    5    6    6    9    4    6    5    5    5    5    4    5    6    5    4    5    4    6   10    5    4    5    4    5    6    6    9    9    6    5    5    5    5    5    4    6    5    5    4    4    5    5    6    9    6
  18   18   20   23   17   14   19   17   19   21   19   23   16   16   17   20   19   22   22   15   17   15   31   22   16   19   17   15   18   16   34   21   18   18   19   17   17   35   36   14   38   16   14   16   19   33   14   16   15   20   22   16   22   15   23   22   33   19   21   16   17   17   16   22   22   15   19   21   15   18   36   22   22   17   15   18   31   22   23   23   19   31   16   31   18   15   36   21   14   37   36   16   35   16   17   20   21   18   22   31   23   19   17   19   14   18   16   15   14   22   22   20   16   16   17   22   16   22   21   19   15   21   18   19   16   19   18   32   14   16   18   17   16   18   19   22   22   21   17   15   15   15   15   20   14   18   18   20   22   16   22   21   22   21   18   23   17   19   15   36   22   32   21   17   14   34   15   33   20   17   17   18   22   37   23   16   17   21   16   16   15   22   17   17   23   17   19   17   22   14   34   17   21   22   17   15   17   15   18   18   17   14   20   21   20   14   16   22   22   22   21   36   18   23   18   18   18   14   22   19   15   17   17   17   34   19   18   17   15   20   16   15   21   20   34   20   19   22   36   31   16   18   21   23   18   19   23   22   16   16   19   16   21   17   20   32   19   23   22   20   14   17   22   17   20   23   17   18   16   23   15   17   17   22   14   33   19   19   22   17   22   21   21   22   18   15   18   18   15   16   21   18   33   20   21   36   19   23   15   20   16   16   21   19   23   16   22   17   21   31   17   17   19   32   18   22   20   17   15   16   22   21   37   23   15   22   17   20   16   22   15   21   23   20   18   15   22   14   15   17   15   16   21   14   16   23   21   18   22   17   15   19   14   18   22   18   20   21   17   22   17   18   17   14   20   15   14   32   18   19   21   15   20   14   16   22   19   17   17   21   19   21   21   33   22   35   17   15   23   22   36   23   16   18   19   20   15   20   22   16   15   19   22   14   19   18   21   14   18   17   21   14   19   37   17   16   19   15   19   19   20   18   14   17   21   20   15   17   17   14   21   16   35   15   22   34   18   19   35   19   15   16   20   22   15   33   20   33   16   19   16   16   20   14   19   18   23   21   15   23   21   20   19   19   17   20   21   19   15   18   22   16   34   16   21   17   21   21   14   19   19   22   17   17   17   20   17   17   15   19   32   19   16   14   17   18   20   22   17   17
  14   17   20   14   17   17   19   35   18   15   18   21   15   20   14   17   15   15   15   29   16   19   16   14   33   18   21   30   16   13   18   15   18   15   15   19   18   13   35   18   19   19   15   14   21   20   32   21   19   33   21   20   13   18   16   15   15   18   19   33   18   20   21   30   17   18   21   20   20   14   30   19   21   19   20   15   14   13   14   21   14   17   16   19   20   17   19   20   17   20   21   18   17   17   17   15   15   18   15   18   15   16   18   17   16   29   19   18   21   13   13   14   21   18   17   21   21   16   18   15   18   18   13   20   16   21   15   33   18   14   34   32   20   19   16   14   16   32   17   15   21   20   15   15   18   18   18   15   18   17   20   29   30   29   21   19   15   18   15   15   17   20   13   19   17   18   20   16   21   21   21   21   30   15   14   20   29   21   14   16   14   33   16   20   16   21   15   14   16   34   18   20   20   20   18   13   21   16   15   21   13   16   17   15   14   19   17   14   20   16   29   16   16   19   16   31   14   21   18   31   15   20   15   20   16   20   16   20   14   17   17   20   16   21   20   19   20   17   17   14   19   20   19   31   18   17   17   17   19   20   21   19   15   15   17   31   34   15   19   16   18   20   34   21   14   13   17   15   20   35   16   17   34   34   21   20   16   14   13   19   16   18   14   17   15   19   18   17   21   20   16   20   20   33   20   18   14   18   18   14   13   19   15   35   16   30   15   17   21   34   14   16   18   20   14   35   15   21   19   13   20   14   19   19   17   20   17   32   13   19   19   16   21   14   16   15   13   15   35   15   18   18   18   21   18   16   16   19   16   19   18   17   15   15   31   19   16   30   29   32   19   14   18   33   14   21   14   14   14   15   13   17   14   13   30   16   16   14   15   15   16   32   16   18   16   18   15   29   13   14   16   21   15   19   17   31   19   31   15   18   15   19   19   21   35   14   21   15   21   20   20   21   32   17   16   20   14   19   17   20   17   15   14   19   19   14   16   29   15   17   20   18   21   14   16   18   18   14   19   17   29   15   21   16   16   21   21   21   19   20   14   20   15   18   18   32   20   20   15   14   17   20   34   14   21   19   16   14   14   20   17   20   19   15   20   18   33   21   21   14   20   34   13   16   18   20   31   20   19   17   18   21   15   20   21   29   14   17   17   20
  10   10   22   22   10   14   11   10   11   12   12   12   11   11   23   15   13   15   12   12   12   13   12   14   10   13   13   13   11   10   12   10   13   11   15   12   11   13   14   10   15   10   10   25   11   11   14   11   24   13   13   15   21   25   14   10   14   21   15   12   10   11   10   13   15   11   23   13   23   15   14   11   10   10   10   12   12   13   21   10   14   12   12   10   14   15   11   25   15   14   12   13   12   11   11   10   13   12   15   15   11   14   14   10   13   15   13   13   11   12   23   14   13   10   15   24   22   11   13   10   12   14   15   12   11   11   12   13   10   15   12   13   13   13   14   11   10   13   25   12   15   14   14   21   15   10   13   12   13   11   22   13   15   10   15   25   11   11   12   13   14   24   24   15   14   23   14   10   11   13   10   15   24   13   11   14   12   21   12   11   12   14   13   12   10   23   12   13   15   13   13   21   12   12   12   10   12   14   12   10   13   14   12   13   15   13   14   11   23   11   24   11   14   13   15   14   15   13   10   10   14   12   12   14   24   11   23   15   13   15   12   24   12   21   13   22   13   13   14   13   11   14   14   24   12   14   14   11   13   12   10   15   13   12   10   12   24   13   12   14   11   14   14   10   13   15   21   10   12   14   11   10   10   24   15   12   10   11   10   13   13   11   15   11   15   14   14   11   13   13   13   13   25   12   10   11   22   11   12   14   10   15   23   13   11   15   14   13   14   13   15   13   10   15   14   11   12   11   22   11   10   11   22   15   10   14   11   11   12   14   14   11   25   11   10   21   10   14   10   21   14   11   10   10   21   12   15   14   13   15   14   12   13   10   12   23   13   15   12   15   12   14   13   14   13   10   15   10   12   12   10   11   12   15   14   11   12   14   14   14   14   22   11   14   11   10   10   14   15   12   12   25   10   14   10   14   11   15   12   12   11   11   13   13   13   13   11   13   11   11   15   11   10   11   11   13   14   23   10   14   12   12   14   13   15   15   11   11   11   12   14   14   10   14   12   11   13   12   11   12   14   15   13   15   11   11   10   10   10   14   11   15   13   10   15   10   15   11   10   24   14   15   11   12   14   11   12   15   12   14   13   10   13   13   11   14   12   22   10   11   23   15   12   15   14   15   13   10   12   12   15   15   15   15   10   13   14   24   11   13
  13   15   10   25   15   14   10   10   13   13   12   11   11   15   15   10   14   11   13   11   12   11   11   12   13   12   14   11   11   15   12   14   14   11   10   12   11   15   15   24   11   14   12   15   13   15   14   13   15   14   15   12   12   15   15   12   13   14   10   14   12   10   15   15   24   10   11   13   10   21   12   13   13   10   13   12   11   22   24   10   12   12   13   11   10   10   11   15   13   12   13   12   12   14   14   14   12   15   11   15   21   10   22   24   14   13   10   12   10   15   10   11   15   10   22   10   11   11   11   21   14   15   13   11   11   12   11   14   13   12   10   13   11   12   24   11   11   13   13   14   13   12   11   15   12   14   10   15   14   21   12   24   12   13   12   12   12   14   11   10   10   11   14   14   11   11   14   10   13   11   12   12   25   13   11   10   12   25   13   15   10   10   24   14   10   10   12   14   15   14   12   15   11   14   15   11   14   13   12   12   10   13   13   11   10   11   14   12   14   11   13   15   25   14   13   14   21   15   11   24   14   12   10   10   12   12   10   12   13   10   23   14   11   10   10   14   10   13   14   13   10   13   15   14   13   12   15   14   10   25   15   13   10   12   14   15   12   12   15   14   13   14   11   14   15   15   11   15   10   13   11   15   10   12   13   13   15   15   13   10   10   14   10   11   10   11   10   22   13   12   11   15   10   11   15   11   21   10   12   21   22   13   10   11   12   15   15   11   13   13   10   25   21   12   15   14   15   13   14   10   10   10   11   12   11   14   12   11   15   13   24   10   13   15   11   14   11   15   14   10   10   11   11   22   14   11   11   23   12   15   14   15   15   14   21   13   13   22   12   10   13   13   15   22   10   15   15   10   12   15   11   11   10   14   10   15   12   15   11   15   10   11   15   13   14   12   10   11   13   12   10   11   15   15   13   15   15   15   13   15   13   10   13   14   11   13   24   21   13   10   10   14   13   23   25   11   11   13   11   10   13   11   14   10   15   10   14   11   10   12   14   13   13   11   10   15   10   15   15   11   10   13   10   12   12   11   13   10   10   25   11   12   11   11   11   24   12   11   15   11   12   15   24   11   25   14   14   11   14   13   11   25   13   13   22   10   23   23   12   15   15   11   10   14   14   15   12   13   11   11   15   15   15   15   13   15   11   12   10   14
  19   21   21   21   18   20   13   33   16   31   19   21   31   19   13   19   20   14   16   20   17   16   14   17   29   18   14   17   15   21   14   18   13   13   21   16   17   21   17   16   17   16   17   31   21   13   20   21   18   18   18   20   20   18   14   18   14   15   17   18   16   21   19   13   15   15   21   15   15   17   18   34   14   16   16   32   14   18   16   21   15   16   34   14   16   20   21   14   32   20   19   15   18   14   20   21   19   18   17   19   31   20   31   32   20   35   21   14   21   29   15   19   29   15   21   15   19   19   13   18   15   15   13   21   13   16   20   34   21   18   17   13   14   13   14   18   29   30   33   13   19   19   16   16   14   21   15   15   14   17   17   18   19   17   17   13   19   17   19   20   17   16   17   15   21   35   14   20   14   17   20   15   15   16   20   17   17   14   14   13   15   15   15   31   19   16   21   16   20   19   15   19   21   19   16   21   17   21   18   21   19   16   14   21   15   18   31   18   15   21   20   20   20   20   21   17   15   18   31   20   16   21   21   18   35   19   21   14   19   16   16   14   31   33   34   15   15   19   14   17   17   21   14   32   17   14   29   16   18   18   21   17   21   16   14   14   19   17   33   35   21   16   15   17   16   15   19   17   18   33   16   14   16   15   19   17   18   14   13   15   15   18   13   19   17   14   16   14   14   21   21   21   16   17   19   21   21   19   19   15   18   16   15   35   31   21   14   14   18   15   21   19   14   16   15   30   18   15   30   34   18   16   18   15   20   21   13   19   15   21   16   16   35   30   19   19   19   30   18   33   20   19   21   18   19   34   30   18   16   18   20   15   13   14   16   18   17   14   18   13   15   19   16   17   16   18   17   17   20   21   15   20   35   18   33   17   16   20   16   20   21   15   21   16   20   29   15   34   17   18   18   21   14   21   14   18   20   20   15   19   15   16   21   30   19   20   33   20   16   19   17   20   21   20   17   32   18   16   14   20   20   16   14   16   14   19   17   18   17   33   15   17   15   20   17   17   18   29   21   21   16   17   21   31   17   34   33   16   13   17   17   14   21   21   20   18   18   17   20   15   17   19   20   19   18   19   16   35   14   16   17   20   31   18   14   17   35   30   18   20   19   18   16   20   16   15   21   14   20   18   18   20   14   14   15   14   20   20   16   17
  14   13    9   13   13   21   20   14    9    9   14   10   13   13   10   10   13   12   13   10   10   12   13   12   14   10   10   21   12   12   10   12   13   10   10    9   10    9   11   10    9   11    9   10   10   13    9   14   12   12   20   11    9   12   13   14    9   13   10    9   14   10   14   10    9   14   12   11   11   10   11    9   10   13   10   21   14   14   10   12    9   11   11    9   11   12   11   14    9   12    9   11   11   11   10   14   20   13   11   13   10   11   10   13   10   10   11    9   22   13   22   13   11   10   10   13   12   19   10    9   12   10   13   13   10    9   14   11    9   12   12   10   12   10   12   14    9    9   10   13    9   12   13   10   13   11   11   10   13   13   12   14   11   12   13   11   13   12   10    9    9   21   12    9    9   10   13    9   13   10   14   10   11    9   23   11   12   12   10   13   10   12   12   13   20   22   10   10   12   13    9    9   13   13   11   13    9   10    9    9   11   12   10   13   10   14   10    9   11   14   12   14    9   13   14   23   20   21   10   14    9   11   12   13   13   11   12   10   14   12   10   12   12   12    9   11    9   13    9    9   11    9    9   13   20   12    9   12    9    9   23   12   14    9   13   11   12   12   13   10   14   13   13    9   12   11   11   14   11   10   11   12   13   11   11    9    9   13   11   13   21   11   12   13   11   13   12   10   13   11   14   10   10   14   11   10    9   10    9   11   13   11   10   11   13    9   12   13   13   12    9   11   11    9    9   10   12   13    9   13    9   10   10   10   11   10   13   10   11   10   13    9   13   12   13   10   14   11   12   12    9   10   14   21   11   12   11   10   10    9   10   11    9   10   12   14   13    9    9    9   14   12   12   14    9    9   10   10   11   12   10   13   11   14    9   11   11   12   10   12   13    9   12   12   10   13   13   12   14   21   14    9   13    9   12    9   13   21   11   12   13   11   19   11   12   10   11   10   22   11   11   10   11   12   13   11    9   10   14   11    9   14   12    9   10   13   20    9   10   13   13   13   21   12   11   10   11   12   12    9   14   11   13   23   22   13   11   23   12   10   11   13   13   13   10    9   11   21    9   13   10   10   10   10    9   11   10   13   13    9    9   13   22   14    9   13   11   11   10   14   12    9   10   14   20   13   10   13   19   14   21   13   13   11   22    9    9   12   11   14
   7    5    4    5    4    7    4    4    4    4    4    4    4    4    3    3    5    8    5    4    8    4    4    3    4    7    5    4    4    4    3    4    5    4    3    4    5    4    5    3    3    3    3    4    4    4    4    4    5    4    4    7    3    3    5    4    5    4    5    5    4    4    4    4    3    7    5    4    4    4    4    4    5    4    4    4    4    3    4    4    3    4    4    4    5    4    3    4    5    4    5    4    5    4    4    5    7    4    4    4    5    4    8    3    5    4    4    4    4    7    3    5    4    4    3    5    4    5    5    4    5    7    3    5    5    5    4    4    3    4    5    4    4    5    4    4    4    4    5    4    4    3    4    5    4    5    3    4    4    5    4    3    5    3    4    7    4    5    4    4    3    5    7    5    5    5    5    4    8    3    4    5    4    4    4    4    3    5    4    5    4    8    5    5    4    4    8    8    4    4    5    5    3    4    4    4    5    3    5    4    5    4    4    4    3    4    5    4    5    5    3    5    7    5    5    7    4    4    4    4    4    4    7    5    4    7    4    4    4    5    4    5    5    5    3    3    5    4    5    3    3    4    5    5    4    4    5    5    4    4    4    4    4    5    5    5    5    5    4    5    5    4    3    4    4    5    3    4    7    8    4    4    4    4    4    4    4    4    5    7    5    4    5    4    5    4    5    5    5    4    5    3    4    5    4    7    4    4    4    3    5    4    3    5    3    7    5    4    4    5    4    3    4    4    4    4    4    4    3    4    8    5    3    3    4    4    3    5    3    5    4    4    4    4    4    3    8    4    5    5    3    4    4    3    5    4    5    7    5    4    4    4    4    4    5    4    8    4    7    4    4    5    4    4    4    4    4    3    5    4    5    4    4    5    5    4    4    4    4    5    4    5    3    4    7    4    7    3    4    3    4    3    5    8    4    4    5    3    7    3    5    4    4    4    4    4    5    4    4    4    4    3    4    5    3    5    5    4    4    5    5    4    5    5    4    5    5    5    3    4    5    4    4    4    3    4    5    5    4    4    5    4    5    4    4    3    4    5    4    4    4    4    4    8    4    5    5    3    5    3    7    4    3    5    4    4    4    4    5    4    4    3    5    4    3    5    4    5    5    4    5    5    5    4    4    5    8    4    4    5    7    4    5    4    4    4    4    5    5    5
   6    7    5    7   13    6    6    6    7    5    7    6   11    5    7    6    7    7    6    6    5    6    8    7    7   11    7    7    8   12   11    8    6    5    7    7    5    7    6    7    6    6    7    7    7    8    5    7    8    5    6    7    8    6    7    5    7    7   12    5    7    5    7    5    7    7    7    7    6    5    8    6    6    7    8   11    7    7    8    6    8    8    8    7    7    5    8    7   11    7    5    8   11    7   12    6    8    6    6    5    7    6    7   11    5    6    6    8    5    8   12    6    7    6    8    7    8    8    7    7    7    5    8    5   11    5    8    8    8    7    6    5    6    8    6    7    5    6    6    7   11    6    5    8    8    6    7    5    7    5    6    5    6    7    6    5    6    7    5    8    7    7    6    6    6    6    7    5    7    7    5    6    6    7    5    7    5    6   13    6   11    7    7    8    5    7    6    7    8    6    6    7    7    6    6    6   12    7    6    8   11    7   11   11   11    6    5    5    7    5    6    5    7    7   11    8    7    7    6    6    6    7    7    5   12    6    6    7    6    6    5    7    7    6    8    6    8   12    6    7    5    6   12    8    8    7    8   13    6    7    5    8    8    6    8    6    8    7   12   11    5    7    7    7    8    6    6    7    7    7    8    5    6    7    6    7    6    6   12    7    7    8    7    7    7    7    7   12    5    6    7   11    6    5    7    7    6    7    6    6    6    8    6    5    5    5    7    6    8    5    5    7    6    8    8    7    6    6    6    7    7    7    8   12    6    6    7    7    6    5   12    6    7    6    6    6    7    8    5    5    6    7    6    7    5    6    5   11    5    5    5    6    6    7    8    6    6    6    7    7    7    6    7    5    8    8    6    8    6    5    7    6    8    6    6    8    7    6    5   12    8    6    6   11    8   13    6    7    6   13    6    7    7    8   12    7    5    8    7    7    6    8    6    5    7    7    7    5    8    8    7    6   12    6    7    7    7    5    6    7    7    7    5    7    6    7    7    7   13    5   13    6    7    5    6    7    5    8    6   13    6   11    7    5    7    6    5    8    6    8    6    6    5    7    5    6    7    6   13    7    6    5    6    8    7    5    7    6    7    7    7    8    8    8    7    7    7    6    5    8    5    5    6    6   12   11    8    7    7    5    8    6    7    7    8    5    6    7   12    6
  12    8    9   11   12   12    9   17    9   12   10   11    9   10    9   10    9    8   10   19   12   11   10   11   17   11   11   11   11   10   20   10   12   10    9   10   11    9   11   10    9   12   12   10   10   12   12   11    8   20   12    9    9   12   10   11   19   11    9   12    9   11   19   11   12   11   11   12   10    9   10   11    9    8   12   12    9    8   11   11    9   12   12    8   10    9   12   11    9   12   11   11   10   10   10    9   11   10   12   19   12   12   17    9   19   12   11    8   10   10    8    8   10    9    9    9   11    9   12   10    9    8   12   10   11    8   10   19    8    9    9    9    8    9   11   18   12   10   20   12   12    8   11   11    9    9   12    9   10    9    9   17    9   11   10    8    9   10   11    9   12   10    9   12    9   11    8   11   12   11   11   10    9   12    9    9   11    8    8   20   12   12   11   10    9   10    9   12    8   12   10   10   12    8   12   12   12   10   10    8    8   10   11   17    9   12   11   10   12   10   10   10   10    9    9   11    9   11   10   12   11    8   12    9   10    9   12   11   12    9   10   12   10    8   12   11    8    8    8   10    9   11    8   10    8    9   11    9    9   12   19   11   11   12   10   10    9   10   10   10    8    8    9   12   19    8    9   11   12   20   12   11   19   12   10   11    9   12   19    8    8   12    9    8   12   10   11    8    8   11    8   10   20    8    9    8    8    8   10    8   20   12   10   10   12    8    8   12   12   12   11    8   12   10   12   20    8   12   19    9    8   12   12    9   10   11   10   20   11    8   12   11   11   11    8   10    9   10   11    9   10   10   12   11    9   10   10   12    9    8   12   12   10   10   10    9   10   11   11    8   11   11    9   12   11    8   11    9    8    9   10   12    9   12   11   19    9    9    9   11   10    8    8    8   10   11   12   10   10   11    8   10    8   17   11   11    9   11   10    8    8   12    8    8    9   11    8   12   11   20   11   11   10    8    9   10   11   11   18    9   11   12   20   10    8   12   10   11   12    9    9    9   10    9    9   12   20   20   12    8   12   17    8    9   11   10   12    9   11   12   11    9   11    8   11   12   11    9   11   11   19    9   12   10   10   11    9    9   10    8    9   19   11   11   12   18   10    9    8   11   12   10   10   12   11   12   12   11    8    8   10   11   10    9   17   10   11   12   10   10
   4    6    6    6    5    6    4    6    6    6   10   10    4    5    5    5    5    6    6   10    5    6    5    6    5    4    5    4    4   10    4    6    6    5    6   10    6    6    5    5    5    4    6    6    5    6    6    6    5    4    6    6    4    5    5    5    4    5    5    5    5    6    6    9    4    4    5    5    6    6    5    5    5    5    6    6    5    5    5    6    4    6    6    5    5    5    5    6    6    4    9    6    5   10    6   10    6   10   10    6    9    5    4    6    5    6    4    4    5    6    5    6    4    6    6    6    9    5    5    5    4    6    5    4    6    5    5    6    5    6    4    5    6    4    6    6    6    5    4    6    6    5    6    5    5    5    4    9    6    4    6    5    6    5    9    6    5    6    6    5    6    6    5    5    5    6    6    6   10    6    6    5    5    6    4    4    4    6    6    4    5    4    5    5    6    6    5    5    9   10    5    5    4    5   10    5    6    6    5    6    5    5    6    6    5    4    5    6    5    6    9    4    6    5    4    5    6    6    5    5    4    9    6    6    5    5    5    6   10    5    6    6    5    4    5    5    5    6    6    6    6    6    5    5    6    4    6    5    4    6    6    5    5    5    4    6    6    6    5    5   10    5    6    4    4    6    6    4    6    6    6    6    4    6    4    5    5    5    5    4    6    6    5    5    4    4    4    5    5    6    5   10    5    6   10    6    4    6    4    6    6    4    5    5    5    6    5    5    5    6    6   10    5    6   10    5    5    6    5    5    6    6    5    6    4    6    5    5    6    5    6    5    6    6    5    6    9    6    5    5    4    5    4    6    6    5    5    5    5   10    6    5    5    6    5    5    5    5    5    9    6    5    6    6    6    4    9    6    6   10    6    5    5    4    4    5    5    6    4    6    5   10    6    6    9    5    5    5    4    4    5    5    6    6    5    6    4    6    6    6    5    6    9    4    4    6    5    4    6   10    4    6    6    4    5    5    5    9    5   10    4    6    6    6    4    4    6    6    5    5    5    5    5    5    6   10    9    6    5   10    6    5    6    5   10    6    6    5    6    6    9    5    5    5    6    6    4    4    6    4    5    5    4    6    5    6    6    5    5    5    6    6    6    9    5    9    4    9    4    5    6    5    9    4    5    5    6    5    6    4    4    6    5    4    5    6    6   10    5   10
  12   27   13   18   18   29   12   14   28   15   18   17   17   13   18   12   17   17   12   18   17   13   13   17   14   16   12   13   12   14   15   28   12   12   12   18   15   18   15   17   14   17   14   16   14   17   15   17   12   14   15   16   18   27   12   16   14   17   28   16   12   17   17   15   17   15   14   15   13   18   12   13   18   11   18   12   14   12   18   12   18   12   13   16   15   18   16   27   12   14   13   18   18   15   15   16   18   13   14   13   29   14   16   18   12   12   13   26   13   13   16   13   14   12   30   13   11   16   17   14   14   15   28   14   15   15   26   12   16   18   18   16   30   17   12   18   12   18   14   30   16   15   17   18   12   13   16   17   15   26   13   17   12   18   16   12   18   14   16   12   15   14   17   17   13   11   18   15   16   18   14   17   16   17   12   26   17   25   14   12   16   16   13   16   14   12   17   17   14   14   17   27   14   16   15   16   16   17   13   15   17   13   13   16   17   13   26   16   12   13   18   11   15   13   18   17   14   17   14   16   30   12   18   13   29   18   13   14   12   17   15   13   12   17   12   12   15   18   15   12   15   18   14   12   16   15   13   26   13   17   14   15   12   12   15   16   14   14   12   17   18   13   14   16   26   18   14   16   15   18   16   12   18   16   17   18   29   13   14   16   12   14   18   14   18   12   12   14   16   13   15   25   12   18   12   18   17   28   18   11   18   14   17   30   14   11   13   27   15   18   17   26   17   17   15   13   15   13   12   16   11   15   16   14   13   30   14   13   18   11   18   14   25   27   15   13   17   14   28   30   14   16   17   14   18   17   13   17   16   13   15   13   25   16   13   18   12   18   12   16   16   13   17   15   14   28   16   13   25   30   25   28   27   12   16   17   17   13   12   17   13   14   17   18   12   15   17   13   14   18   12   16   15   18   13   17   30   12   13   12   18   18   16   15   18   15   15   14   14   28   14   16   11   17   15   16   13   15   13   12   11   14   13   15   12   16   16   12   13   16   13   26   13   18   25   12   12   12   18   13   12   14   17   15   12   13   15   17   13   14   15   26   29   11   12   27   15   16   26   18   16   12   17   14   16   17   14   18   13   14   15   17   18   17   13   14   16   14   14   18   13   17   17   16   14   30   14   15   14   18   14   28   13   14   18   16   12   14   18   12
   3    5    5    4    8    3    8    5    4    3    4    3    5    5    3    4    3    4    5    4    4    4    5    4    5    4    5    4    4    4    5    4    4    7    4    5    4    4    4    4    4    4    4    5    3    4    5    4    3    5    7    4    8    5    5    4    7    4    4    4    4    4    4    4    5    8    8    4    4    4    5    8    3    4    5    4    5    7    5    4    3    5    8    4    4    4    7    5    5    5    4    4    4    4    7    4    4    3    4    4    4    4    7    4    4    4    5    7    5    4    4    4    4    5    4    4    4    4    4    4    4    4    4    5    3    3    4    4    4    5    3    5    4    4    4    4    3    4    5    5    4    4    4    3    4    4    4    4    5    3    4    5    5    4    4    3    5    7    4    4    5    4    4    3    5    3    4    4    7    4    4    4    4    5    4    5    5    5    5    4    5    4    8    4    4    5    4    3    4    4    5    4    7    4    4    4    5    5    4    4    4    3    4    5    4    3    4    4    4    4    4    3    8    4    4    4    5    5    4    4    5    4    5    4    5    4    4    7    4    4    4    7    4    4    4    8    4    4    4    4    5    3    5    4    4    4    4    5    3    5    4    8    5    3    4    5    3    4    4    5    3    4    3    4    7    3    5    7    5    4    4    3    4    5    8    5    5    4    5    4    4    4    4    4    4    4    3    4    5    4    8    4    4    5    4    3    5    4    4    4    5    3    4    7    7    5    5    4    4    4    5    7    4    4    3    4    3    5    5    3    8    7    3    4    4    4    4    4    4    5    4    4    4    4    4    4    5    3    5    5    4    4    5    4    4    4    5    4    4    4    4    4    4    8    3    5    5    5    5    5    4    4    3    5    5    4    7    8    5    5    4    4    8    7    4    5    4    7    7    3    5    4    3    7    5    4    4    4    3    8    4    4    3    3    4    4    5    3    4    4    5    8    4    4    4    4    3    4    4    5    4    7    4    4    8    3    5    4    3    4    8    4    8    4    7    4    5    4    4    3    5    3    7    4    4    4    3    7    5    4    5    5    4    4    4    5    3    4    4    4    4    4    5    4    4    4    4    4    5    4    4    7    4    3    4    5    4    3    4    5    8    8    4    4    5    4    5    7    4    3    4    5    4    4    4    5    3    5    4    4    4    5    3    5    4    5    4    3    3    5
  11   13   16   15   17   12   14   16   30   12   16   13   13   18   14   18   14   16   16   18   18   15   14   17   16   14   13   14   18   13   17   14   15   18   13   13   12   17   18   15   16   15   14   18   15   11   12   17   16   18   14   30   18   12   12   17   11   15   13   17   18   13   17   14   27   14   12   11   13   13   14   17   15   16   13   16   15   14   18   14   25   15   18   16   15   15   12   16   13   13   18   15   15   15   13   15   18   14   16   12   17   28   14   16   13   16   18   16   15   30   14   15   17   12   15   12   15   14   15   17   14   18   18   17   12   16   27   16   17   18   16   16   15   16   12   15   15   15   11   12   14   30   12   12   17   14   13   17   14   16   26   16   30   14   15   18   14   18   15   11   30   13   15   14   11   15   12   29   18   11   15   15   12   15   14   18   16   15   17   17   17   27   14   17   15   11   17   12   13   17   14   27   18   17   14   12   18   18   13   16   17   13   17   17   16   18   16   17   14   14   16   28   14   18   27   16   11   17   27   17   17   30   18   18   14   27   12   17   18   16   12   11   17   15   18   15   12   27   12   13   14   13   16   15   17   18   18   12   11   17   15   13   13   18   15   14   18   14   13   13   17   17   30   13   12   26   16   15   29   18   29   27   13   13   12   13   14   12   14   16   17   17   18   15   16   11   16   12   16   14   12   17   30   12   12   13   17   16   16   26   17   14   14   15   14   14   27   14   16   14   15   15   12   14   15   12   15   18   13   16   14   29   16   17   18   18   15   26   15   17   18   18   13   26   16   12   15   17   26   16   15   14   17   15   15   15   15   14   17   13   13   28   17   30   18   12   14   13   17   18   18   17   15   17   13   13   13   13   13   13   26   17   18   13   17   13   18   15   17   17   28   18   13   17   17   12   17   13   13   27   16   15   13   15   13   11   14   18   13   16   17   12   12   14   15   12   17   17   12   28   28   12   15   18   12   13   12   17   14   17   12   30   13   18   16   13   12   16   13   12   13   12   14   16   15   14   16   14   15   11   12   15   17   16   13   15   12   12   15   17   17   13   18   25   17   13   17   16   18   17   15   16   16   12   14   13   27   16   12   18   16   12   14   17   26   14   18   14   17   28   18   14   15   15   13   18   18   17   14   17   16   11   18   14   17   14   12   26   25   17
  11   13    9   10   12   19    9   11   11   21   12   12    9   14    9    9   14   21   12   14   22   10   13   10   10   13   11   12   12   19    9    9   12   10   21   12   13   22    9   14   19   13   13   13    9   21   10   21   10   11   10   12   11    9   11   13    9   13   21    9   12   13   12   13   14   13   20   12   12   13    9   13   10   13   11   23   11   21   11   20   14   12   12   11    9    9   14   14   10   21   13   12   20   14   10   13   10   13   22   13   11   12   12    9   10   13   20   20   13   11   12   10    9   14   12    9    9   19   10   10   13   12    9   10   19   12   11   10   11   13   12   11   10    9   13   12   12   10   10   13   20   20   13   13   13   13   10   11   23   10   10   12   19   11   11   10   13   13   12   12   11   12   10    9   23    9   10   11   11   21   12   23   12   10   12   10   12   13   10   20    9   11   22   19   12   11   12   14    9   12   12   13   19   19   13   21   13   13    9   11    9   10   10   12   12   10   14   14   14   13   14   13   10   12   14   11   10   11   14   10   13   10   12   14   11   10   12   11    9   13   11   13   12   11   10   13   11   12   12   11   13   11   20   13   11   20   12   10    9   11   11   12   13   12    9    9   11   11   14   12   13   14   20   13   13   10   11   10   13   11   10   14   19   19   11   14    9    9   13   12   10   23   10   13    9   13   21   12   12   10   12   22   13   12   11   13   10   13   19   12   12   10   11   11   14   12   10   11   23   10    9   13   12   13    9   12    9   11   10   10   21    9   13   11   10   11   14    9   22   10    9    9   13   14   13   11   11   11   12   13   11   10   10   12   14   12   10    9   11   12   13    9   20   11   10   11    9   11   13   12    9   22   14    9   11   13   12    9   13   10   13   12   11   23   10   10   11    9   13   13   14    9   20   11   13    9    9   13   22   13   10   14   12   11   10   11    9   12   11   14   12   21   14   10   11   13   12   11   21    9   11   20   11   12   12   21   14    9   10   12   10   10   10   10    9    9   21   10    9   10   10   13    9   11   14   12   14   11   11    9   10    9   10   11   13   21   12   11   12    9   21   10   13    9   12   10   10   11   10   14   12   12   10   13    9   13   12   13   12   10   12   11   13   11    9   12   13   22   12   10   13   11   20   10   14    9   13   14   21   10   10   20   20   19   12   12   10   11   23   14
   8   13    6    8    8    7    7    8    9    8    9    8    9    8    9    6    8    9    7    8    9    8    8    6    7    8    9    9   13    8    7    7    9    9    7    8   15    7    8   15    7    8   13    7   15    6    8    7    8    9    6   14    7   13    8    8    6    8    7    9    7    7    8    6    6    7    8    6    9    7    6    9    6   14    9    6    8    6    7    9    8    7    8    8    7    9   15    8   13    9    8    9    7    7    9   13   14    8    9    7    7    9    6    9   15    7    9    7    7    9    7    7    6    8    9    6   15    6    9   15    7    9   13    7    8    9    9    6    7    6    8    8    9    7    6    9    8    9    7    9    9    7    8    9    7    7    6    6   15    6    9    9    9    9    9    7    7    7    9    7    9    8    8    9    9    8    9    7    7    9    8   13    9    8    8    7    8    9    6    8    7    7    8   14    7    6    6    8    6    7    6    9    8    8    7    7    9    7    8    8    6    9    6    7    9    7    6    9    9    8    8    8    7    6    9   14    7    7    8    7    7    8    8    6    7    7    6    8    9    8    7    6    7    6    9    8    6   13    6    8   13    8    8    8    9    8    6    7    8    8    6    6    8    7    8    9    9    8    9    9    9    7    7    7   15    6    6   14   14   14    9    8    7    8    7    8    9    9    6    9    6    9    8    8    7    6    9    9    7    6    9   15    7   15    8    9    9    6    8    7    6    9    7   14    7    6    9    8    9    6    8   15   13    6    7    7    6    7    7    8    7   13    6    9    7    7    7    7    6    9    9    7    9    9    9    9    6    8    9    7    9    7    6    8    7    7    9    7    7    6    7   13    9    8    8    9   13    6    8    7    6    8    8    8    8    9   13    6    8    7    8    8    6   15    6    7    9    9   13    6    8    9    8    7    8    6    7    7    9    6    9    7    8    9    6   15    6    6    7    7    8    8    9    7    8    8    9    9    7    8    7    9    8    7    9    7    7    8    9    9    8    9    6    6    8    7    6   15    6    8    6    9    7    7    6    9    9    8    7    6    7    7    9    9    7    6    9    8    7    9   15    8   14    9    9    9    7    8    7    9    8    6    9    6    8   14   14    7    6    7    9    8    8    7   14    8    7    9    9   15    9    9    9    8    9    9    8    7   13   15    6    8    8    6    7    7    8    8    9    6
