spsp
18
2
500
36 17 14 34 33 7 20 1 22 37 50 38 57 11 30 14 29 51 
43 29 23 46 40 18 27 12 28 41 64 49 61 25 35 24 38 56 
10 10 
0.002 0.002 0.002 0.002 0.002 0.002 0.002 0.002 0.002 0.002 0.002 0.002 0.002 0.002 0.002 0.002 0.002 0.002 0.002 0.002 0.002 0.002 0.002 0.002 0.002 0.002 0.002 0.002 0.002 0.002 0.002 0.002 0.002 0.002 0.002 0.002 0.002 0.002 0.002 0.002 0.002 0.002 0.002 0.002 0.002 0.002 0.002 0.002 0.002 0.002 0.002 0.002 0.002 0.002 0.002 0.002 0.002 0.002 0.002 0.002 0.002 0.002 0.002 0.002 0.002 0.002 0.002 0.002 0.002 0.002 0.002 0.002 0.002 0.002 0.002 0.002 0.002 0.002 0.002 0.002 0.002 0.002 0.002 0.002 0.002 0.002 0.002 0.002 0.002 0.002 0.002 0.002 0.002 0.002 0.002 0.002 0.002 0.002 0.002 0.002 0.002 0.002 0.002 0.002 0.002 0.002 0.002 0.002 0.002 0.002 0.002 0.002 0.002 0.002 0.002 0.002 0.002 0.002 0.002 0.002 0.002 0.002 0.002 0.002 0.002 0.002 0.002 0.002 0.002 0.002 0.002 0.002 0.002 0.002 0.002 0.002 0.002 0.002 0.002 0.002 0.002 0.002 0.002 0.002 0.002 0.002 0.002 0.002 0.002 0.002 0.002 0.002 0.002 0.002 0.002 0.002 0.002 0.002 0.002 0.002 0.002 0.002 0.002 0.002 0.002 0.002 0.002 0.002 0.002 0.002 0.002 0.002 0.002 0.002 0.002 0.002 0.002 0.002 0.002 0.002 0.002 0.002 0.002 0.002 0.002 0.002 0.002 0.002 0.002 0.002 0.002 0.002 0.002 0.002 0.002 0.002 0.002 0.002 0.002 0.002 0.002 0.002 0.002 0.002 0.002 0.002 0.002 0.002 0.002 0.002 0.002 0.002 0.002 0.002 0.002 0.002 0.002 0.002 0.002 0.002 0.002 0.002 0.002 0.002 0.002 0.002 0.002 0.002 0.002 0.002 0.002 0.002 0.002 0.002 0.002 0.002 0.002 0.002 0.002 0.002 0.002 0.002 0.002 0.002 0.002 0.002 0.002 0.002 0.002 0.002 0.002 0.002 0.002 0.002 0.002 0.002 0.002 0.002 0.002 0.002 0.002 0.002 0.002 0.002 0.002 0.002 0.002 0.002 0.002 0.002 0.002 0.002 0.002 0.002 0.002 0.002 0.002 0.002 0.002 0.002 0.002 0.002 0.002 0.002 0.002 0.002 0.002 0.002 0.002 0.002 0.002 0.002 0.002 0.002 0.002 0.002 0.002 0.002 0.002 0.002 0.002 0.002 0.002 0.002 0.002 0.002 0.002 0.002 0.002 0.002 0.002 0.002 0.002 0.002 0.002 0.002 0.002 0.002 0.002 0.002 0.002 0.002 0.002 0.002 0.002 0.002 0.002 0.002 0.002 0.002 0.002 0.002 0.002 0.002 0.002 0.002 0.002 0.002 0.002 0.002 0.002 0.002 0.002 0.002 0.002 0.002 0.002 0.002 0.002 0.002 0.002 0.002 0.002 0.002 0.002 0.002 0.002 0.002 0.002 0.002 0.002 0.002 0.002 0.002 0.002 0.002 0.002 0.002 0.002 0.002 0.002 0.002 0.002 0.002 0.002 0.002 0.002 0.002 0.002 0.002 0.002 0.002 0.002 0.002 0.002 0.002 0.002 0.002 0.002 0.002 0.002 0.002 0.002 0.002 0.002 0.002 0.002 0.002 0.002 0.002 0.002 0.002 0.002 0.002 0.002 0.002 0.002 0.002 0.002 0.002 0.002 0.002 0.002 0.002 0.002 0.002 0.002 0.002 0.002 0.002 0.002 0.002 0.002 0.002 0.002 0.002 0.002 0.002 0.002 0.002 0.002 0.002 0.002 0.002 0.002 0.002 0.002 0.002 0.002 0.002 0.002 0.002 0.002 0.002 0.002 0.002 0.002 0.002 0.002 0.002 0.002 0.002 0.002 0.002 0.002 0.002 0.002 0.002 0.002 0.002 0.002 0.002 0.002 0.002 0.002 0.002 0.002 0.002 0.002 0.002 0.002 0.002 0.002 0.002 0.002 0.002 0.002 0.002 0.002 0.002 0.002 0.002 0.002 0.002 0.002 0.002 0.002 0.002 0.002 0.002 0.002 0.002 0.002 0.002 0.002 0.002 0.002 0.002 0.002 0.002 
  28   26   27   32   19   24   24   17   25   21   23   26   19   30   32   31   29   21
  47   30   39   34   38   52   44   37   47   32   38   47   49   43   43   50   38   45
   8   10    8    5    4    2    9    7    6    6    4    6    9    5    2   10   10    5
   6    3    5    8    7    6    9   10    9   10    4    2    6    7    7   10    5    6
   7   25   11   20    5   18    5   14    8    9   23    4   20   22    6   13   11   14
  13    8   13    5    8    3    7    8    6   14   15    7    6   10    5   10    5   13
   9    9   11    7   10    8   10    8    7    7   10   16    9    7    8   10   10    9    7    8   10    7   11    8    7    8    9    8   11    7   11    7    8    8   10    8   10   11    9   10   10    8   15   11    8   10    8    9    8   11    8    9    7   16    8   10    9   10    8   11   15    7    7    7    9    8    8    7   17    7   10    7    7    7   18    8   10   11    8    7   15   10    7   10   11   10   11    8    8    7    8   10    8    8   10    7   17    9   10    8   10   10    7   15   10    9   10    9    7    8   11    7    9    7    9    9   10   18   17    9    8   11    9    8   11    9    8   11    9   16    7    9    8    8    9   11    9   10   16    8   11    9    8    7   10   16    9   10    8    9   15   11   11    7    7   15   11   11   10   11   10   10    8    8    8    7    8    7    8    9   10    8   10   10    7    8   10    9    8    9   10   10   16    9    9    8    9    8   10    8    9   10   10   10   10    8    7   10    7   10    8    8   15    7   10   16   10    9    7   10    7    8   10    7   17    9    7    9    9   10    8   10    9    9   10    8   10    8    7    8    7    9    8   10    8    7    7   10   11    8   16   10   17    8   10    9    7    9   11   15    7    7    9    9    9   16    8    7    9    9    8    9    9    8   10   11    7    8    9    8   10   10    9   11    9    7   10    7   10   15   17   17    9    8   15   18   10    8    8   11   11    9    7   11    8   11    9    7   10    7   10   11    8   10    7    9   10    7   10    7    9    8    9    8   17    7    9    8    9    8    8    8    9   10    7    8    8    7   10   15    7   11   10    8    9    9    9   11    9   10   10   10    7    8    7    9    9   10   10    9    9    9   16   10   10    9   11    8   10    8   11    8    8   10    9    7    8    8    8    9    9    7   11    9    9    7   10    7   16    8   10    8   15   10    9    9   10    7    9    8   10   17    9    7    7   10    9   17   17    9    8    7    9    9    9    9    9   10   17   10    7    8   15    8    9    7    9    9    8   10   11    9    8    9   10   10   10    8    9   10    9    9   10    8    8   10   11    8    9   11   16    8   10    7    8    8    7    9   11   10   11   10   15    9    8   10    7    9   16   10    7   17    7   10    7    7   10   10    8    9   17    9   15    8   15   10   10   17   10    9   10    8   16   18    9    9   16    8    9    7   17    8   11   16    7    8    9    7    8    7
  34   26   24   33   81   37   26   24   29   34   23   31   27   26   24   28   35   30   36   81   35   38   29   38   35   36   35   36   29   36   29   37   32   25   36   34   25   99   26   33   82   25   96   32   27   29   34   91   24   26   34   26   37   35   23   32   28   34   92   30   36   33   30   37   32   34   31   33   29   23   35   36   30   35   30   32   32   23   26   24   33   37   26   94   30   37   34   31   37   36   28   26   31   29   34   87   33   30   37   30   28   30   36   36   26   37   36   31   32   35   35   30   33   29   25   24   30   34   88   78   28   36   36   28   30   28   26   31   31   37   27   89   28   98   25   25   32   28   26   35   34   32   32   24   26   33   25   24   24   36   32   88   33   27   35   37   26   89   34   24   28   27   37   28   32   33   28   27   35   98   28   29   36   38   27   29   35   30   26   24   28   92   28   28   23   36   33   25   26   78   32   37   25   31   34   37   27   29   28   26   23   33   28   35   25   27   37   24   28   29  100   38   31   28   35   26   28   30   32   29   30   28   38   34   24   30   35   35   35   34   29   88   33   32   30   98   35   29   89   26   29   24   28   23   30   35   32   33   26   37   32   28   29   35   23   37   93   31   29   37   32   35   29   30   29   28   36   31   30   38   31   34   36   35   27   34   33   31   90   37   37   88   23   29   29   28   35   31   30   23   25   33   30   30   25   36   25   26   30   33   31   30   27   24   33   26   35   90   25   98   93   28   27   30   87   30   25   26   31   37   27   27   37   25   24   37   26   35   34   36   37   28   92   30   28   35   30   34   37   33   26   27   23   30   34   28   30   28   36   26   30   28   30   31   35   27   80   29   26   26   37   32   78   24   35   37   36   34   35   31   34   28   34   31   27   31   80   32   26   29   27   24   36   29   32   25   33   80   32   33   35   33   27   24   24   32   24   28   29   35   35   29   27   37   29   38   95   33   29   35   27   30   85   25   83   37   23   35   37   28   80   29   25   94   90   31   28   27   80   25   27   25   24   38   34   29   32   35   26   25   31   36   32   32   98   86   33   36   33   30   27   77   31   78   24   30   30   78   25   36   28   26   34   27   30   83   29   36   30   25   90   91   35   25   23   24   25   28   37   30   27   88   31   32   24   83   37   24   26   37   32   27   31   29   37   92   37   36   38   38
  26   11   13   24   12   15   15   11   14   11   16   12   11   13   12   25   14   12   16   14   11   24   13   17   12   16   17   17   26   12   11   11   13   10   14   10   13   11   15   13   24   24   14   14   14   14   26   14   11   11   17   14   16   13   16   12   16   23   16   13   11   11   12   14   11   16   26   27   10   13   12   12   16   24   25   14   12   12   13   13   12   11   13   15   17   16   12   25   14   13   24   15   11   17   11   17   12   16   12   13   12   13   16   16   12   13   14   13   14   16   27   13   14   17   14   24   17   12   15   16   11   16   12   13   16   12   24   12   17   15   13   25   12   17   12   13   14   16   10   14   16   11   11   13   15   11   14   11   12   16   16   14   16   13   23   13   14   11   17   14   15   16   15   16   27   11   16   14   11   12   13   15   11   14   12   15   13   25   11   12   15   17   25   17   14   14   11   12   17   11   25   13   13   15   28   16   16   12   15   10   17   13   13   14   27   14   14   13   16   13   10   16   15   12   16   12   16   11   14   16   16   16   11   12   16   14   15   12   17   11   12   16   17   15   12   16   15   16   14   17   14   12   14   15   13   13   11   24   16   11   12   15   14   14   16   11   15   16   13   11   12   11   11   12   11   11   15   12   14   15   13   11   12   11   13   17   14   11   25   12   12   14   13   23   12   15   12   11   17   27   13   27   14   11   16   28   14   16   17   13   15   13   13   12   12   16   15   13   12   13   17   15   13   11   26   12   15   11   15   12   15   14   11   28   13   12   12   14   17   12   16   11   13   12   16   11   15   11   13   14   12   16   11   12   15   16   13   14   11   15   15   13   13   13   11   16   16   13   26   12   12   15   16   15   17   12   12   14   15   16   15   16   11   17   14   12   13   27   16   14   13   16   13   14   13   11   15   11   15   11   12   16   11   12   13   16   17   12   14   12   14   15   25   14   13   16   16   12   15   17   14   12   26   12   15   12   14   11   15   15   17   11   11   16   11   11   11   14   17   14   13   24   15   12   11   11   16   14   13   16   15   14   10   10   14   11   15   10   11   12   23   13   16   11   12   16   13   14   12   13   26   13   12   11   12   16   16   14   13   23   12   12   13   15   14   11   14   15   11   11   12   14   16   12   15   16   11   12   24   17   14   11   11   27   11   16   12   11   14   12
  21   70   20   24   20   20   27   68   79   20   19   23   19   21   23   23   23   26   20   27   23   30   23   30   27   24   25   27   22   27   19   20   79   28   29   20   22   25   28   28   27   27   28   24   78   64   21   19   27   27   27   21   30   73   19   19   19   23   25   30   19   76   29   21   28   28   22   29   75   24   24   21   29   28   21   27   23   21   22   19   21   25   26   20   24   20   28   21   26   69   22   24   19   30   19   30   19   25   69   24   65   20   27   23   21   28   77   26   30   19   24   22   21   25   23   22   29   73   21   22   74   76   63   20   24   76   19   30   22   19   30   22   30   19   24   25   29   28   28   24   19   21   21   27   30   19   22   26   26   21   25   26   23   25   24   27   23   26   28   19   23   25   20   23   70   22   25   28   66   25   23   25   76   63   27   28   29   27   28   20   24   23   30   28   22   27   25   22   23   22   22   27   23   19   22   24   23   20   28   26   24   28   22   29   20   29   26   24   69   19   22   28   21   20   19   19   21   74   28   22   23   19   30   27   28   23   22   27   30   25   25   24   20   30   21   20   22   25   23   22   20   27   21   29   25   26   21   23   30   19   19   20   22   19   27   24   64   62   22   28   69   28   26   28   30   30   28   27   20   19   64   79   23   24   61   20   26   23   21   24   62   24   28   78   19   19   21   29   27   28   21   20   22   23   19   78   21   63   25   30   28   27   27   30   75   29   26   27   29   22   25   22   19   20   24   22   20   29   61   27   29   24   26   20   28   19   30   23   29   65   26   19   21   25   19   26   23   29   22   19   28   24   25   23   23   64   27   30   22   21   30   19   21   30   19   19   30   24   28   21   29   28   21   21   28   21   20   70   67   22   78   28   79   27   25   30   22   21   30   21   30   20   22   27   29   79   22   25   26   20   24   20   24   19   30   29   27   72   22   70   20   23   26   25   75   26   28   19   23   26   26   19   28   19   25   28   25   24   21   28   21   26   27   21   20   20   20   26   24   28   28   25   27   22   77   22   24   21   27   28   20   20   28   29   24   30   28   24   25   73   20   26   23   26   28   30   77   64   21   30   28   77   29   28   20   30   21   24   24   27   20   25   24   27   19   22   21   23   78   21   65   22   30   24   80   20   23   27   20   75   24   19   24   29   22   23   19   25   27   61
  11    6   11    5    7    8   11    8    7    8    5    5    7    7    5    5    7    6    6    7    6    8    7    8    7    7    7    6    7    8    7    8    8    5    6    8    8   12    7    6   11    6    6    7    6    6   11    7    8    6    8    7    8    7    7    8    8    5    7   13    6    7    6    6   12    7    8    5    7   11    6    6   13    8    6    7    6    5    8    8    6    7    6    7    8    7    7    7    5    6    7    5    7    8    5    8    8    6    7    6    6   12    6    5    5    6    8    5    7    7    6    7    6    6   11    6    5    6    7   11    5    8    8   13    8    6    7    6    7    8    6    7    7    6    6    6   11    7    6    7    6   12    8    6    6    8   12    7    7    8    5    7    6    8    7    6    6    8   11    7    6    6    8    5    7    7    6   13    6    7    6    6    7    7    5    7    7    5   12    6    6    6    5    7    7    8   12    6    7    5    7    6    7   13    7    5    7    6    6    6    6    6    7    6    6    8    6    6    8    5    6    8    7    7    7    5    6    7    6   13   12    6    7    7    5   12    7    7    7    7    7    7    5    6    6   11    7    8    5    5    7    6    6    8    8    7    6    6    7   12    8    8    8    5    6    6    6    8    7    6    7    6    7    6    7    8    6    5   11    8    6    7    7    7    6   11    5    6    7    5    8    8    8    5    6    6    8    8    8    8    6   11    6    6    5    6    5    6    8    7    5    6    5    6   11    5    6    6    6    7    8    5    6    5    7    8    6    7    6   12    7    8    6    5    7    6    6    5    5    8   11    7   12    7    6    8    6    5    7    8    6    7    6    7    6    6    7    6    6    6    5    7    8    6    6    7    8    7   11   12    6    7    6    7    5    7    7    7    6    5    5    5    7    6    6    7    5    7    7    5    7   12    6    6    5    6    6   13    7    6    8    7    7   12   12    5    6    6    8    8    7    6    6    6    5    5    5    8    6    8    6    7    7    6    7    6    8    6    7    7    7    7    5   12    7    5    7    8    7    6    6    5    6    5    7    7    6    7    6    7    5    8    7    7    6    7    8    5    7    7   12    7    7    5    6   11    7    7    6    7    8    7    7    6    7    6   11    6    8    7    6    6    6    7    7    6    7    6    5    7    6    6    7    6    6    8    8    7    5    6    6    7    6    6    7    6    8    6    7    5
  26   20   25   18   22   18   24   24   26   24   19   61   19   25   64   22   18   23   27   25   55   24   24   26   26   23   18   24   23   21   22   17   26   25   18   63   61   19   27   19   19   25   26   25   25   17   20   20   19   22   23   18   24   26   25   21   24   22   19   20   21   19   22   21   57   23   24   25   19   24   24   24   23   22   23   20   22   19   22   22   17   23   24   18   18   68   21   20   27   22   17   63   26   20   17   24   26   58   22   17   18   17   18   22   66   25   23   71   24   23   21   23   25   26   24   18   18   20   25   19   68   20   17   24   64   67   26   20   18   21   26   17   18   20   23   24   72   27   17   19   22   22   22   21   27   22   23   21   71   20   20   19   24   19   19   26   18   17   18   17   19   22   20   24   27   19   63   22   21   55   19   23   23   23   19   17   26   26   19   20   17   20   25   17   27   21   17   19   27   20   20   64   22   20   22   69   19   22   20   18   17   27   20   26   25   19   68   27   17   21   21   21   20   23   26   22   19   18   21   21   18   18   57   17   21   22   20   21   19   69   18   21   21   26   70   18   17   20   27   22   20   69   60   56   26   25   59   23   22   18   20   24   27   23   20   17   69   20   20   23   19   22   21   17   23   18   17   18   20   17   17   22   27   21   25   22   25   18   66   25   62   27   27   22   69   55   65   24   67   23   18   19   64   18   17   19   23   21   24   18   61   20   19   22   21   19   19   27   23   21   27   20   19   17   19   23   25   27   21   26   22   19   20   18   24   27   23   27   17   19   21   20   18   27   19   24   21   20   24   23   21   23   19   25   20   25   25   27   19   26   21   24   70   59   20   19   20   24   25   17   27   22   23   24   21   23   17   20   27   24   18   19   21   25   27   25   18   22   18   58   70   25   61   23   21   21   22   25   26   17   18   23   17   27   17   25   26   17   27   25   20   24   22   23   58   26   19   26   19   62   18   20   21   25   19   18   24   18   22   21   25   22   18   19   25   24   27   21   24   20   18   19   26   71   20   25   23   27   19   18   25   20   23   17   26   24   19   18   22   27   18   61   18   26   23   56   20   25   18   22   19   21   26   61   25   25   25   27   19   24   23   20   25   18   23   26   25   60   25   20   26   25   26   22   21   23   22   26   27   25   23   21   24   27   23   19   21   17   23   25
   7    8    7    7    8    6    8    7    8   13    7    8    5    8    8   12   11    6   11    7    6   12    6   11    6    6    6    8   12   13    7    7    5    7    5    7    7   13    6    6    7    6    7    8    7    6    5    8    5    6    6    5    6    8    5    5    5    6    5   11    7    7    5    8    7    6    6   11    6    6    6    7    7    6    8    6   12    7    8    7    7    8    8    5    6    5    6    6    6    7    7    7    8    7    6    6   12    7    7    5   12    7    7   12    8    6    5    6    6    7    8    7    5    5    5   11    7    7    8    8   12    6    5    8   13    6   13    6    7    6   13    7    6    8    6    7    5    7    6    7    5    6    8    5    5    7    5    5    7    7    5    6   11    6    7    8    7   12    6    8    5    5    5    6   12    5    7    8    5    6    7    5    7    7   12    5   13    8    6    8    6    7    6    5    5    5    8    8    5    7    5    8    8    7    6    6    5    5   12   11    7    7    6    6    6   11   11    8    7    7    7    6    7    6    5   12    6    6    6    5   12    7    6    5    6    8   11    7    8    5    6   12    8    6    7    5    8    5    7    8   12    8    8    8    8    7    7    5   12    7    6    7    6    6    6    5    5    7    5   11    8    6    6    6    7    7    7    6    6    6    5    6    6    7    7    7    7    6    7    7    6    5    6    6    5    5    6   13   11    7    6    6    7    6    5    6    6    7   11    8    6    6    6    6    7    8    7    7   12    8    7    7    6    5    5    6    8    7    5    6    8    7    7    7    6    6    5    7    8    6    6   11    6    7    8    8    6   13    7    8    7    5    6    7    8    6    8    6    7    5    7    8    6    8    7    7    7    7   11    7    6    7    7   12    6    7    7    5    7    6    8    8    5    6    5    6    6    5    5    6    7    7    7    7    7    7    7    7    6    8    6    6    8    5    7    8   11    7    7    6    5    8    6    8    7    5    7    6    5    6    6    6    8    8    7    5    6    7    8    6    7    8    8    5    7    5    7    7   12    5    7    8    7    7    6    7    8    6    6    6    7    5    6    6    6    5    7    6    8    6    7    6    5    8   12    8    6    6    6    8    5    7    6    5    6    5   11    5    7    7    6    7    7    6    6    7    6    7    5    7    5    6    7    8    6    8    8    8    7    6    6    5    7   11    6    6    7    6    6    7
  17   14   35   19   14   18   19   15   18   19   17   19   15   18   15   18   17   16   21   20   17   15   19   21   17   14   17   14   17   21   15   14   21   14   20   17   19   19   18   16   15   13   17   16   14   16   14   18   15   21   17   20   17   17   18   20   16   20   14   15   21   17   19   15   20   13   32   33   16   19   18   15   14   16   15   31   18   14   15   16   16   18   17   32   19   13   20   14   16   20   30   21   20   19   14   18   20   19   21   21   15   18   14   18   21   20   14   16   18   19   20   18   20   18   19   19   17   16   19   21   16   18   29   14   16   18   14   20   18   18   16   21   18   20   18   32   17   19   18   19   18   18   33   13   16   18   21   30   15   18   20   16   21   15   18   20   18   14   32   14   18   18   16   15   19   17   16   14   20   14   17   20   14   34   21   21   33   18   16   14   18   21   15   21   16   21   20   20   35   21   15   19   18   32   19   31   14   32   13   19   15   14   18   18   17   17   19   20   20   14   30   18   14   18   20   14   15   20   30   15   15   19   21   35   14   21   30   21   19   17   19   20   14   21   16   20   19   19   16   32   20   20   21   29   18   20   21   17   13   31   17   18   21   19   19   15   17   14   16   21   17   21   19   17   21   14   34   14   17   16   19   15   14   15   35   21   14   20   20   17   20   21   17   14   15   16   21   14   18   21   15   20   14   21   18   18   20   20   21   18   19   14   15   17   17   16   13   16   29   19   17   18   15   20   20   32   17   17   15   16   20   16   19   13   15   16   15   20   17   18   20   20   21   14   16   13   16   18   21   33   19   17   20   14   17   17   15   21   21   16   20   14   14   18   19   20   20   20   35   21   15   18   14   13   21   29   18   18   29   14   20   14   21   17   17   18   17   18   19   17   21   16   18   16   15   17   19   18   14   20   14   20   14   14   19   16   14   14   16   15   17   14   13   15   29   14   15   21   17   15   17   16   17   21   18   15   16   14   21   15   18   15   20   17   16   17   33   14   14   30   18   16   14   16   20   20   18   20   16   17   17   16   14   15   14   14   15   18   21   17   21   20   14   16   17   20   18   19   21   21   14   20   13   15   19   17   15   18   14   15   33   18   13   18   21   18   21   18   19   16   20   18   17   20   16   17   19   17   35   15   17   17   31   16   19   21   13   20   14   18
  10   11   12   10    8   10    8    9   10   12   11   12   12    8   10   12   12   10    8   10   11   12   12   11   17   11    8   10   12   12   19   10   11   12   10    8   17   11    8   12   10    9   10    9   11   11   10    9    9   17   10   11    8   10   11   11   10    9   10   11   10    9    9   10   12   10    8   12   10   11   11   11    9   10    8    9   11   12    8   11    9    9   12   10   11   11    9   12    8    9   10   20   18   11   12    9    9    9   17    8   12    9    9   12   11   10    9    9   10   20   11   12   10    9    9   11   11   12    9    9   11   12   12    9   12   11    9    8    9   12   17    8   11   12   18    8   12   10   12   10   12    8    8   10   10   12   11   20   11   10    9   12    8    8    9   19   10    8   12    9    9   10    9   11   10   12   19    8   12    9   12   10   12   11   11   10   19   11   10   10   11    9   12   12    9   10   10   11    8   18   12   20   12   10    9   11   12   11   12   12   10    8   10   10    8    9   11   11   11    9   19   12   18    8   11   11    9   11   10   12   10   10   10    9   12    9   12   11    8   11   11    9    8   10   10   12   11   18    8    9    9   19    9   19   11   19    9    8    8   12   12   11    8    9   10    9   18   12   11   20   10    9    9   11   10   11   11   10   10   20   12   11   12   12   12   11   10   11   12    8   12   12   10   10   11   20    8   12    8   12    8   11   11    9   11    9   10   11   19   10    8    8   20   10    8    9    9   10   11   11   20   20    9   11   10   12    8   10   12    9   11   12    8   12    9   10    8   18   10   20   11   12    9   11   12   11   12   10    9   10    9   10   10   20   12   10    9    9   10    8    8   12   10   18   10    9    8    9   10    9   10   10    8   12   11    8   11    9    9    9   12    8    8   12   11    8    8    8   10   11    8   10   12    8    8   12   11    8   10    8   12   10   12    9   19   11    8   12    9   17   12   10    9   11    9   18    9   11    9    8   12   10    9    9   12   11   10    9   10   12    8   10    9   11   12   12    8    9   18   12   19   12    9   11    9   10    9   11   11   11   10   10   12   10   10   17    8    8    9    9   12   10    8   10    9   19    8   10    9   12    9   19   11   12   10   10    8   11    9   10   10   10   11   11   10   11    8   11   11    9   12    9   10    8    8   11   10   12    8   12   11    9    9   10   11   11   11   11   12   11
   9   10   19   19   10   11   19   13   10   11    9   13    9   10   11   12   13   14   13   13   12   12   11   10    9   10   10   13   13   10   21   14   12   13   10   13   10   10   12   23   13   13   20   10   10   12   13    9    9   13   12   13   12   11    9    9    9   11   14    9   13   22   10   13    9   19   14   13    9   12   13   12    9    9   11   12   11   10   12   11   11   11   13   10   11   10    9   12   14   13   14   10   14   11    9    9   20   11   13   10   12   10   13   20   13   13   10   12   13   10   14   13   10   10   10   20   12   14   10   12   12   11   13   10   13   11   10   10   11   12   21   10    9   22    9   20   12   12   12   21    9   14   13   13   11   14   12   11   20    9   11    9   13   13    9   10   10   10   12   11   13   10   10    9    9   14   20   11   13   20   14   12   10   11   22   11   13   13   21   12   13    9   13    9   10   13   12   10   11    9   11   13   14   14   11   13   10   14   13    9   10   11   10   10   14   12   12   11   13   14   13    9   13   12    9   10   14   11    9   13   14    9    9   19   19   14   23   13   10   13   13   10   14   10   12   10   13   10   12   13   23   14   10    9   12    9    9   13    9   22   12   10   12   12   21   14   23   13    9   13   22   11    9   10   12   20   11   12   20   10   19   10    9   14   12   11   10   12   10    9   11   11   21    9   20   13   10   11   12   10   13   19   12   12   11   10   11   13   20   13   20   14   10    9   13   11   12    9   20   13   20   11   10   10   11   13   14    9   11   11   10   10   12   13   10    9   23   14   11   13   11   11   12   13   14   13   12   10    9    9   10   10    9   12   23   10   13   13    9   11    9   10   12   13   13   12   12    9   10   13   11   10   13    9   14   10   10   11   11   20   22   13   12   20   11   13   13   12   12    9   10   13   10   12   13   10   11   13   11   14   12   11    9   10   12    9    9   19   10   10   13   12   11   13   13   10   12   12   10   21   14   11    9   11   11   12   12   11   13   13   11   11   12   22   12   12   22   11   12   12   10   19   10   19   14   13    9    9   10   10   12   11   19   14   12   13   11   22   13   22   10   19   13   13   14   12   11    9   10   10   13   10   11   12    9   13   10   12   12   10   21   12   14   10   10    9   10   12   13   13   13    9   12   11   11   12   13   19   13   13   21   11   13   12   12   22   10   20   13   13
  25   24   24   26   34   30   34   22   24   34   28   92   26   33   24   34   32   23   33   27   24   27   21   29   24   23   79   29   24   35   23   31   30   25   74   28   31   25   22   29   34   29   23   23   86   28   21   23   32   30   28   23   26   79   33   34   32   27   22   23   31   29   22   22   24   90   80   27   23   32   26   31   34   29   75   25   27   27   29   30   24   31   27   24   29   31   33   80   34   29   31   21   26   81   25   32   24   23   25   30   72   21   27   31   28   31   33   24   31   32   35   35   26   33   33   26   22   35   31   33   25   33   34   29   33   27   34   35   25   73   27   27   25   72   32   30   29   27   24   27   29   29   22   33   33   25   25   24   22   76   27   30   31   22   29   25   35   75   29   22   28   34   29   27   21   30   22   24   30   27   21   29   24   25   32   34   24   26   24   89   34   26   35   72   33   25   22   82   23   22   29   32   32   26   77   32   26   26   31   25   23   27   23   72   26   33   34   26   28   27   31   24   21   27   25   28   27   22   33   34   33   27   31   22   72   26   32   24   22   35   32   23   29   26   27   30   23   34   83   23   35   32   34   26   21   71   32   29   33   92   24   85   29   23   29   22   31   28   24   27   35   32   26   21   21   23   33   83   21   26   34   28   34   22   29   32   28   83   23   32   31   89   23   23   34   30   22   26   30   34   26   26   34   33   29   30   23   79   31   28   30   23   87   85   26   22   24   77   31   27   25   30   34   26   28   33   29   26   31   24   29   33   31   26   34   25   23   35   28   30   79   31   33   27   21   30   24   35   27   28   33   32   24   24   31   82   70   74   32   85   27   26   30   31   34   35   28   31   23   30   28   22   30   88   91   32   25   24   24   32   87   29   27   25   28   28   26   22   32   29   22   33   34   25   74   29   32   28   24   80   31   32   34   28   31   26   21   75   32   89   35   34   30   26   33   25   23   27   80   34   25   24   28   87   31   34   30   32   31   22   30   81   27   32   32   24   26   21   29   28   35   34   31   29   32   24   25   24   34   30   26   25   32   24   28   26   32   32   34   21   27   33   23   30   28   33   24   31   34   27   24   28   81   28   23   30   32   32   23   24   30   27   25   22   77   84   23   23   24   72   88   28   80   24   25   35   21   29   33   26   21   31   27   28   30   30   33   83   32   31
   5    5    6    6    5    4    6   10    6    4    5    5    5    5    6   10    5    9    5    6   10    6    5    5    5    5    4    5    5    5    5    6    5    6    6    4    6    6    6    6    6    4    9    6    9    4    5    9    6    4    5    5    6    5    5    6    6    5    5   10    6    5    4    6    6    6    5    6    6    6    5    6    4    4    5    6    5    5   10    6    5   10    6    5    5    5    5    5    6    4    4    4    5    5    5    5    5    5    6    6    4    4    5    5    9    5    5    5    5    5    6    6    6    5    5    6    9    4    6    4    4    4    6    6    6    5   10    4    6    6    5    4    4    6    6    5    6    4    5    5    6    9    6    6    5    6    6    5    6    4    5    5    4   10    4    5    6    6    5    5    5    5    6    5    6    6    5    5    5    5    5    9    6    6    5    4    5    5    4    9   10    6    5    5    5    6    5    5    6    5    4    6    6    5    6    4    5    5    5    6    5    6    6    5    5    4    4    5    5    5    6    5    6    6    6    5    6    6   10    6    6    6    5    4    6    5    6    6    6    6    5    6    5    6    4    6    5    5    6    6    6    5    4    5    5    6   10    6    5    6    5    6    4    5    5    9   10    5    5    6    6    6    5    6    6    5    6    4    5    5    6    6    6    4    5    9    6    6    6    4    5    5    4    5    5    5   10    6    6    5    6   10    6    5    6    5    4    6    5    6    4    6    4    4    5    4    4    5    4    5    5    5   10    5    6    5    6    5    5    5    5    6    5    5    4    6    5    6    5    6    9    5    6    6    4    5    4    5    5    6    6    6    4    6    5    5    6    6    9    9    6    6   10    4    6    6    5    5    5    6    6    4    6    6    4    5    5   10    5    4    6    4    6    6    5    6    5    5    4    6    6    5    6    5    4    6    5    5    5    5    5    6    6    5    5    6    6    4    4    5    6    6    4    4    5    9    6    6    5    5    9    6    9    4    4    6    5    6    5   10    4    4    5    5    6    5    6    4    5    6    6    5    6    4   10    5    5    9    5    4    6    6   10    9    6    6    5   10    4    6    6    4   10    6    4    6    4    5    6    5    6   10    6    6    6    5    6    6    5    4    9    6    5    6    9    5    6    6    5    6    6    6    9   10    6    5    6    5    6    4    6    6    6    6    6    6    6    5    5    5
  26   29   30   27   27   26   26   19   28   25   21   30   67   28   25   24   28   27   22   30   26   20   29   28   61   20   28   25   28   22   19   23   28   19   22   22   26   30   23   29   23   28   30   22   20   30   25   23   30   27   21   25   20   24   22   19   23   20   70   21   29   23   28   27   19   19   27   19   25   25   22   29   29   20   19   24   25   23   25   24   20   19   28   21   22   19   19   69   26   25   21   23   27   67   29   78   28   26   19   19   30   30   20   24   19   20   25   20   72   19   26   29   28   21   26   30   29   19   24   29   23   25   22   21   25   21   25   20   25   30   29   24   29   30   21   22   21   21   20   27   29   67   27   27   25   24   26   19   68   29   20   28   20   77   26   62   21   27   21   20   28   19   80   27   28   29   20   22   20   30   24   23   23   27   28   68   22   20   28   20   28   30   24   29   28   30   20   29   28   25   19   19   22   19   21   21   30   29   27   26   28   30   63   28   28   30   66   28   29   26   20   61   27   20   24   23   19   23   27   29   21   30   23   64   29   26   24   26   65   66   23   23   26   64   27   62   77   22   72   29   27   20   29   26   25   21   30   23   24   77   20   27   30   76   21   20   21   22   23   20   23   27   24   22   19   27   25   24   26   29   80   29   30   20   27   65   27   26   29   19   21   25   28   30   21   25   20   23   21   25   30   71   26   27   20   26   26   23   29   28   20   23   29   27   26   19   21   19   20   27   29   30   29   30   70   68   21   66   26   29   25   25   26   21   27   22   27   23   26   21   23   28   19   19   25   23   21   25   22   20   25   21   30   61   20   29   26   25   25   23   80   25   26   28   20   28   27   19   28   27   77   65   27   66   26   20   25   78   30   29   21   20   25   29   26   30   23   79   19   26   25   20   23   28   28   29   23   27   21   73   26   25   27   19   30   25   25   20   22   27   77   24   30   23   25   65   24   24   28   23   30   20   21   22   19   27   25   63   20   29   24   21   28   29   29   21   23   27   23   20   19   26   27   30   22   26   30   22   21   24   24   26   22   27   28   70   22   20   27   24   63   29   19   25   22   64   19   22   25   22   25   23   25   27   30   30   23   24   24   25   24   21   66   20   24   27   24   25   30   20   26   22   70   29   30   27   25   22   22   78   26   23   27   30   27   24   23   73   26   70
  74   30   30   30   26   28   24   23   29   33   79   30   22   68   21   31   31   33   88   27   24   75   80   81   29   33   32   26   27   33   32   24   25   32   30   27   21   33   27   23   32   24   22   28   84   24   29   30   29   75   27   29   26   22   31   26   30   30   33   26   30   82   32   32   29   25   20   29   27   27   31   86   22   28   25   21   21   29   26   25   29   24   32   26   33   21   32   22   24   24   31   85   21   22   21   25   79   31   30   27   69   30   28   31   24   31   22   29   22   33   26   30   32   22   23   33   21   72   77   85   27   26   28   23   88   21   28   24   25   86   27   32   30   83   24   22   33   29   78   31   31   24   22   28   32   30   25   22   26   27   24   30   78   29   30   20   27   24   30   28   27   23   24   26   33   32   33   29   30   29   27   32   76   26   32   24   30   24   25   22   33   25   25   28   22   27   22   83   32   22   22   23   33   22   69   32   30   22   30   28   24   30   26   80   74   29   22   21   79   33   32   23   27   31   68   75   25   28   27   22   32   32   32   86   31   29   69   31   28   25   23   21   27   25   28   31   26   76   30   20   32   24   22   27   23   27   26   27   22   26   70   24   25   32   26   24   30   32   24   26   23   28   21   22   32   26   31   20   25   85   30   32   31   76   22   30   28   67   28   26   24   21   26   23   21   23   28   23   33   28   27   23   30   24   29   28   29   32   88   21   26   23   28   22   22   30   30   28   26   28   20   26   22   33   30   33   32   28   69   27   24   80   25   33   28   80   32   25   30   20   24   30   24   28   23   31   21   26   72   24   25   21   27   23   22   24   25   73   27   32   22   21   26   24   23   30   32   21   33   29   29   22   25   32   29   27   22   70   32   28   26   21   29   78   25   27   30   33   25   27   30   23   28   30   23   21   21   22   29   22   31   74   26   26   25   22   30   21   20   24   31   21   26   31   78   24   27   27   28   67   29   28   23   24   75   22   33   23   28   29   23   23   21   24   28   26   31   30   22   26   31   29   32   72   30   26   73   21   28   24   27   23   23   33   22   32   21   32   21   24   20   22   24   26   26   30   32   21   32   28   32   22   29   21   22   32   25   25   23   25   31   24   28   22   21   30   23   29   22   21   21   30   21   26   31   30   69   32   29   26   24   31   28   33   23   31   24   75   72   29
   9    6    7    9   15    8    6   13   15    7    7    9    6    6    9    8    8    9    8    9    7    9    8    8   15    9    9    6    7    8    7    7    6    8    9    6    7    8    9    7    8    6    7    7    9    8    7    9    9    7    9    7    7    7    7    8    9    8    9    9    8    8   13   14    7    8   14    7    6    8    9    7    9    8    8    7    7   13    7    7    9    7    7    7    9    6    8    9    9    9    7    6    7    9   15    6    9    9    9    7    9    6    9    9    6    6   13    7    9    7    7   13    8    8    9    9    9    9    9    6    9    8    9    7    9    7    8    8    6    9    6    7    8    7    8    8    7    9    9    7    8    9    7    9    6    8    9    8    7    6    8    7    8    9   14    8    9    7    8    9    9    6    9   14    7    8    8    8    7    8    7    8   14    8    7    7    8    8    8    6   15    8    9    7    7    8    7    9    7    9    9    9    7   15    8   13    7    9   14    9    9   14    8   15    6    8    7   13    6    7    6    7   14   15    6    8    8    7    9    8   15    7    9    7    7    7   13    8   13    9    6    9    6    9    7    6    9   13    6    8    6    9    8    9    8    7    8    9    9    9    9    6    9    7    7    9    9    7    7   13    7    8    8    7   15    6    8    7   14    7    7    9    9    7    8    9    8    7    9    6    7    7    6    9    7    9    8    6    8    9   15    6    6    7    7    6    8    6    9    7    7    9    6    9    7    9    9    6    6    9    7    8    9    9    7    6    8    7    9    8    7    8    7    8    6   13    9    8   14    8    9    9    8    6   13    7    9    9   15    8    8    9    8    7    7    9    7    7    9    8    7    8    7   15    8    8    7    9   14    9    7   15    7    6    8    8    9    6    6    6    9    7    8    8    7    9   15   13    9    8    6    9   13    8    9    9    8    9    6    8   13    6    8    9    9   14   14    9    8    6    6    7    8    7    7   15    9    6    9    7   13    7    7    6    8    9    6   15    8    9    7    9    7    8    8    7    6    7    8    9    8    8    7    7    9    6    7    6    9    8    9    8    6   13    7    8    6    7    8    8    8    9    9    8    8    9    9    7    7    9    8    8    9    9    7    8    7    8    8    6    6   15    7    8    7    7   15    8    9    8    7    7   14    8    6    7    9    8    7   15    7    6    7    8    9    7    6    9    9    6
  20   20   18   17   14   15   18   16   15   14   13   16   29   13   31   33   27   20   16   16   14   17   17   18   16   16   17   17   13   19   13   17   15   18   18   20   19   13   18   19   12   12   17   14   19   28   13   30   30   17   15   14   14   14   17   29   16   14   17   14   31   17   18   17   30   15   18   12   13   13   14   19   17   14   13   12   14   29   20   14   19   30   33   15   16   31   13   16   15   18   18   19   28   18   17   19   19   17   15   20   18   15   17   16   15   17   18   12   14   16   13   19   17   20   19   20   12   18   13   12   20   17   27   16   17   13   28   16   15   20   28   19   19   33   14   15   30   15   30   27   20   18   20   20   13   30   15   15   18   20   20   17   13   15   13   13   18   15   20   28   19   17   14   20   16   19   20   19   13   19   16   14   27   20   13   14   19   17   18   17   18   14   13   18   20   17   32   19   15   14   20   17   16   18   14   19   13   18   27   16   18   20   18   13   16   17   13   15   13   15   13   19   14   16   14   33   15   12   13   18   19   30   17   13   19   17   17   19   33   18   15   19   28   16   17   13   30   18   18   16   16   14   15   16   13   17   15   13   13   12   16   14   28   15   18   18   18   19   18   14   19   27   14   14   13   17   18   15   32   14   19   15   19   19   19   15   14   18   15   19   14   15   16   13   16   16   19   19   17   18   27   14   18   16   16   14   17   19   18   14   19   18   13   13   30   19   18   17   33   28   15   18   17   20   19   17   15   15   14   18   17   19   19   13   18   19   14   17   18   19   15   16   17   20   17   13   28   13   19   16   18   18   19   29   18   14   16   15   17   19   18   16   18   13   19   17   32   13   29   13   18   19   20   14   13   13   17   18   18   14   31   14   17   12   20   15   13   20   13   14   17   15   18   19   15   19   12   18   20   16   16   14   18   17   15   14   18   16   14   14   18   28   14   19   18   17   15   20   14   14   17   15   19   15   18   16   17   15   31   17   16   14   14   14   12   16   29   15   16   16   32   17   16   18   19   13   15   18   17   16   13   20   19   17   12   14   31   19   18   14   19   17   13   20   13   14   20   16   15   18   13   32   18   12   13   27   13   19   31   18   28   20   18   18   18   14   17   18   17   19   18   27   15   16   14   15   30   17   19   16   29   16   16   20   30   17   14   27   15   18
  12   16   27   13   15   26   15   16   17   13   14   17   17   24   13   12   13   16   16   14   11   11   13   12   10   14   11   15   11   16   25   11   12   16   12   11   14   11   16   14   24   14   13   14   16   27   17   15   16   17   16   24   15   16   11   13   12   12   11   14   17   15   15   15   12   12   16   15   11   13   16   15   13   11   11   14   16   12   16   26   11   26   11   15   14   17   15   12   12   12   12   11   14   16   11   14   10   16   17   12   26   13   12   12   11   27   17   14   26   12   15   14   11   14   16   17   11   16   13   16   15   17   14   10   14   16   23   15   12   14   12   13   11   25   17   12   13   11   15   12   13   24   16   15   11   12   13   13   15   12   13   16   13   17   16   24   16   11   15   16   12   16   11   12   13   12   11   14   11   15   17   14   17   16   15   27   12   13   11   17   25   17   12   12   12   24   16   12   14   16   15   26   14   16   25   27   27   15   13   17   16   13   14   16   14   14   13   15   14   15   13   12   12   16   15   12   14   16   25   14   15   16   14   12   23   17   12   15   15   15   12   26   13   11   11   24   12   16   11   16   12   13   13   14   11   13   15   15   17   15   24   14   12   14   17   13   14   11   15   16   15   26   16   13   14   17   16   15   11   17   14   14   12   14   16   13   15   17   11   12   26   11   15   16   15   11   14   13   12   15   15   12   23   17   17   11   15   12   15   15   16   15   13   17   11   11   16   23   13   16   16   12   13   16   15   15   12   12   14   14   15   12   27   23   28   12   17   16   11   12   16   16   13   12   11   16   12   14   17   15   25   11   17   15   23   15   13   17   14   14   17   15   12   26   11   11   13   12   13   13   14   15   13   17   16   17   13   12   16   15   14   13   16   11   16   12   11   23   11   25   16   14   12   16   27   24   12   14   15   16   26   13   16   11   15   11   17   16   14   14   24   16   14   13   13   11   11   14   11   17   14   24   23   12   12   16   13   14   16   13   13   14   17   14   15   28   11   16   11   17   24   15   15   11   13   12   17   26   17   16   11   15   16   11   24   16   15   25   16   14   11   26   14   17   12   12   12   14   23   11   11   11   14   14   11   11   14   13   16   12   11   11   13   14   11   15   14   14   17   17   12   14   17   15   15   13   16   25   13   15   11   14   17   23   11   11   14   14   11   11
  20   13   17   15   19   13   18   16   15   17   18   18   15   21   15   16   20   14   15   20   32   13   21   18   14   18   18   13   35   19   21   19   20   14   31   19   16   34   19   21   21   15   16   15   20   21   15   14   21   21   14   13   32   18   15   30   15   18   18   34   21   19   14   16   17   17   31   19   21   20   21   18   14   18   21   21   16   20   31   17   14   20   15   21   13   16   16   15   20   19   15   17   16   14   21   15   20   21   20   20   21   19   14   21   18   19   16   18   14   19   20   14   21   21   19   18   14   18   18   14   18   15   17   14   18   14   17   17   14   18   18   15   16   13   35   15   15   33   18   14   18   34   35   13   17   31   29   21   13   20   17   16   17   15   19   18   18   18   19   21   17   20   14   29   17   17   21   18   20   14   18   14   15   16   16   13   14   15   16   15   19   17   15   34   33   14   19   14   15   21   15   29   20   17   15   13   14   33   18   14   14   15   16   17   17   19   15   13   19   31   16   20   32   18   16   35   17   13   15   17   20   19   19   16   30   20   15   17   20   35   21   20   15   35   18   17   14   19   14   34   15   20   20   19   13   20   21   18   20   19   19   20   20   19   18   20   18   18   21   31   16   16   20   16   15   18   14   19   19   16   19   19   32   20   19   21   17   13   18   18   20   15   21   16   14   21   18   14   19   20   20   19   17   14   31   15   35   19   13   18   18   14   16   19   15   15   16   14   21   17   19   18   14   14   21   21   20   21   15   20   15   16   18   17   15   16   21   16   14   32   15   18   18   19   20   18   17   21   15   14   21   13   32   18   20   20   17   21   18   18   21   20   14   18   14   14   16   19   13   21   18   14   19   18   15   18   21   15   20   14   18   35   15   18   19   32   21   15   21   14   16   20   20   13   14   14   19   13   15   17   20   16   13   16   16   21   16   15   17   20   19   15   18   20   18   13   17   32   21   15   16   34   17   15   15   15   19   19   15   18   32   19   19   17   14   20   18   21   14   13   13   14   14   20   16   13   19   18   21   14   17   16   29   19   21   14   14   31   17   20   16   32   20   19   17   21   18   15   15   19   16   33   18   32   17   32   21   21   18   19   18   18   14   18   15   13   19   17   19   14   15   20   20   15   18   16   14   13   19   17   18   15   18   18   14   19   20   21   30   30
  20   14   15   12   20   17   17   13   19   30   16   13   18   17   15   14   16   28   17   12   20   17   17   17   13   33   20   18   18   14   18   18   18   14   16   15   16   20   14   16   18   16   15   16   14   32   27   27   14   15   19   16   16   14   17   16   14   18   20   13   16   32   15   13   13   16   19   15   18   27   15   16   15   19   13   18   15   16   13   15   17   13   17   20   19   13   28   32   18   30   20   15   18   18   13   29   18   19   30   17   27   14   16   13   13   13   18   18   18   16   18   14   15   12   15   13   30   15   30   19   20   12   18   18   17   18   16   13   31   13   27   29   14   14   14   19   14   19   16   16   17   16   18   18   19   30   31   17   16   15   13   13   15   17   13   13   17   33   12   18   20   19   17   13   15   14   13   14   16   14   13   14   14   16   13   14   16   18   19   28   14   12   13   15   29   14   33   14   12   19   19   13   17   14   20   16   16   16   18   14   19   15   16   12   18   13   18   20   18   18   17   16   18   14   19   17   12   13   17   16   17   18   16   28   13   32   17   18   29   18   20   27   17   19   17   12   13   13   31   17   16   16   15   17   19   17   18   16   17   19   30   19   17   18   16   16   13   12   15   18   19   13   13   13   17   18   28   20   16   13   15   16   14   19   20   13   14   15   18   13   14   14   17   19   13   20   18   13   14   29   16   17   20   28   14   17   18   19   16   12   19   19   30   19   16   19   19   19   15   14   16   19   16   30   15   18   16   14   14   18   14   14   13   15   15   31   14   19   19   15   15   15   19   15   18   17   18   19   15   17   15   13   18   19   16   15   28   13   16   18   18   13   15   17   18   13   12   18   19   27   14   15   18   18   18   16   20   17   17   17   14   28   13   30   13   16   17   28   16   19   29   17   19   20   16   13   20   17   20   18   16   12   14   15   17   12   19   19   13   15   17   17   16   30   19   13   13   13   12   18   18   15   15   18   13   16   13   33   15   17   14   18   18   14   13   19   14   13   15   17   19   13   16   20   15   16   13   13   14   16   17   29   13   20   13   15   17   17   20   14   17   19   12   13   19   15   19   13   32   13   17   13   15   12   16   20   14   14   27   13   13   14   16   20   13   17   16   14   16   16   13   17   27   16   15   19   18   15   19   17   16   17   19   16   18   15   14   15   30   17
  10   12   12   17   11    8   11    9   12   12   10   10    8   11    9   12   11   11   10    9   10   10   12    9   10   11   11    9   11   19   11   18   18   11   19    9    9   11   11   12   11   11    9    9   12   10   11   12   11    9    9   10   11    8   12   10   12   12   11    9    9   12    9    8   10   12   12   12    8   10   12   11   10    9    9   17   10   10   11   12   12   10   18    9   12   17   20   12    8   12    9   11   10   12   11    9    8   11   12   11   10   11   11   10   10   12   10    9   19   12   10   10   10    9   11   10   12    8   10   10    9   10    9   12    9    9   17   10    9   12   10   11    9   12   10   12   11   19   10   11    9   10   12   18    8   11    9   11   12   10   12   11   12    8   12   10   11    9    9   12   10   10   18    8    9   12   10   10    9    8    8    9   12   11   11   10    9    8    8    9   11   19    8   12   11   18   10   12    9    8   19   10    8    9   10   10    9   12   10   10   10   18   12   11   10    9   18   12   10    9    9    8   18   12    9   11   12    9    8    9   10   11   11   12    9   19    8   12   17   11    9   10   11   12    9   10    9    8   12   10    8    8   12   12    8   12   10   11   10   11   11   11   19   18   10   11   12    9   11    8    9   10   12   10    9    9   11    9   10   11   11    8   10   12    9    9   11   11   18   11    8    9   11   12   12   20   11    9   12    9    9   12   11   10   10   11    9   19   10   12   10    9   12   18   18   10   18    9   10   10   10   10    9   12   17   12   12   12   10   12    9   12   11   10    9   10   10   19   10   10   12   10    9    8    8   12    9    8   11   17   10    8    8   17   11   10   12   11   10    9   11    8   18   10   10   11    9   12   20   10   11    9    9    8    9   12   11   11   12   12    9    9    8    8    9    9    8   10   10   11   12   12   12   10   12   12   11   10    8    8   10   10    8   10    8   20   11   12   12   11   12   11    9   11   11   11   12   11   11    8    8    9   11   12   19   11    9   12   10   11   10    9   11    9   10    9    8   12    8   10    9   12    9    8    9   12   11   12   12   12   12   18   12   12   12   20   19   20   12   19    8    9   11   12   10   17   19   12    8    8   11   10    8   17   12   12    9   10   11   10   11   12    9   12    8    8   12   18   11   10    9    9   17   20    9   11   10    9    9   12   11    8   10   10    8   11    9   12   10   10
  17   13   20   18   17   20   14   29   14   28   13   18   19   13   13   18   13   18   19   12   14   19   14   20   13   17   18   18   13   20   20   18   18   17   15   15   12   20   18   13   15   16   14   17   13   15   13   15   15   15   13   18   14   17   19   16   12   13   12   12   15   14   32   13   13   12   18   15   16   15   19   16   20   14   14   18   17   15   27   16   28   18   13   33   27   17   13   13   18   13   19   29   16   14   17   17   19   30   13   13   13   15   16   19   28   15   17   13   19   16   13   30   13   16   20   19   16   18   16   15   16   12   14   20   18   19   28   15   16   29   12   18   32   17   15   13   32   28   12   17   15   13   32   16   18   19   17   17   19   18   12   29   14   18   15   20   17   15   19   19   30   19   12   16   17   17   18   13   17   18   20   14   16   33   16   16   14   29   16   13   13   16   16   18   16   19   14   15   29   17   18   15   12   17   17   18   16   15   14   19   16   19   16   19   20   19   13   15   16   17   15   15   17   32   17   19   19   16   20   13   16   13   13   18   17   16   17   15   13   30   15   32   19   13   14   20   15   19   16   18   13   12   19   14   16   14   15   20   15   13   31   30   17   13   15   29   15   13   16   18   19   14   19   12   18   18   14   15   17   32   20   13   16   14   14   27   16   28   17   14   15   13   29   17   16   16   17   12   13   17   31   18   20   13   19   30   17   20   18   18   17   14   19   13   16   19   16   18   13   20   15   20   18   15   17   16   17   19   19   13   14   17   17   14   16   17   18   18   17   19   15   29   17   12   17   15   19   16   13   30   20   14   31   18   12   17   15   19   16   13   30   18   17   28   20   19   16   15   16   16   19   12   19   17   27   18   18   19   15   20   16   14   17   15   33   14   18   28   13   18   14   18   16   13   19   19   19   19   14   27   29   14   13   13   15   19   12   17   20   13   12   18   13   15   15   16   18   13   16   15   14   27   16   31   29   16   13   19   16   15   13   15   17   17   14   13   18   17   12   18   14   16   14   13   16   16   13   12   13   13   17   14   15   27   29   18   19   28   14   17   18   18   13   31   20   15   18   17   31   17   14   19   14   13   17   19   14   17   13   16   13   16   17   18   18   20   29   28   15   17   13   17   27   18   14   13   17   28   16   20   13   16   17   27   12   18   14   18   19   13
  13    7    7    6    5    7   11    7    8    7    6    7    7    6    7    6    5    6    6    5    6    5    7    6    7    6    6    6    5    5    7    7    7    7    8    8    7    7    6    6   11    7   13   12    6    6    5   13    5    7    6    8    8   11   12    6    7   11    8    6    6    5    5    7    8    7    6    6    5    6    7    8    7    7    8    5    7   12    8    5    5   12    6    6    8    7    5   11    6    6    8    8    6    7    6    6    7    6   12    6    8    7    8    5    6    6    7   12    6    7    5    5    7    7    5    6   11   12    8    6    6    8    7    6    7   11    5    7    6    7    6    5   11    6    5    6    7   12    7    6    6    7    8   13    7    6    8    7    8   12    6   12    6    6    8    7    7    8    6    6    7    6    7    7    7   12    6    7    6    7    7    6    6    7    7    5    6    6    6    6    7    7    6    7    6    5    5    7    5    6    7    7    7    7    6    5    7    5    7    6   13    7    7    8    7    7    7    8    5    6   13    6    7    8    7    6    5    6    5    8    8    8    8    7    5    6   11    7    7    6    8    8    6    6    6    6   11   12    8    7    6    8    8    8    6    6    7    6    6   12    7    6    6    7    6   12    8    6   13    7    7    6    7    6    8    6    7    7    7    8    7    6    7    7   12    5    6    7    6    7    6    5    5    6    6    6   11    8    7    5    6    7    7   12    8    6    7    5    7   11    8    7    6    7    6    8    8   13    5    6    8    7    7    6    6    5    6    8    6    7   12    5    5    8    7    6    5    6    7    8    7    6    5    7    8    7    5    8    6    6    7    7    6    7    6    6    6    8    7    6    7    6    8   12    5    5    8    6   11    8    5    7    7   13    5    7    8    7    8    7    8    6    6    7    6    6    6    6    5    6    8    8   13    7    7    7    8    6    6    7    6    7    8    6    6    8    8    5    6    6    7   11    7    5    5    7    6    7    7    7    8    5   11    7    8    8    7    5    6    8    6    7    6    6    6    8    7    5    7    8    8    7   11    6    8    7    6    8    6    6    6    7    7    5    8   13    5    5    7    6    7    8    7    6    6    8    6    5    7    6    7    6    6    5    6    6    5    8    7    5    6    8    8    7    8    7    5   11   12    6    8   13    5   11    6    6    6    7    5    8    5    6    8    5    5    5    7    6    8    7
   9   12    9    8   11   11    9    8   18   10    8   10   12   10   11   12   11   12   10    9    8   12    8    8   11   10    8    9   10    9    8   10   12   11   17    9    8   12   10   12   10    9   11   10   12   11    8    8   12   10   11   12   11    8   20   12   12    8   11    9    8    9   11    9    8    9   11   12   11    8    9    8    8   18    9   12   11   12   12    9   11   10   12   10   10   10    8   11    9   12    8    9   11    8   12    8   11   10   19   10   10   11   11   10   10    8   11   11   10   11   11   12   11   11    8   12   11   18   10   10   10   10   10    8   10   11   18    8    9    9   11    9    8   12   11    9    8   12   12    8   20    9   12   11   11    8   11    9   10    8    8   20    9    8   11   12    8    9   10   10   18    8   12    8    8   12    8    9   19   11   12    9   11   12   10   11    9   12    9   11   12   11    8   10   10   10   11    8   12    8   17    9   12   10   10   11   12    8   12   11   20    9   11    8   11   10    9   11   10   10   10    9   12   11   20   10    8   12   11    8    9    8    8   11   19   10   10   11   12   10   12   12   11   12   11   11    9    8   11   19    8   12    8    9   10   10   12    9    8    9   11   10    9   11   11   18   12   12   11   11    8    9   11    8   12   19   18   18    8    9   11   17    8   18   11    8   17    8   12    8   11   20    9   11    9    9   11   11   11   11    9   19    9   12   12    9    8   10   10    8    8    9   10   12   11   19   10   12   10   20    9    9   12   10    8   11   12   11   17   12    8    8   12    9   11    9    8    8   10    9   19   12   12   10   18   12   12   11    8    8   10    9   11   10    9   11   10   20   11    9   19    9   10   11    9    9   10   11   17    8    8    8    9    9   11   11    8   11   12   19   12   10   11   11   12   12   11    8   18   10    8   12   20    9   10   10    9   10   11   12   11   11   11   12   10   12   10   10   11   10   12   10    8    8   10    8    9   11    9    9    9   12   19    8    9    8   11    8   10   11    9    9   12    8   10   10   11   17   11   11   20    8    9   11    9    9   11    8   11    9   10   11    8   10   10   12   10    8    9    9   19    8   10   11   12   11   11   12   11   18   12   20    9   11   11    9    8   10    8   18   20   10   12    8    9   10   12   10    8   10    8   12   12   12   10   11   10   12    9   12   11   12   10    9    9   10   11   20   10    9
   4    4    5    4    4    4    4    4    4    4    4    5    4    4    4    4    5    7    7    5    3    5    5    4    5    4    5    4    5    5    7    4    4    4    4    3    3    4    4    7    4    7    4    7    4    5    5    4    3    4    3    5    3    4    4    3    4    5    4    5    4    5    4    3    4    5    3    4    5    5    4    3    4    3    7    3    3    4    5    4    4    5    4    5    4    7    4    8    5    4    7    3    4    4    3    3    7    3    4    5    4    5    3    5    4    3    5    4    4    4    4    4    7    3    4    4    7    4    5    5    3    4    4    4    5    4    5    4    5    4    5    4    4    7    4    5    4    5    4    4    5    3    5    4    4    4    4    4    5    3    8    5    4    5    4    4    5    4    4    5    5    8    5    5    3    3    5    5    5    3    4    4    3    5    5    5    4    4    5    5    5    5    3    5    3    4    3    4    3    4    3    3    4    4    4    4    3    5    5    5    4    5    4    4    4    5    5    5    3    3    4    4    5    4    4    5    4    3    7    4    5    7    4    4    5    5    5    7    4    3    5    5    4    5    8    4    4    3    4    4    7    4    5    4    8    3    4    4    4    5    5    4    3    3    4    4    3    5    8    7    5    5    4    7    5    4    4    5    4    4    4    4    4    7    5    3    4    4    4    4    7    4    3    5    4    4    4    4    4    4    4    4    4    4    4    4    3    5    8    5    4    4    4    4    8    4    4    5    3    4    4    7    4    7    8    4    3    4    5    4    4    5    4    3    4    4    5    4    7    3    3    5    4    4    3    5    4    4    3    3    4    3    3    4    7    5    4    3    7    4    3    7    5    3    4    4    7    4    4    3    4    7    8    5    5    4    4    5    5    4    8    3    7    3    4    4    5    4    5    4    3    3    4    4    5    4    5    4    4    4    4    5    4    4    5    4    4    4    5    4    3    4    4    3    5    4    5    3    4    4    3    4    4    7    7    4    3    5    4    4    3    4    4    4    4    5    4    4    3    4    4    4    4    4    4    4    3    5    4    5    4    8    4    4    3    4    7    4    4    3    4    4    4    4    4    4    4    8    3    4    4    7    4    5    4    7    4    5    8    4    4    4    4    4    4    4    5    3    4    7    8    4    7    4    3    5    3    4    4    5    4    8    3    3    4    3    4    4    3    4
  10   10   10    9   10    7    7   15   16    8   10   10    7   10    7    9   10   10   10   16    8    7    9    8   10    8   16    9   11    9   10    7    8    8   11    8    7    7    8    8    8   11    7   10   10    9    9   15    9   10    7   11    9   10    9    8   11    9    9   11    7   10   10    9    8    8    9    9    7    7   17   10    9   10    9    9    8    7    9   17   10   10   10    9    7   10    9    7    8   15    8   15    7    9   11   10   11    9   10    9   10   10   11    8   17    9   10    9   11   10   11   18   16    9    9    8    7   10   10   10   10    7   11    9   15    8   10    7    7    9    8    9   11   10    9   10    8    8    7   10    9   10    9    7    7   15   10    8    9    8   11   10   10    7   11    9    7    8    9    9    8    8   11   11    7   15    8    7    9    8    9    7   11   16   10    9   11    8    8    9   10   10   11   11   17   15    8   10    7   11   10    9    9    9   10    8    9    9    7    8    9    9   11    7   11    7   10   10    9   10    8   10   16   10   11    8   11   10    9   10   15   10    7    9   17   10   11   10    8   15    8   10    8   10    9    7   10   10   10    7    7    7   11    8   16    8    9    9    9   10   11    9    9   10    8    7    7    8   11    9    8    8    8   11    9    8   10    8    7    8    9    8    8    8   10    9    7   10    9    9    8    7   11    7   11   11    8    7    9    9   11    7   10    8   10    9   10    8   10    8   17    8    9   11    7    8   11    8   17   15    8    7   10   17   10   10    8   10    8    9    9   11    9    9   10    9   10   10   16    8   11   10    8    9   10    8    8    9    7    9    9    9   10   11    8   17   11   10    7    7    9   11    9    7    9    7    9    9   10    7   11    9   10    9    8    9    8    8    9    9    9    7   10    7    8   11   15    9    7    7   10   11   10    9   10    8    9    8   10    7    9    8    8    9   11   10   11    7   10    7    9   10    8   11   17    8   10   16   10    8    7    9   11    9   16    8   15   16   10    9    9    8    7    8    8    8    7   10   10   18   15   11   10   11    8   11    7    9    9    9    7    8    9    8    9   11    9    9   11    7    7    8    9   10    8   15   11    9   10   10    7   10    7    7   10    8    8    9    9    9    9    9    8   16    7   11    7   11    9    9    9   15    8    9    8   11   10   17    9    9   10   17   15    7    8    9   17    7    7   11
  12   10   12   10   12    9    9    9   11   18    8   17    8   17   11   12    8   11   19   10    9   10   11    9   18   12   10    8    8    8    8   10    8   11   19    9   11   10    8   11   12   12   10   11   17    8   11   12   17    9    9    8   10   11   11   10    9   10   12    8    9   17    9   11   10   10    9    8    9   12   10    9   11   12    8   12   11    8   10   10   12   11    8   11   11   10    9   12   11   11   11   11   10   11   12   12    8   11    8   12   11   12    8   11    9   11    9   11   12   12   11    9   11   11    9   10   18    9   11   12    9   11   12   11   12   11   12   10   12    8   12   10   12   11    8    8   10    9   12   11    8   10   12   10    8   12    8    9   11   18   10   10    8   17   20    9   11   11   10   12   10   10   12   12    8   10    8   12   18   17    9   12    9    8   12   11   17   10   12   11    9   19    8   18    9    9   17   11   11   10   11    9   12    9   10    8    9   19   11   11    9   12   18   17   17    8    9   11   12   12   10   11   12    8    9    8    9    8   18   10   17   12    8    9   11    9    8   11   11    8   10    9    8    9   10   12   11   10   10   18   11   11    8   10   11    9   18   12   11    9    9   12   10    9   10    8    9   10    8    8   12   10   20   18   12   11    9   10   10   11   19    8   10   12   12    8   11   12    9   20   20    8   11   12    8   12   11   11   12    8   12   12   10    8    9    8   18   11   18   20   12   12   18   11    9   12    8    9   11   12    9    9   12   19    9    8   10   12   20   17    8   11   11   12   12    9   11   11    9   11   11   10   11   18   12   12   12   10   12   12   19   10    9    9    8    8   11   10    9   10   11    8   11   12    8   10   10   12   10   12   18   20   12   19    8   18    8   10   12   12    8   11   11   12   18   11   10    8   11    8   19    9   11    8   11    8   11   11   11   12   11   12   12   18   12    9   12   12    9   11   11    8   10    8   10    8   10   12   12   11   11   10   12   18   18   18    9   19    9    9   12   20   12    8    9   10   12   12   11    8   17   12   10    9    9   10   17   19   11    9   11    8    8   12   11   18   19   12    8   10   12   12   11   11    9    9   10   10    8   12    9    8   11   12   10   10   10   11    9    8   12    9   12    8   12   17    9   11   12    9    9   19   10   12   11   12   12   12   12   10   11   10   10   12   10   11    9   11   11   12
   9    7    8    7    8    7   15    8    9    9    7    9   13    6    7   15    8    8    7    7   13    6    8    7    7   13    7    8    7    8   14    8    7    8    7    9    8    8    9    9    8    8    7   15   14    7    6    9    9    6    7    7    9    9    8   13    7   13    9    7    9    9   15    8    6   13    9    6   15    6    7    7    8    8    8    8    9    8   13    9    8    8    7    8    8    7    9    9    9    6    7   14    7    9    7    6   13   13    6    6    7   13    9    8    7    6    7    6    8    9    8    7    6    6    9    6    8    6   15    7    7    7    7   15    6    7    8    9   15   14    8    8    6   14    8    7    8    9    8    8   14    7    7    6    7    9    9    9    8    9    7    7    9    7    7    7    8    7    9    9    7    7    8    7    6    6    7    8    6    7    8    7    9    9    9    6    8    8   14    9    7    7    6    9    8    7   14    8    6    7    7    9    8    9    6    6    6   15   15    7    9    9    6    8    6    6   14    9    7    8   14    8    8    8    8    8   13    8   15    7   13    9    6    9    6    9    8   14    9    7    7    6    9    6    7    9    8   14    8    6    7    8    6    8   14    9    7    7    9   15    7    8    9    9    6    8    8    8    9    7    7    6    7    6    8    8    7    7    7    8    9    9    8    9    6   13    8    6    7    9    8    6   14    7    6   13    6    8    8    7    7    7    8    8   14    8    8    7    9    7    9    7    9   13    8    7    9    8    6    6    7    8    7    8    8    8    9   13   13    8    8    6    9    7    9   15    8    8    6    8    7   15    8    8    8    6    6    7    7    8    7    8    6    7    8   13    9    8    9    9    8    9   13    6    9    9    8    9    8    9    7   15    9    8   14    9    8    6   14   15    7   15    7    6    7    9    8    7    6    7    8   14    6    7    6    8    9   15    9    9    8    7   13    9    7    9    7    7    6   15    7    7    7    8    8    8    7    7    7    6    9    8    7    9    7    6   14    8    8    6    6   13    7    6    8    6   15    6    8    6    6    7    8    8   14    6    8    7    9    6   15    8    8    8    8    7    7    6    8    6    9    8    9    9    9    9    8    9    9    9    9    6    7    9   13    9    7    8    8    8    7    9    8    9    7    7    9    8    8    8    6    6    9    8    6    7    7    7    6    8    8    6    9    6    7    6    7    7   13    7
  20   16   19   17   16   21   21   20   18   14   19   14   14   17   19   15   17   13   19   14   16   13   20   17   18   15   20   14   21   21   18   20   18   20   15   19   18   35   14   14   13   17   30   19   19   17   20   18   16   19   18   18   19   30   17   18   15   19   17   21   31   14   17   18   15   17   19   29   15   16   19   15   19   20   21   19   31   34   17   17   15   21   15   17   15   13   17   18   16   19   19   16   20   16   15   19   15   20   19   20   16   14   17   19   15   19   20   19   17   13   15   14   13   14   17   30   14   14   16   14   15   18   15   16   16   16   19   18   14   17   20   15   14   19   34   18   20   15   16   32   13   21   18   21   21   17   29   15   20   19   31   13   20   33   33   14   20   31   21   20   17   15   19   16   14   14   17   19   20   16   14   35   20   31   16   18   14   21   21   15   19   16   18   17   33   16   20   17   14   13   15   18   35   19   29   18   17   14   17   14   13   19   15   19   19   18   19   16   13   20   15   15   14   16   18   16   17   17   18   19   32   19   18   17   18   16   15   20   19   19   18   19   16   15   19   16   19   16   14   20   17   18   16   13   29   30   17   14   19   17   21   30   15   14   20   20   20   20   21   15   17   18   30   35   19   21   15   20   20   19   15   21   17   16   35   17   21   15   18   16   15   13   17   20   16   30   35   14   16   17   17   34   16   14   17   18   19   15   19   18   18   17   33   15   20   29   20   13   14   20   19   15   14   14   13   18   21   14   14   17   16   21   18   16   13   16   14   16   20   18   18   20   20   17   14   18   18   21   21   21   13   14   21   19   18   18   18   18   14   17   19   21   13   17   15   21   30   13   17   19   19   17   29   15   29   18   16   14   17   21   13   16   17   21   18   15   17   20   19   21   14   18   16   14   31   21   18   19   33   17   16   21   18   16   14   20   15   21   18   13   19   15   29   16   19   18   15   16   20   13   17   13   15   21   13   18   16   19   30   14   20   20   17   16   21   21   16   18   13   21   19   21   16   18   14   14   16   14   16   15   13   17   21   20   18   21   14   18   21   15   21   18   16   21   18   17   19   19   18   19   14   16   15   20   21   15   19   17   20   15   18   17   14   29   19   18   31   16   16   20   14   21   20   17   17   17   18   19   18   13   16   17   14   14   16   15   21   14   19   20
  21   16   37   14   22   21   17   21   22   38   37   19   19   19   15   32   23   15   19   15   14   19   17   20   22   36   34   16   23   15   20   17   21   19   23   20   17   20   21   20   20   16   23   14   21   19   20   34   21   17   17   31   21   21   21   16   15   18   22   16   15   15   20   21   18   16   17   16   18   20   19   15   35   16   21   16   16   23   21   15   17   17   20   16   22   34   22   19   20   20   22   23   20   17   15   14   21   18   22   23   18   35   18   15   17   17   20   16   15   20   19   22   19   19   21   19   15   19   14   17   20   20   18   15   20   16   17   23   18   22   21   21   20   23   20   22   22   17   14   16   22   22   20   16   19   16   16   17   34   16   14   22   32   19   19   20   21   16   21   22   23   22   20   14   16   19   17   21   18   17   16   16   36   18   32   14   21   15   21   14   15   20   22   15   20   31   18   22   22   20   21   16   17   17   15   16   18   18   17   17   18   18   14   18   15   15   19   16   20   14   14   15   23   16   15   21   22   18   15   20   22   20   18   18   22   17   34   22   15   21   21   15   22   31   23   17   20   18   35   16   18   19   19   16   21   18   16   15   23   19   23   19   23   15   22   22   20   20   16   20   38   16   36   15   15   20   21   15   22   19   21   38   20   22   18   37   19   15   36   19   19   35   31   22   20   18   14   20   21   32   19   21   20   14   16   17   18   17   23   17   16   16   17   21   21   21   31   21   36   17   18   20   17   21   20   22   19   19   20   19   21   20   34   21   15   32   19   35   21   14   16   15   17   18   18   23   18   16   19   15   22   20   15   19   18   22   17   15   20   20   19   21   19   16   21   17   32   23   23   18   20   16   21   23   21   18   31   15   20   19   21   22   32   16   15   19   22   19   18   19   20   15   23   19   18   34   16   18   20   20   16   19   18   17   21   23   21   20   15   18   21   22   23   20   16   20   22   18   14   15   17   20   15   21   38   16   14   19   20   18   21   22   15   23   22   19   15   15   19   21   18   18   36   20   21   18   36   37   37   14   36   22   14   16   17   16   21   14   19   22   15   21   18   18   36   15   16   21   22   15   16   17   18   22   14   19   15   23   16   21   21   35   21   23   15   20   20   17   35   20   34   19   18   17   14   32   17   38   19   19   21   19   18   22   15   19   21   15   22   19
   7    9   16    9    9   10    9   10    7   10    8   10    8   17    8    7    9    7   17   10    9   10    9   11    9   10   16    9   10    9   16   10    7   10    7    8    8   10    8    8    9   11    7   15   10   17   10    9    7   11    9   10    8   10   10   10    7   15    7    8   15    9    9    9    8   10    8   11    8    9   10    7    9    7   11   10    7   11    8    9    8    8   10   11   10   17    9    7    7    7    7    8    7   10    9    7   10   10   10    9   10   10    9    9    7   10   10   11    9    8    9    7   15   10   17   15   17    7   10   10   16   10    7    7   11    7    8    7    7    9    8   15   11    9   10    9    8    8   16    8   15    7   10   10    7    7   11    9   16   10    7    8   10    7    7   11   10    9   10    9   11    9   10    9    9    8    7    9    9    9   10    9   11    9    7   10    9   17   11    8   10    7    9   10   10    8    8   15    9    9    8    9   10    8   10    7   10   11    8    9    9    8    9   10    7    7   10   10   11   10    9    9    9    9    8   15   11   10    9    8    8   11   11    7    8   10   11    7    8    7   11    8   18    8    9    8    7    8   11    9    9   15    9    8    8    9    7    9    8    9    8   10   10    9    8   11   10    8    7    7    9    9   11   10    9   10    9    8   10   11    7    8   10   11    8   10   10   10    8    7    9    8   17    9   15   10    8   16    9    7    7    7    9    9    9    9   17   11   18    9    9    9    9   10    7   10   10    7    9   10    9    8    8   17   10   10    9   10    9    8   10   11   10   11   15   10   10    7    7    7   18   15    7    9   10    9    7    9    9   10    8    8    9    7    9    8   10    8   16    9    8    8    8    7    9    9   16   18    8    9    8    9    8   10    7    7   17    8    8    9   10    8    9    9    9    9   18   16    9   10    8    8   10    9    9    8   10    8   10   11    8    8   10    8   10    7    7    8   11    9   11    8    7   11    7   15    8   15    8   10    9   10    8    9    9    7    7   11   10    9   10   17   17    8    9   10   11   17   15   11    9   10    7    7    8    9   15    7    7   15   16   18    9    7    9   11   10    8   10   15   10    9    7   10    7   16   11   11    7    9    7    9    9    8    8   15    7   10    8    9    9    9    7   11    9   15    9    9    8    7   10    9    9   11    7    9    7    7    9    8    7    8    9   17    7   10   11    9   10   11
   7    8    7    9    8    7    6    7    9    7    7   15    8   14   13    6    8    8    9    6    8    9    6    9    7    8    9   15    9    7    7    9    8    7    9    8   14    9    8    6    9    6   15    9    8    7    9    6    7    7    7    6    8    9    6    6    8    8   13    8    9    8    9    9    7    7    8    8    8    8   13    9    9    6    8    8    8    9    8    8    7    7   13    7    9    9    7    8    8    7    6    7    6   15    9    8    7    8    6    7    7    6    8    8    9    9    9    9    9    9    8    9    8    7   14    7   15    8    6    9    9    7    7    8    9    7    9    8    8    8   15    7    7    9    8    9    7    9    6    6    7    8    9    7    9    7    8    8    6    7    6    9    8    8    6    8    9    8   13    7    8    7    8    8    6    9    7    8    8    9    8    7    8    9    9    7    9    6    6    8    7    8    8    7   15    9    8    7    8    9   14    7    8    6    9    9    8   13    6   14    8    6    9    9   14    9    6    6    9   13    9    8    6    6    8    8    9    8    7    6    9    7    9    6    7    7    7    9    6    7    8    7    7    8    9    9    6    6    6    6   14    7    7    7    9    8    8    9    6    7    8   14    7    6    6    7    9    9    7    8   13    6    9    9   14   15    9    7    7   14    6    8    9    8    7    9   13    7    8    7    9    7    6   15    9    7   14    9    9    6    9    7    6   14    9    8    7    8    6    7    7    9    6    8    9   15    8    7    9    7    8    7    7    6    9    9    6    7    7    8    6    7    9   13    9    9   14    9    7    9    7    8    8    7   14    8    8    7    6    7    9    9    9    7   15    7    7    7    8    8    7    8    7    9    8    8    9    6    6    6    7    7   15    7    8    6    9    8    7    8   15   14    8    8    9    9    6    9    9    8    9    6    8    7    6    8    7    9    7    8    8    6    8   14    7    6    7    6    6    9    8    7    8    8    9    7    8    9    7   14    7   14    8    7    9    8    7    6    8    9    7   13    9    9    7    7    7    8    9   14    8    8    8    6    7    8    7    6    9    8    8    6    7    8    6    6    8    7    9    9    8    9    7    9   14   14    6    7    7    7    7    6    8    9    8    8    8    6    7   13    9    9    6    6    8   15    9    9    6    9    9    6    7    8   15    7   15    9    8    7    9    8    7    7    6    6    7    7    7   15
  15   14   24   12   25   15   10   15   12   22   14   15   13   10   11   25   11   13   12   15   12   14   21   25   15   10   15   15   13   15   21   15   10   11   14   11   14   10   15   14   25   22   25   12   13   11   11   11   10   10   13   23   21   14   10   10   12   12   15   15   12   15   11   14   10   22   22   11   15   11   11   13   11   13   13   13   10   21   14   12   10   25   13   13   15   15   15   22   11   23   12   14   11   14   14   11   10   14   10   12   10   11   11   10   11   12   15   14   22   14   14   13   21   15   15   12   13   22   13   10   12   23   13   10   15   11   13   14   24   11   25   11   15   10   11   12   13   10   10   13   12   15   23   15   11   12   12   14   13   11   12   24   10   10   11   13   12   23   10   15   14   12   15   13   13   10   25   13   13   13   13   15   13   11   14   12   10   12   15   15   10   14   10   14   11   11   10   13   11   13   11   12   24   10   14   11   12   12   14   12   15   11   11   14   10   12   12   14   10   12   12   12   10   12   11   14   12   12   13   13   13   13   24   11   11   10   10   11   21   13   13   14   15   15   14   14   14   11   11   24   22   15   13   11   24   12   14   12   10   15   12   14   15   10   13   12   11   14   13   14   11   13   15   14   15   13   13   12   11   13   11   13   10   12   11   15   10   15   10   21   12   13   11   15   14   11   13   12   13   11   12   14   12   13   13   12   12   11   10   12   14   15   12   14   10   10   11   11   23   12   15   14   12   10   15   24   15   25   21   11   13   13   14   14   11   11   11   15   15   11   10   13   15   15   10   10   13   11   15   15   11   13   15   10   12   22   14   15   12   15   10   13   10   12   13   11   15   10   14   25   12   15   10   11   15   15   14   12   10   11   24   15   10   14   22   10   15   10   21   14   14   13   14   14   14   10   13   15   13   11   15   22   10   24   11   10   10   22   12   11   15   15   25   13   11   11   21   10   23   14   25   12   11   14   10   12   10   10   14   14   15   14   11   14   12   12   15   15   15   15   13   12   11   11   10   11   10   10   11   12   15   25   14   13   11   13   14   21   10   14   21   11   11   11   10   14   11   14   11   14   10   11   14   14   21   25   14   22   11   12   15   13   14   14   14   14   10   15   21   24   14   22   10   14   21   12   13   13   13   11   14   12   14   12   12   23   11   14   21   13
   7    6    5    6    8    6    7    7    7    8    6    8    6    5   12    5    5    8    6    7    7    5    7    8    6    8    7   12    5    7    8    6    7   12    7    5    6    6    6    6    5    6    5    7    7    6    6    6   12    5    6    7    6    6   12    7    6    8    8    8    6    5   12    8    6    5    6    7    6    5    7    8    8    6    7    7    7    6    6    5    7    8    5    8    8    6   11    8    5    6    5    6    7    8    7    7    7   13    5   12    7    7    6    6    6    7    7    6    6   11   11    7    7    6    7    6    6    6    5    6    7    8    8    7    7    8    5    6    8    5    7    6    6    5    7    5    5    6    7    7    7    6    8    6    6    8    7    7    8   13    8    7   12    6   13    6    6    6    6    8    7    8    7    6    7    6    6    7    6    6    6    5    7    7    6    7    7    6   11   11   11    6    5    7    7    7    8    6    6    6    7    7    5    6    5    8    7    5    8    7    6    6    8    8    6    8    6    7    6    5    7    6    5    7    7    5    7    7    6    7    7    6    6    6    7    7    6    7    5    5    6    7   12    7    6    6    6    7   11    7    6    6    6    7    5    8    6    6   13    7    6    7    7   13    6    7    6    6    8    5    8   12    6    7    6    5    8    7    7    5    7    6    7   11    7    5    6    6   12    7    7    7    6    5    7    5    7    6    6    7   11    8    8    8    7    5    6    8    7    8    7    7    6    7    6    7   12    8    7    7    7    6    6    6    6    6    7    5   11    5    6    6    8   12    6    7    6    5    6    5    7    6    7    7    8    6    5   11    7    6    6    7    6    6    7    6    7    5   11    6    6    7    5    6    6    7    6    6    5    7    7    6    6   11    6    5    8    8    8    6    6    7    8   11    7    8    7    5    7    6    7    7    7    6    7    8    8    7   12    5    5    7    7    6    5    8    6    7    6    5    6    6    5    6    8   11    8   11    6    7   13   12    7    8    6    8    7    7    6    6    7    5    7    5    7    8    7    5    6    6    7    8    8    7    5    7    6    6    5    6    6   12    5   11    8    7    6    6    7    6    7    6    6    6    6    6   12    6    7    6    7    8    5    6    6    5    6    7    5   12    6    7    5    7    8   13    6    7    7    5    7    6    6    8    6    7    7    6    6    5    8    5    7    8    6    8    6    6    6   12
  15   14   13   11   15   14   14   15   15   14   15   13   13   11   12   13   12   11   11   12   12   11   13   12   10   13   13   12   13   12   11   15   15   13   25   13   10   24   14   13   10   12   12   10   14   14   12   10   14   11   11   11   10   10   12   15   23   12   22   12   10   12   10   15   15   11   12   10   11   13   12   10   11   14   11   10   24   10   10   13   15   12   24   10   12   13   15   12   15   14   14   15   12   11   13   23   12   13   11   10   12   13   11   13   23   12   11   13   15   11   11   13   13   12   14   15   10   23   15   11   13   12   11   14   13   12   10   11   12   23   14   11   12   11   12   13   15   14   11   12   25   13   11   10   12   12   10   10   15   12   15   23   13   11   11   11   15   13   14   23   14   13   15   13   12   13   13   15   11   14   22   10   12   21   10   12   13   15   14   12   10   11   12   14   14   15   12   11   11   11   13   15   15   13   12   14   15   14   14   12   12   23   14   11   15   12   24   10   13   13   13   12   11   10   11   14   14   15   15   14   15   11   14   10   21   10   12   13   15   12   15   21   13   23   11   11   10   11   15   12   15   23   13   14   24   10   14   15   10   13   13   10   11   10   13   14   13   12   12   15   11   10   13   13   11   14   13   23   12   13   14   13   15   11   24   13   13   11   10   13   11   12   14   12   22   22   15   12   10   11   14   10   14   15   13   13   14   15   11   15   10   12   10   15   11   10   25   10   22   10   14   11   12   25   22   14   14   11   14   15   15   15   14   25   15   14   15   12   11   12   15   13   10   11   10   12   14   11   25   14   15   12   14   11   14   12   14   13   12   14   10   12   12   12   13   11   13   13   13   15   11   12   14   14   23   10   13   11   11   11   10   24   10   23   11   14   13   10   23   12   11   14   15   10   14   15   12   22   15   12   13   11   11   14   13   13   15   15   15   13   15   12   12   15   11   12   10   11   12   10   15   12   10   12   13   12   14   11   13   14   24   24   15   13   10   12   11   12   21   11   12   14   14   11   13   12   12   11   13   13   11   23   11   15   13   12   14   11   11   15   10   11   14   15   14   13   21   10   11   14   13   11   14   14   23   11   21   14   12   12   11   12   13   10   14   12   15   13   15   10   15   14   15   12   10   10   14   14   11   11   12   21   10   10   14   12   11   14   12   12
   6    7    6    7    8    7    8    8    5    6    8    6    6   13    5    5    6    6    5    7    8    6    7    7   12    5    6    8    6    7   11    6    5   12    6    5   12    7    8    5    7    6    8    6    5    6    8    8    6    6    7    8    6    7   13    5   11    7    6    7    6    5    7   12    8    8    5    6    8    7   11    5    5    7    5    7    7    6   13    7    6    7   13    7    6    7    7    8    6   13    8   11    7    6    8    7    8    7    7    8    7    6    6    6    7    7    7    8   11    7    6    7    6    6   12    7    7    6    6    7    7    7   11    6    7    8    5   11    6    7    6    6    8    7    8    8    5    7    6    7    6    7    6   12    6    8    8    6    8    5    8    7    5    7    6    6    6    8    7    6    6    5    5    8    6    6    8    6    5   12    7    6    7    7    5    6    7    7   11    5    7    6   13    6    7    5    7    8    6    7    7    5    7    7    5    7    5   12    6    7    6    5    8    7    5    6    6    7    7    7    7    7    7    5    6    7    6   11   13    6    5    6    7    5    7    7    6    7    6    5    5   11    8    5    5    6    5    7    5    5    7    7    8    6    8    7    5   12    6    8    6    8    8    6    8    7    6    6    7    7    8    7    8    7    8    7    7    7    7    7   11    6   11   13    7    8    6    5    6    7    7   11    7    5    5    6    7    6    7    8    7    7    7    5    8    7    6    5    6    6    7    6    6    7    6    5    8    7    5    7    8   13    7    5   12    8    8    7    8    6    8    7    8    7    6    6    6    7    7    6    6    7    5    7    6    6    7    7    6    7    8    5    8    7    6   12    5    8    7    6    6    8    7    7    7    6    6    7    7    5    5    8    6   12    7    8    6    7    7    5    8    5    7    6    5    7    7    8   11    7   12    6    8    6   11    7    7    8    6    6    6    5    7   11    6    5    7    7    8    6    8    7    8    7    7    7    7    7    6    6    5    6    6    7    7   12    6    6    7    7   11    8    7    5   12    5   11    6    6    6    7    7    5    8    5    6    6    6    7    5    7    8    8    8    7    7    7    6    5    7    6    5   12    8    5    6    7    6    6    6    7    6    5   13    6    5    8    6    6    6    6    7    8    5    8    5    7    6    5   11    6    6    8    6    7    5    8    5    7    5    6    7    6    7    7    7    8    8    7    5
  17   16   20   18   16   13   30   15   31   19   19   20   14   30   14   15   17   27   18   17   16   20   15   20   15   14   17   14   14   14   19   16   27   17   30   33   28   20   15   20   18   13   19   15   13   13   19   16   28   16   18   31   13   12   19   19   18   32   18   14   17   15   13   14   13   30   17   18   13   18   15   13   13   14   14   19   18   18   16   17   14   16   19   17   17   14   17   15   14   14   29   18   18   20   18   18   19   18   19   12   17   29   17   19   16   20   15   18   13   18   16   13   15   18   18   13   13   18   12   27   18   19   15   17   14   27   14   20   14   32   18   19   14   17   29   20   13   18   33   16   16   19   31   19   20   17   13   17   16   14   15   16   19   16   13   16   13   18   29   27   16   13   19   19   18   15   16   14   16   17   16   13   17   20   15   18   19   13   19   17   13   19   16   14   16   13   32   16   30   13   31   13   19   14   28   17   18   18   19   12   16   15   32   17   33   18   15   16   18   32   20   18   15   15   16   15   12   20   13   19   13   13   19   15   19   14   19   13   14   17   19   15   14   28   19   17   15   16   15   14   19   13   17   18   12   20   15   20   14   19   17   19   14   27   16   18   13   20   13   15   15   33   18   19   20   13   14   31   16   16   18   14   17   29   13   14   13   15   19   17   12   28   19   32   19   29   18   14   15   16   18   17   18   18   17   19   13   29   15   15   18   18   16   18   18   15   14   20   18   19   20   28   19   18   14   17   19   19   19   17   18   18   31   13   29   15   19   16   19   16   13   13   13   16   19   15   18   16   12   18   16   29   18   20   14   16   17   28   15   17   18   18   16   33   19   15   15   17   16   13   15   15   20   12   16   15   16   13   14   12   13   12   13   13   18   17   13   12   16   13   17   18   18   15   13   20   17   17   17   13   16   16   19   18   14   14   13   31   18   19   18   18   16   19   17   12   16   18   18   16   31   15   17   18   18   18   17   20   15   19   14   13   13   15   17   13   15   16   16   13   15   33   18   16   19   16   19   16   13   20   18   17   19   14   28   13   15   32   20   16   13   16   16   15   17   18   16   18   14   13   14   17   17   14   12   12   12   27   18   14   14   16   12   14   13   13   15   18   28   14   14   18   13   30   17   31   32   31   16   17   18   12   31   14   16   18   14   13   16   18
