spsp
18
2
500
38 65 49 27 22 29 52 35 25 35 46 56 7 1 15 13 51 63 
104 122 101 95 83 96 114 97 97 94 92 102 70 67 84 68 116 122 
10 10 
0.002 0.002 0.002 0.002 0.002 0.002 0.002 0.002 0.002 0.002 0.002 0.002 0.002 0.002 0.002 0.002 0.002 0.002 0.002 0.002 0.002 0.002 0.002 0.002 0.002 0.002 0.002 0.002 0.002 0.002 0.002 0.002 0.002 0.002 0.002 0.002 0.002 0.002 0.002 0.002 0.002 0.002 0.002 0.002 0.002 0.002 0.002 0.002 0.002 0.002 0.002 0.002 0.002 0.002 0.002 0.002 0.002 0.002 0.002 0.002 0.002 0.002 0.002 0.002 0.002 0.002 0.002 0.002 0.002 0.002 0.002 0.002 0.002 0.002 0.002 0.002 0.002 0.002 0.002 0.002 0.002 0.002 0.002 0.002 0.002 0.002 0.002 0.002 0.002 0.002 0.002 0.002 0.002 0.002 0.002 0.002 0.002 0.002 0.002 0.002 0.002 0.002 0.002 0.002 0.002 0.002 0.002 0.002 0.002 0.002 0.002 0.002 0.002 0.002 0.002 0.002 0.002 0.002 0.002 0.002 0.002 0.002 0.002 0.002 0.002 0.002 0.002 0.002 0.002 0.002 0.002 0.002 0.002 0.002 0.002 0.002 0.002 0.002 0.002 0.002 0.002 0.002 0.002 0.002 0.002 0.002 0.002 0.002 0.002 0.002 0.002 0.002 0.002 0.002 0.002 0.002 0.002 0.002 0.002 0.002 0.002 0.002 0.002 0.002 0.002 0.002 0.002 0.002 0.002 0.002 0.002 0.002 0.002 0.002 0.002 0.002 0.002 0.002 0.002 0.002 0.002 0.002 0.002 0.002 0.002 0.002 0.002 0.002 0.002 0.002 0.002 0.002 0.002 0.002 0.002 0.002 0.002 0.002 0.002 0.002 0.002 0.002 0.002 0.002 0.002 0.002 0.002 0.002 0.002 0.002 0.002 0.002 0.002 0.002 0.002 0.002 0.002 0.002 0.002 0.002 0.002 0.002 0.002 0.002 0.002 0.002 0.002 0.002 0.002 0.002 0.002 0.002 0.002 0.002 0.002 0.002 0.002 0.002 0.002 0.002 0.002 0.002 0.002 0.002 0.002 0.002 0.002 0.002 0.002 0.002 0.002 0.002 0.002 0.002 0.002 0.002 0.002 0.002 0.002 0.002 0.002 0.002 0.002 0.002 0.002 0.002 0.002 0.002 0.002 0.002 0.002 0.002 0.002 0.002 0.002 0.002 0.002 0.002 0.002 0.002 0.002 0.002 0.002 0.002 0.002 0.002 0.002 0.002 0.002 0.002 0.002 0.002 0.002 0.002 0.002 0.002 0.002 0.002 0.002 0.002 0.002 0.002 0.002 0.002 0.002 0.002 0.002 0.002 0.002 0.002 0.002 0.002 0.002 0.002 0.002 0.002 0.002 0.002 0.002 0.002 0.002 0.002 0.002 0.002 0.002 0.002 0.002 0.002 0.002 0.002 0.002 0.002 0.002 0.002 0.002 0.002 0.002 0.002 0.002 0.002 0.002 0.002 0.002 0.002 0.002 0.002 0.002 0.002 0.002 0.002 0.002 0.002 0.002 0.002 0.002 0.002 0.002 0.002 0.002 0.002 0.002 0.002 0.002 0.002 0.002 0.002 0.002 0.002 0.002 0.002 0.002 0.002 0.002 0.002 0.002 0.002 0.002 0.002 0.002 0.002 0.002 0.002 0.002 0.002 0.002 0.002 0.002 0.002 0.002 0.002 0.002 0.002 0.002 0.002 0.002 0.002 0.002 0.002 0.002 0.002 0.002 0.002 0.002 0.002 0.002 0.002 0.002 0.002 0.002 0.002 0.002 0.002 0.002 0.002 0.002 0.002 0.002 0.002 0.002 0.002 0.002 0.002 0.002 0.002 0.002 0.002 0.002 0.002 0.002 0.002 0.002 0.002 0.002 0.002 0.002 0.002 0.002 0.002 0.002 0.002 0.002 0.002 0.002 0.002 0.002 0.002 0.002 0.002 0.002 0.002 0.002 0.002 0.002 0.002 0.002 0.002 0.002 0.002 0.002 0.002 0.002 0.002 0.002 0.002 0.002 0.002 0.002 0.002 0.002 0.002 0.002 0.002 0.002 0.002 0.002 0.002 0.002 0.002 0.002 0.002 0.002 0.002 0.002 0.002 0.002 0.002 0.002 0.002 0.002 0.002 0.002 0.002 0.002 0.002 0.002 0.002 0.002 0.002 0.002 0.002 
  23   19   30   30   29   18   32   22   17   19   31   20   18   19   32   25   31   25
  50   49   40   44   30   35   53   31   32   53   39   38   43   37   48   49   30   42
   4    4    7    6    7    6    8    8   10    6    6    3    3    6    6    8    7    2
   5    7    8    4    3    9    5    7    5    9    8   10    9    5    2    3    6    9
  23   10    8   19   21   22   18    4    9   11    5    7   19    4   15   20   20   22
   4    5   12    9   12    8    4   15    4   12    4   12    4   13    9   15    7    7
  27   21   30   28   25   23   21   31   33   33   26   28   23   30   31   23   32   80   35   30   27   90   24   24   32   26   29   75   34   29   31   89   29   27   22   25   22   28   82   31   33   23   25   33   31   30   29   76   33   29   27   33   35   24   23   22   33   28   31   29   31   90   34   28   27   22   29   27   87   27   34   28   32   26   31   30   83   24   28   28   24   34   22   25   22   90   35   87   34   23   83   30   32   29   30   32   30   32   33   24   26   24   32   26   28   22   91   21   23   34   81   22   33   34   22   23   24   21   27   25   32   28   72   24   24   24   72   27   35   31   78   22   28   25   28   32   26   29   23   28   33   31   27   32   32   29   31   26   28   22   24   29   24   26   28   33   23   27   31   70   90   32   28   25   26   23   33   25   29   22   34   25   26   25   26   35   26   23   35   33   26   22   32   29   34   27   30   28   32   23   28   71   32   30   34   80   35   23   24   26   77   85   26   27   27   26   31   29   30   22   28   22   30   90   87   27   89   24   26   87   22   34   24   26   28   24   32   22   23   35   31   26   30   29   21   32   32   29   24   34   77   33   32   31   34   24   82   34   31   27   26   33   24   89   32   33   29   29   32   29   92   22   25   32   33   31   29   30   31   31   24   27   24   25   32   31   25   33   29   90   29   27   31   21   33   29   82   29   30   33   31   22   29   90   25   26   23   29   22   78   24   26   24   30   34   29   32   25   31   32   32   26   23   26   27   29   24   33   22   27   28   33   29   28   32   34   24   31   87   71   32   28   25   33   30   26   26   30   91   32   28   25   33   28   30   78   32   32   26   28   33   26   25   34   28   30   28   21   33   26   28   21   31   24   32   27   25   23   23   28   31   33   32   34   23   28   25   90   27   29   29   25   70   77   25   28   31   28   30   28   31   33   31   35   22   32   25   28   34   27   74   24   29   76   31   27   24   33   24   35   27   29   24   23   25   27   31   33   27   91   32   28   33   26   34   33   23   34   23   30   33   27   25   35   25   24   33   31   28   25   26   26   22   30   33   34   26   23   33   31   34   88   72   83   32   24   22   28   22   30   25   30   24   24   32   27   34   23   32   27   25   31   30   27   33   30   34   28   23   76   22   34   28   33   33   34   31   33   30   23   27   24   22   21   26   24   23   33   22   22
  12   15   10   15   24   14   14   23   11   13   12   15   14   13   25   12   21   15   15   10   14   11   13   12   23   10   12   13   10   11   13   14   11   24   15   11   13   11   12   11   14   10   10   15   21   11   15   10   10   13   14   11   10   11   21   12   11   25   11   11   15   13   14   11   10   10   14   11   11   12   13   11   10   12   14   14   15   12   12   23   14   13   13   23   10   12   10   10   14   12   14   14   12   15   15   11   21   10   10   10   12   10   15   10   10   14   13   15   12   15   12   13   10   14   13   12   12   14   15   10   10   11   24   11   13   10   14   12   12   14   24   11   13   10   13   13   14   10   11   13   10   13   14   14   11   13   14   10   11   13   11   12   12   15   15   11   11   15   15   15   14   25   14   22   15   10   10   11   10   11   13   13   14   10   10   15   13   15   10   12   10   12   10   15   15   10   14   12   14   15   24   11   15   10   15   14   14   12   13   10   25   10   12   10   13   14   25   14   21   10   12   13   10   25   11   22   13   12   10   14   10   13   10   14   24   11   23   11   22   13   12   23   11   12   11   12   11   11   11   15   14   25   13   11   15   24   13   25   15   10   15   12   22   13   15   14   12   15   10   15   15   15   13   13   11   15   13   11   15   14   11   13   12   12   10   15   10   14   10   14   13   12   21   10   11   12   10   12   14   13   12   10   12   15   11   11   12   12   13   15   12   15   13   11   21   15   24   13   14   12   10   14   12   12   15   11   12   11   15   15   11   14   23   10   15   11   14   12   15   14   15   13   10   23   11   13   12   12   15   14   13   12   14   25   14   10   15   13   12   11   11   12   13   10   15   14   15   12   12   23   10   11   10   15   15   11   11   14   14   15   14   12   11   12   13   11   11   15   12   11   14   14   13   10   12   14   14   10   24   23   10   11   23   12   11   12   11   10   11   13   13   14   22   11   15   13   12   11   12   13   13   12   14   10   13   11   12   11   12   11   12   13   10   13   11   14   24   14   11   10   14   11   11   23   12   14   15   25   15   10   10   14   10   15   10   10   10   14   15   14   13   15   11   15   13   14   11   14   11   10   10   15   15   13   12   13   13   14   10   10   15   13   15   15   14   15   15   15   11   21   11   15   15   11   14   10   15   12   13   13   14   10   13   11   14   14   10   14   14   14
  10    9   10   10   11   10   18    9   11   19   10    8    8    9   20   12    9   12   12   10   18    8   12   10   11   12   12    8   10   18   12   10    8   10   17    9    8   11   10   12   11    9   11   10   12   19   11    9   12   11   10   10   12   12   11    8   12    9    8    9    9    9   10   10    9    9   12   10   17    8   12   12    8    8   12    9   19   12   10   11    9    8   11   10   12    9   10   11   20   10   11   11   10   11   10   12    9   11   10   17   19   17   10   11   10    8   11    9   11   12    9    8   11   12   11   19    9   11   12   20   10   18   11   10   10   10   10   10   10    9   11   18   10   10    9    9   20   11   10   10   12   12   11   17   12   11    9   10   12    9   11   10   17   18    9    8   19   12   10    8    9   12   11    9   10    9    9   12   10    8   11    9   10   11    9   10   11   11   10   11    9    8    8    8   10    8    8   11    9   18   10    9   17   10    9   12   12   11    9   11    8   11    9   19    8    9   12   11   12   12   10   10    8    8    9   11   11    8   11   12    8    8   12   10    8   11    8    8   10    8   11    9    8    8   12    9    8   11    9    9   11   10   11   10   11    8    9   12   11   11   19    9    9    8   10   12    9    9   11   18   19    9   12   12   11   10    9   17    9   12   11    9    8   11   19    9   12    9   12   10    9   10   10    9   10    8    8    9   10   12   19   10   11   12    9   11    8    9   11   10   11   11   10   10   11   12   12   11    9   19    9   11   11   11    9   12   10    8    9   10    9    8    9   12   11   11   10   20   11   12   19   12   11    9   17   10    8   18    8   10    8   18   12   12   12   12   11   12   11   17   10    9   10    9    8   12    8    9    8   12   10    8   10   11   10    8   12    8   10   12   20    9   12   11   11    9   11    9   20   12   10    8   11    8    9    9   11   12   12   11    9   11    9   12   12   10   10   10   12   10    9   11   12    8   11    8   12    8    9   11   17   10    8   11   12   12   20   11    9   18   19   12   12    9    9   18    9   11   10    8   12   12   12    8    9   10   12   18   10   12   20    8    8    8   12   11    9   10   10   20   12   12    8    8   10   10   11   10   10   11   12   10   10    9   11    9   12   12   12   10   12   10   20    9    9   12    9    9   12   20   17   10   12   19   10   11   11   10   10    8    9    8   11    8   11    9   12   11   19   10
  28   23   21   20   25   25   23   22   22   20   28   25   66   25   26   25   22   18   23   21   19   29   28   26   28   20   18   21   27   24   23   18   24   19   26   23   19   20   21   27   27   24   25   18   23   21   27   24   23   22   25   67   28   28   29   20   29   23   25   26   26   21   27   26   18   20   25   20   20   20   22   23   23   27   22   22   26   63   26   71   29   21   19   74   24   18   24   23   23   28   27   60   22   23   21   68   26   19   28   25   26   29   27   18   21   19   21   23   24   24   27   23   23   21   19   19   24   21   27   22   23   24   23   19   28   28   26   28   22   28   26   25   23   24   64   28   26   28   25   18   25   24   69   23   26   19   19   28   18   26   23   64   21   20   23   26   18   76   66   18   76   74   25   29   21   25   27   22   22   24   28   72   65   29   19   23   25   27   23   21   20   19   72   29   21   21   26   18   20   27   24   18   20   25   27   26   76   27   25   19   25   71   21   28   29   20   18   28   28   19   18   23   28   29   23   75   25   22   21   20   22   28   23   21   29   18   25   18   24   72   22   21   29   23   23   18   22   24   19   27   19   22   25   20   18   26   27   25   27   29   18   20   20   18   29   23   20   21   25   18   27   24   25   28   26   25   75   24   25   19   29   25   23   18   24   25   18   27   22   24   27   23   19   23   18   20   69   25   19   27   27   19   23   21   19   29   20   18   19   23   19   20   19   29   67   26   18   23   73   18   29   25   27   23   22   19   20   29   23   21   20   18   19   26   62   72   23   19   26   22   28   18   26   24   22   21   28   70   23   28   65   28   29   21   25   27   20   24   24   28   26   21   18   20   27   22   22   23   27   21   66   20   19   21   24   22   25   27   28   25   20   25   27   26   18   18   60   21   27   21   21   24   22   23   24   76   26   22   26   25   27   21   28   18   28   22   22   22   25   28   23   25   26   18   26   24   21   23   26   18   29   21   20   28   28   21   21   28   19   22   23   19   20   23   23   22   70   20   21   24   26   26   26   24   22   24   25   24   62   60   20   27   19   24   21   28   28   18   26   25   23   28   20   24   24   25   27   23   76   28   25   18   27   21   21   21   27   28   20   27   18   29   26   26   26   26   25   18   25   18   29   26   61   26   19   26   27   19   24   28   23   27   26   60   19   29   25   20   20   24
  31   21   20   21   29   26   22   32   25   65   30   76   29   24   30   29   26   21   28   22   78   31   25   23   30   28   30   25   31   20   28   70   72   24   21   21   30   75   26   25   28   22   24   20   25   68   25   83   24   23   20   21   21   30   21   77   24   24   20   20   22   27   21   27   20   25   21   29   20   22   21   28   25   20   28   21   21   31   31   28   22   21   30   21   20   28   31   31   20   23   25   21   21   24   26   28   31   78   25   69   28   28   29   31   26   25   83   29   27   21   20   28   30   28   21   31   67   27   30   30   32   22   70   27   24   22   30   31   31   23   23   72   20   23   65   28   27   81   29   31   27   20   28   29   31   22   28   27   22   24   28   68   28   29   20   30   22   24   83   25   31   20   77   29   21   81   67   25   31   20   31   31   31   21   22   29   23   23   28   32   80   31   30   22   25   30   28   25   26   30   24   27   22   30   24   21   24   21   32   23   27   21   24   72   30   22   77   30   27   25   23   29   26   20   28   21   29   27   21   31   30   73   19   21   32   29   32   21   27   72   32   28   29   20   32   20   83   25   24   25   24   28   80   81   84   20   24   26   32   74   75   30   29   20   27   22   28   27   27   20   31   29   25   25   32   26   65   29   78   19   67   22   23   23   31   29   29   20   27   29   32   26   30   20   31   27   21   23   28   27   28   28   23   31   21   28   29   24   21   30   28   28   28   30   23   75   23   27   32   22   31   31   21   29   25   82   28   22   30   21   74   23   30   28   24   22   31   77   23   24   31   22   26   24   24   29   81   24   22   29   27   22   25   27   25   21   23   24   24   27   82   29   30   30   31   23   26   30   69   23   24   24   70   28   28   24   28   29   30   23   28   81   29   21   27   22   22   76   22   30   22   20   30   29   22   28   28   26   22   29   27   24   84   71   26   27   21   31   68   65   20   21   83   77   27   21   29   22   24   21   29   31   21   20   23   25   24   20   76   27   22   31   27   83   31   22   23   28   29   83   30   27   21   29   25   24   30   29   66   20   30   24   30   30   30   24   24   21   24   79   23   31   30   79   23   28   30   83   25   30   22   26   28   30   32   25   26   21   22   25   21   29   31   27   20   20   20   22   24   28   20   27   26   23   29   21   26   21   23   26   30   24   77   28   29   31   20   26   32   26
  24   25   22   22   26   33   30   31   22   27   29   30   24   31   27   33   24   28   29   31   26   26   31   25   22   29   33   32   26   32   33   23   24   22   82   22   32   30   21   24   33   27   32   24   27   31   31   25   26   22   30   27   82   31   24   21   26   32   22   83   23   33   21   25   28   28   23   86   28   32   27   23   25   22   77   27   22   32   22   23   21   30   21   27   22   30   26   29   33   22   33   27   24   31   32   29   29   27   20   28   79   33   29   32   25   75   23   28   31   21   20   82   23   28   22   22   26   25   33   33   30   23   29   32   27   23   21   31   31   32   33   26   33   29   29   21   28   33   31   31   23   32   28   25   29   28   24   21   23   29   71   20   33   83   26   29   26   77   73   26   21   28   32   88   33   77   83   24   33   26   23   25   20   26   30   20   31   25   24   68   23   23   29   73   83   82   20   25   21   24   21   32   31   82   68   22   30   21   27   33   31   74   31   22   80   33   26   25   27   27   26   30   24   25   30   26   22   78   25   28   33   29   29   21   24   29   21   25   30   31   83   21   23   22   26   33   81   20   25   22   24   30   24   26   86   32   83   27   21   24   25   22   30   31   25   20   27   28   26   21   32   31   21   20   27   21   33   33   23   31   25   31   25   33   73   33   28   22   30   23   31   29   27   33   30   32   25   28   23   24   33   31   31   27   22   32   31   29   29   33   31   26   21   25   31   31   22   31   31   33   25   32   22   33   26   32   28   23   26   26   33   23   28   23   27   24   24   27   69   27   33   22   29   31   28   28   87   32   26   28   24   29   78   24   24   26   88   30   32   28   21   27   26   21   26   26   81   30   24   33   22   25   21   24   22   74   22   22   25   24   31   33   26   33   20   25   26   24   28   29   30   31   33   28   29   21   30   28   29   21   83   30   22   27   21   32   30   33   24   25   24   22   32   29   32   28   32   24   26   26   23   26   26   26   33   24   30   23   27   21   86   26   24   21   30   33   33   29   21   30   25   24   24   22   32   30   30   23   31   21   28   29   21   27   26   71   78   22   25   22   28   30   25   79   25   32   22   33   25   30   31   26   27   22   32   26   75   33   27   22   23   22   33   32   29   28   20   28   21   23   23   21   33   27   26   28   77   33   87   27   30   23   33   25   28   24   25   21   32   22
  60   18   25   17   21   17   27   64   62   64   18   22   20   24   19   21   23   26   70   27   25   21   23   20   24   22   21   17   26   20   62   57   20   24   19   22   27   20   23   23   20   26   23   22   72   21   22   27   25   19   23   63   26   20   23   66   25   26   27   22   19   26   25   27   22   18   60   25   21   18   18   19   25   24   20   22   25   18   20   23   71   18   27   25   22   59   25   26   19   21   26   19   22   68   23   18   24   26   18   22   18   21   25   25   23   20   24   20   26   24   27   26   26   20   22   22   24   26   24   17   18   26   63   62   22   17   24   17   21   20   21   22   24   25   24   18   24   19   20   19   23   26   23   27   17   64   26   21   20   21   19   22   27   23   17   18   22   25   26   24   24   18   17   17   17   19   24   70   27   26   21   24   27   27   17   26   63   23   23   27   26   24   26   23   27   18   22   24   20   26   27   63   25   19   22   17   25   18   22   21   18   21   22   24   70   62   18   20   26   18   19   19   18   22   18   19   23   22   22   22   17   58   20   27   24   66   24   26   18   22   17   25   23   20   23   24   21   20   25   25   20   17   71   17   23   27   27   24   67   21   22   26   26   65   23   25   23   66   26   21   26   23   21   25   21   63   23   58   26   23   22   23   17   57   22   24   18   22   23   24   23   66   21   24   56   26   26   23   26   24   26   25   21   72   22   24   27   58   23   25   23   26   23   61   66   27   25   27   19   21   21   20   66   26   25   26   24   24   64   27   23   26   22   24   27   27   17   18   26   25   22   23   58   22   23   26   22   17   21   24   22   26   72   20   27   26   24   20   21   23   27   25   21   19   22   22   66   17   21   18   18   19   21   23   19   19   21   24   27   17   27   20   19   20   26   19   20   63   27   19   18   26   20   27   23   22   17   24   25   17   25   22   27   21   27   64   20   24   18   21   25   27   19   18   27   19   26   17   19   22   24   22   20   57   23   24   27   20   25   68   26   19   26   20   17   26   20   20   27   22   18   17   18   21   27   23   26   23   22   23   22   26   22   20   21   18   23   17   25   24   24   27   24   20   17   27   23   26   63   25   26   22   24   20   23   17   17   22   18   26   21   19   59   18   26   24   24   19   18   18   24   23   18   22   22   22   20   20   26   23   26   18   18   26   59   17   23   21   22   24
   6    6    6    6    5    4    6    6    6    6    5    6    6    6    5    4    5    4    9    5    5    4    6   10    6   10    6    5    5    6    4    6    5    6    6    5    6    6    5    5    4    6    6    4    5   10    9    6    4    5   10    6    6    6    5    5    6   10   10    6    4    6    5    6    5    5   10    6    6    5    5    6    6    5    5    6    6    6    6    5    6    4    4    5    5    5    6    5    5    4    5    5    9    5    5    4    6    4    5    5    5    6    6   10    5    5    9    5    6    6    6    6    5    5    5    6   10    5    9   10    5    4    6    4    6   10    6    6    5    4    6    5    5    5    6    5    5    4    5    6    6    5    5    5    4    5    6    6    6    4    5    6    4    5    6    5    4    6    6    4    6    4    5    4    6    5    5    6    6    6   10   10    4   10    4    6    5    6    4    4    6    6    4    5    5    6    5    5    5    5    9    4   10    6    6    5    6    6    6    4    6    6    6    4    9    5    4    4    6    6    4    5    4    4    5    5    4    5    6    5    5    6    6    9    5    4    5    5    5    5    5   10    5    9   10    5    4    6    6   10    5    6    5    5   10    6    5    6    5    5    6    5    5    4    4    4    6    6    5    6    5    5    5    5    4    5    6    9   10    6    5    5    4    4    9    6    9    6    6    4    5    5    9    5   10    6    5    5    6    4    5    5    4    6    5    6    6    9    6    9    6    4    5    6    5    9    4    6    6    4    5    5   10    6    6    9    6    6    6    4    5    6    5    4    4    5    6    5    6   10    9    4    5    4    6    5    5    6    5    5    5    4    4    9    4   10    6    5    6    5    6    6    5    5    5    5    5    5    5   10    5    5    5    9   10   10    5    5    6    6    5    6    5    6    5    5    6    6    5    4    5    6    4    4   10    6    5    5    5    5   10    6    5    6    6    5    5    5    6    6    6    6    5    5    5    5    5    5    5    6    5    4    5    5    6    5    6    5    5    6    4    6    5    6    4    4    5    5    5   10    4    6    6    5    5    4    5    5    6    9    6    6    6    5    4    6    6    6    4    5    6    6    5    5    5    5    9    6    6    5    5    5    4    6    6    4    5    6   10    6    5   10    6    6    6    6    4    6   10    5   10    5    6    4    5   10   10    5    5    6    4    5    5    4    5    6    6    6    4    6
  10   12   12   11   10   10    9   20   11    9   12   13   12   13   10   21   12   19   14   11   12   11   13   11   21   11   12   13   11   10   12   13    9   14   10   11   11   13   10   10   13   12   10   12   14   13   13   11   13   12    9   11   11   13   10   14   12   12    9   21   11   12   12   13    9    9   13   14   22   23   12    9   22   20   12   13   13   11   10   12   12   14   10   11   11   10   23   11   12   12   10   12   11    9   22   12    9   14   14   13   13   10   11   13   14   10   14   13   11   19   10   11    9   14   12   11   11   14    9   13    9   10   13   10    9    9   14   10   19   10   11    9   11   12   11   12    9   13    9   10   10   11   14   13   12   23   11   22    9   14   20   11   13   11   11   12    9   10   12    9    9   13   11   19   10    9   11   14    9   13    9   21   11   12   11   10   12   23   10   11   10    9   10   10   13   10   20   10   11   10    9   23   12   13   22    9   14   14   10    9   10   14   10   10   10   13   14   12   12   12   12    9   12   12    9   14   14   19   10   11   19   13   12   10   10   23   11   10   10   11    9   14   12   11   11   12   13    9   10   11   11   19   11   13   12   11   10   19    9    9   13   12    9   20   10   12   12   14   13   10   11   11    9   13   13   12   13   14   14   10    9    9   13   10    9   11   12   10   13   21   10   11   12   10    9   10   10   21   11   21    9   13   22   14    9   11   10   12   11   11    9   12   19   13   11   11    9   19   12    9   11   20   11   12   11   10    9   11   12   12   10   21    9   11   12   10   10   11   10   11   13   10    9    9   13   12   11   10   13   23   12    9   12    9   13   12    9   11   12   23   14   11    9   13   12   10   13   10   13   10   11   11   11    9   11   10   13   14   12   12   11   13    9   12    9   12    9   10   12    9   12   10   13   10   11   10    9   14   10   10   12   10   11   19   12   10   10   10   10   14   13   12   14   12    9   12    9   20    9   23    9   13    9   14   21   10   11   10   13   19   13   10   20   22   13   13   14    9   23   10   19   12   10   19    9    9   10   23   12   12   12   12   12   22   10   11   11   21   20    9   12   11   12   19   12   12   10   12   20   14   23   14   12   13   14   11   14    9    9   12   11   14    9   20   12   11   13   14   10   11   11   11   14   21   12   11   12   20   11   11   13   14   19   12   10   14   13    9   14   10
  11   16   14   11   17   16   28   12   11   16   10   16   11   13   27   16   25   16   15   15   10   25   15   12   12   13   12   17   16   15   12   16   16   11   14   11   16   11   13   15   11   12   16   15   28   11   11   12   12   15   25   12   15   11   15   13   12   12   26   14   17   23   27   15   15   15   15   12   17   14   16   12   15   13   14   24   13   13   10   15   16   12   13   28   11   15   13   17   12   13   14   15   16   28   12   15   12   26   14   14   12   15   12   11   12   13   25   15   12   15   16   16   24   16   15   12   11   15   17   14   13   11   13   24   12   16   15   11   16   15   13   17   14   26   13   15   12   26   16   13   13   15   11   16   24   12   15   17   26   11   16   16   11   24   12   17   16   16   16   12   14   11   28   16   11   13   16   16   11   12   15   15   14   16   25   11   16   11   13   12   13   13   16   13   15   15   15   15   13   11   17   16   14   15   11   16   15   24   28   23   12   12   14   16   16   11   14   13   15   15   17   24   17   12   12   27   11   14   11   23   12   12   14   12   14   15   13   11   13   13   16   13   12   25   17   28   16   10   13   12   11   24   11   12   14   13   12   14   11   10   13   12   14   14   15   15   13   12   12   12   13   15   15   15   15   13   12   15   11   10   11   11   15   12   12   14   16   16   15   11   12   16   15   16   11   13   14   12   13   14   12   14   12   24   14   27   16   17   15   13   15   14   15   16   11   14   17   12   13   11   14   12   10   14   14   16   15   15   14   15   15   13   17   11   15   14   13   12   23   12   15   13   12   12   14   23   17   11   12   17   14   16   13   16   24   14   11   13   11   16   12   13   12   16   11   15   12   11   17   14   11   16   17   16   11   16   16   16   16   15   14   13   13   11   13   11   12   16   12   12   11   15   17   17   25   15   15   11   15   15   15   16   24   12   16   12   12   11   12   14   12   11   17   16   11   13   11   15   14   11   12   15   16   10   12   27   11   16   16   14   13   16   16   24   13   16   13   16   14   13   16   13   11   11   12   13   16   15   13   23   14   12   15   12   16   13   16   13   17   11   15   15   12   25   16   13   11   16   14   16   13   17   15   15   16   14   12   13   15   12   11   16   16   23   27   17   16   11   12   12   10   15   14   25   16   11   16   27   16   15   16   15   26   13   16   16   12   23   26   11
   6   12    6    6    7    8    6    5    6    6    5    7   13    5    5    5    5    5    8    7    8    7    7    8    7    8    8    8    5    7   11    8    7    5   12    6   11    7    6    5   12   12    6    7    6    7    5    6    7    5    6   12   12    6   11    6    7    6    8    7    7    6    5    5    5    7    8    7    8    7    8    5    7    6    6    7   11   11    7    7    6    5    6    5    7    6    6    8    6   12    7    6    5    8    8    7    8    6   11    5    8    6    6    7    7    5    5   11    6    8    8    7    7    7   13    7    5    7   11    7    8    7    5    5    6    8    8    7    7    6    7    6    7    5   11    8    6    6    5    7   12    7    6    6    8    7    5    5    6    7    8    7    7    8    7    6    7    7    5    7    7    6    7    6    6    8    6    6    7    7    7    6    6    6    7    5    6    6    6    7    8    7   11    6    6    8    6    7    6    6    6    6    5   12    6    6   12    5   13    6    7    7    5    6    7   13    7    8    6    7    6   11    6    7    7    6    6    7    7    6    7    6    5    6    5    7    7    8    8    7    5    8    8   11    7    6    6    7    7    6    8   11    6    7    7    7   12    7    6    6    6    6    5    5    8    7    7    8    6    6    5    7    7    6    5    6    7    6    6    6   11   11    7    7    7    6    6    7    8    5    8    7    7    8    7    6   12   11    6    7    6    7    6    7    6    7    7   11    7    5    6    5    5    7    7    6    7   11    5    6    5    6    7    5    6    6    5    7    8    6    6    5    8    5    7    7    5    7    7    6    6    7    7    5    8    7    6    5   11   11    6   13    6    7    5   12    6    7    6    6    6    8    8    7    5    7    7    6   11    7    5   12    5    5    6    5    7    7    6    8    6    8   13    8    5    7    7    6    8    7    7    7    8    8    5    8    6    8    8   12   12    7    7    5    7   11    5    7    5   11    6    5    6   12    8    6    7    5    6   12    8    8    7    7    8    6   11    6   11   11    6    6    7    7    7    5    5    6    8    8    8    6    6    7    8    5    8    6    5    6    7    7    8    6    6   11    6    6   12    6   11    5    5    7    5    6    7    7    7    6    8    8    5    8    7    7    7    7    8    7    6    5    6    7   12    7    7    8    7    7    6    6    7    6    7    5    6   11    7    7    5    5    7    7    7    7    5    7    7    6
   9   10    8    7    9    8   11   10    8   16   11    9   10   11    9    7   10   18   15    8   10    8    7   17   11    9    9   10    9    8    9   11    8    7   16    8    8   11    7   16   16   10   16   10    9    8    9    8    9   11   11   10   17   17   10    9   15   10   10    9   10   15    8   11    9    9    9    9   10   16    7   18   10    9    9   16   10   10   10   17    9    9   10    9    7   10    7    9    9    7   11   10    9    8    8   17   15    8   17    9   17    8    8   16   10    7    7    9   11   10    8    8   10    8   10    9    9    9   17    8    8   17    7   11   10   10    9    8   15    7   10    7    9   11    9   10    7    9    9    7    8    8   17   10   10   10    9    8   10    7   10    7    8    9    9    8    7    8    8    7    8   10    7    8   10    8    8    8   16   10    7   10    8    9   11   10    8    8    7    7    8    9    9    8    9    7   10   17    8   18    8   10    9    9   11   10    9   11    9   11   15    9    7    9    7    9   10    9    7   10   11   11   15    7    8    7    9    8    7    7   10    7   10   10    7    9   17   10   10    8   10   18    9    9    8    9   17   10   10    8   17   17   10   10    9   11   15   10    9    7    8   10   10   11   10   10    9    7   10    9   17   10    9   11    7    9    7   11    7    9    8   10   11    8   10    8    8   11   16    7   16   10    8   10   10    9    9   10   17    8   10   11    9   10   17    8   10   17    8   10    8    9    7    7    8    7   10    9   11    8   16   11   11   10    7    9    8   10    8   11   10   10   10    8   15    9   10   15   10   18    8    9   17    7    8    8   15    7    8   10    9   10    7   16   10   15    8    8    7   10    8   17    8    7    9   15   18    9    7    8   10    8    8   11    9    8   10   10    8    7   10   15    8    9   17    8    7   10    8   10    9    7   11   10   16    9    7    9    8    9   15    7   17    8    7    9    8    9   10   11    8   10   10   11   10    8   11    9   10   11   11    8   10   10    9    7    9    9    7    7   11    9   10   11    9   11    9   10    9   11    9    9    8    8    8   10   10    9   10    9    7    8    9   11   10   10    7   11    7    9   16   11    7   11   10   10    8   10    7   18    8    9   17    9    8   10    9    8    9    7   10   11    8    8    8    8   10    9    9   10    7    8    8    9   11   17   15    9    8   10   11   11    7    9    8    7   10   11    9    9
  28   18   27   29   19   28   22   21   20   18   27   22   22   19   26   22   25   19   75   70   24   20   66   19   26   19   28   22   28   59   21   23   22   19   18   26   24   18   28   27   22   27   66   22   23   19   20   25   68   22   23   27   20   26   26   66   22   23   23   18   22   19   28   70   61   63   28   18   20   18   27   18   73   28   19   72   20   21   60   19   23   18   20   26   24   19   23   18   22   28   29   21   21   27   20   28   18   76   22   25   23   26   70   27   24   21   26   22   27   18   27   18   20   18   20   18   25   23   18   24   76   27   21   27   29   63   22   28   21   28   23   26   25   18   26   29   58   26   22   20   21   18   29   74   18   25   23   24   25   27   28   27   28   25   18   21   22   27   20   23   22   21   28   25   20   21   26   21   26   26   23   71   24   20   29   23   18   23   23   24   18   24   19   21   73   28   25   24   25   21   27   25   64   24   20   19   22   18   27   27   24   21   29   23   21   61   65   21   28   23   19   26   27   20   28   28   25   25   26   22   29   26   60   23   21   29   22   23   25   18   22   59   66   27   18   24   24   23   19   26   20   19   27   26   27   19   26   19   27   26   27   23   18   61   76   27   23   21   21   22   21   26   23   27   19   26   19   26   72   23   18   24   22   26   21   26   24   18   19   21   29   20   23   22   19   20   22   18   20   24   23   22   21   22   25   29   21   26   24   23   18   24   23   20   58   29   20   23   28   27   20   22   26   19   74   68   24   23   19   25   19   28   22   64   20   20   22   22   21   19   27   19   25   23   29   22   23   25   23   20   27   20   18   26   20   27   21   26   23   26   22   27   21   27   19   26   20   26   27   22   21   21   20   27   22   18   25   27   18   21   18   24   21   21   24   22   28   18   25   28   19   75   20   23   18   72   18   22   27   27   62   26   26   28   29   22   23   24   24   28   22   24   29   24   20   26   25   19   28   19   24   21   27   25   19   28   25   29   23   59   22   24   20   71   26   20   24   20   26   22   19   20   27   21   29   23   23   25   24   24   20   26   29   18   23   24   26   19   27   21   18   19   23   20   26   24   21   74   62   26   29   23   24   20   21   20   24   20   24   21   23   26   24   26   24   23   18   21   18   19   18   25   19   20   21   66   24   27   28   21   20   29   22   27   26   21   22   28   18   76
   6    5    5    6    6    6    5    6    5    6    5    6    6    6    5   10    5    5    6    6    5    9    5    5    6    5    6    6    6    4    6    5    5    6    9    4    5    5    5    6   10    6    6    6    6    4    6    4    5    5    6    9    4    5    6    6   10    4    6    5    5    5    5    5    6    5    5    6    6    9    4    6    6    6    5    9    6    6    5    5    5    5    6    4    4    5    6    5    5    6    5    6    5    6    4    6    6    9    9    4    6    6    5    4    4    6    5   10    5    5    6    6    5    4    4    9    6    6    5    6    6    4    6    5    6    9    4    4    9    5    6    9   10    9    6   10    5    9    6    6    4    5   10    5    6    6    6    6    6    4    6    4    4    9    4    5    4    5    5    6    6    4    6    6    4   10    6    5   10    6    5    4    5    5    5    4    4    6    5    6    5    5    6    4    5    4    4    4    6    5    6    6    5    6    4    6    6   10    4    5    6    6    6    6    6    6    4    6    6    5    6    4    5    6    6    5    6    6   10    5    5    6    5    4    4    6    4    5   10    5    5    5    6    5    5    5    6    6    6    5    6    6    6    6   10    5   10    9    5    4    4    6    5    5    6    6    5    6    5    5    6    6    5   10    6    4    6    6    6    5    5    4    6    6    4    4    6    4    5    6    5    5    6    9    5    6    9    6    6   10    6    4    5    6    5    6   10    5    6    5    4    5    5    4    4    5    6    4    6    6    4    5    4    6    5    5    4    5    6    5    5    4    4    9    6   10    4    5    6    6    5    5    6    6    6    5    4    6    6    5    5    6    4    5   10    9    5    6    6   10    6    5    5    5    6    5    5    4    6    6    5    5    6    4    6    4    6    5    4    4    5    4    5    6    5    4    5    5    5    5    5    5    5    5    5    6    5    6    4    6    5    5    5    5    5    6    5    6    5    4    6    9    5    5    6   10    6   10    6    6    6   10    6    6    6    6    5    6    5    5    5    6    9    6    6   10    6    5    4    6    5    5    6    6    5    5    4    6    5    5    6    5    4    6    6    6    6    6   10    6    5    4    4    5    4    9    6    5    6    4   10    4    5    5    6    9    6    6    6   10    5    5    5    5    6    9    4    5    6    5    6    4    6    6    5    6    6    5    5    6    6   10    5    6    5    6    4    5    5    5
  17   17   17   18   16   21   21   14   19   22   16   15   18   20   23   20   19   22   14   18   17   18   19   34   18   22   21   17   33   21   14   19   20   37   15   32   22   18   22   19   16   17   16   21   16   38   14   15   16   22   17   17   20   36   16   22   18   34   15   20   17   21   19   20   17   19   37   17   21   16   17   21   14   20   21   31   33   21   21   23   14   17   20   21   20   16   21   22   15   35   20   22   21   15   19   15   22   18   21   21   15   15   23   17   22   17   18   20   23   22   31   23   21   14   15   15   17   20   18   20   21   14   17   23   15   16   23   23   20   36   17   16   15   20   32   16   22   17   33   23   32   18   15   19   20   17   20   21   21   19   21   22   22   14   36   16   22   17   21   20   17   20   23   23   18   21   16   18   34   16   23   15   15   18   34   19   23   16   20   21   20   18   20   17   18   16   18   14   21   19   16   16   18   14   16   22   20   16   20   16   19   14   18   18   19   15   31   16   18   22   21   14   18   23   21   14   16   18   22   16   22   23   33   15   20   18   16   16   16   18   16   15   22   15   21   37   21   22   17   18   21   17   15   15   18   19   16   19   20   21   15   32   32   21   16   21   21   18   19   16   15   23   15   20   20   23   15   20   20   16   21   19   35   16   33   31   16   17   16   20   20   19   22   15   19   20   17   38   20   20   31   16   17   15   20   16   21   17   33   18   21   20   31   15   18   36   19   19   21   19   21   16   17   22   18   36   19   15   21   22   18   14   14   18   19   22   20   22   17   19   31   19   36   15   15   15   20   37   20   15   19   35   18   16   22   16   20   20   34   15   18   17   21   15   19   21   17   16   16   15   32   19   16   17   15   18   21   22   17   19   23   20   20   20   18   22   20   19   32   22   22   18   16   18   22   16   36   23   17   21   23   21   16   16   23   18   19   22   15   17   15   14   18   19   19   21   16   19   19   16   16   15   19   15   23   34   17   16   18   18   15   16   18   19   22   22   14   32   17   31   19   15   17   36   23   17   20   21   18   22   20   15   38   15   20   17   20   20   21   14   16   15   20   19   20   15   17   19   19   16   17   21   37   16   15   15   33   17   20   17   17   14   21   21   21   14   36   19   35   32   14   16   32   14   14   32   34   22   23   16   17   15   20   21   23   16   32   17   16   22
  27   21   28   22   19   22   28   28   30   76   21   29   27   79   26   69   27   30   24   23   23   21   22   28   20   23   19   25   19   23   28   24   22   27   27   19   24   68   23   73   22   19   66   19   30   27   27   27   67   23   21   30   25   22   69   19   63   28   21   22   23   30   27   19   26   20   30   23   69   23   27   28   19   22   24   21   21   22   28   29   29   27   28   20   24   20   23   21   25   19   20   23   20   21   68   19   27   61   20   29   29   23   19   28   28   21   28   25   28   21   27   28   28   26   73   19   19   19   25   23   26   69   23   29   23   29   27   25   30   19   21   22   25   23   24   25   19   27   20   20   22   24   28   19   27   25   22   24   22   28   29   68   80   25   22   27   24   20   23   29   29   78   22   20   22   26   24   25   27   22   20   20   24   30   22   26   27   25   29   30   20   27   21   29   30   22   24   26   30   66   20   73   25   19   20   19   20   20   29   26   27   30   25   20   20   28   26   62   26   28   27   68   28   29   29   30   78   21   21   26   68   30   26   65   20   23   27   19   24   28   24   26   26   28   78   62   29   26   25   29   29   24   21   30   29   21   24   26   67   19   30   28   22   26   28   25   22   23   28   27   22   21   25   20   25   74   29   29   19   19   29   28   74   25   22   21   20   25   30   21   22   25   29   23   20   24   28   30   21   76   28   27   25   67   23   21   26   29   19   23   19   26   29   25   75   21   19   65   28   77   22   19   28   25   29   21   22   29   28   19   30   23   27   19   25   30   30   24   20   24   20   27   27   30   29   23   25   30   27   25   28   24   25   19   30   30   23   19   68   29   28   26   28   28   23   26   21   21   71   24   25   68   19   28   23   29   28   21   25   22   25   27   21   23   28   28   63   28   20   20   24   28   67   29   30   24   24   25   26   22   22   30   20   28   74   21   22   29   21   26   29   21   22   23   27   29   30   19   24   29   25   22   21   25   66   26   29   28   29   19   23   74   20   19   22   61   28   21   21   22   29   20   76   25   20   28   25   28   19   27   22   30   24   19   27   19   30   23   22   24   22   22   29   24   20   24   26   26   21   28   68   21   27   27   24   25   25   19   63   29   30   26   20   30   19   27   25   20   25   20   29   25   27   28   29   21   24   21   26   21   21   27   28   67   20   25   19   29   28   21
  26   24   26   30   23   26   19   21   27   21   22   26   30   77   23   25   21   27   28   26   29   29   25   66   22   25   26   21   26   70   23   22   20   23   28   22   22   25   28   20   21   20   27   22   25   21   29   20   19   73   79   25   25   28   26   28   27   29   19   25   25   23   76   27   25   19   29   28   67   20   20   24   25   29   23   66   21   30   30   24   22   19   29   74   28   25   25   22   24   20   22   21   21   29   24   26   78   19   30   23   28   78   23   22   22   26   25   61   29   21   24   21   21   24   23   27   25   24   25   30   29   28   28   26   23   24   23   29   30   29   26   27   22   27   28   72   21   23   19   27   21   23   28   27   27   22   66   64   22   30   22   24   26   23   24   21   27   27   28   26   23   23   30   24   29   80   22   25   20   20   28   21   29   22   20   30   19   62   27   28   20   24   21   20   28   30   71   25   62   65   30   30   27   22   28   23   29   20   23   28   25   21   21   24   21   20   29   28   26   30   29   27   29   20   25   30   25   30   20   19   20   28   27   76   29   24   19   30   24   20   29   30   27   22   22   30   27   22   61   27   26   25   29   73   30   28   19   27   70   28   20   25   21   22   30   30   20   22   30   19   29   30   30   22   19   27   70   21   19   25   19   74   26   19   25   20   67   28   20   30   23   19   28   66   19   26   28   28   25   24   28   28   70   30   29   26   25   19   29   30   23   19   23   27   30   28   29   25   19   62   27   28   25   27   20   22   28   27   23   19   22   29   20   19   30   24   26   23   74   75   20   24   24   25   26   22   28   30   22   22   27   19   22   20   19   27   22   24   23   26   20   29   21   73   28   26   65   25   26   24   27   23   30   30   27   30   20   21   19   28   22   27   27   22   23   77   70   22   21   24   62   29   24   23   25   21   26   21   30   26   27   25   24   28   21   70   28   23   22   30   28   26   20   66   25   24   77   30   75   25   23   23   19   76   21   23   30   28   22   30   30   19   24   24   65   65   21   19   28   21   22   29   80   26   20   21   62   25   26   80   20   24   26   26   28   29   20   27   28   25   24   23   29   28   25   25   30   22   25   27   24   30   19   29   27   20   28   20   29   26   19   71   72   24   23   63   26   28   27   24   19   26   23   28   68   20   24   77   26   23   26   20   19   24   27   25   28   23   24   69
  23   26   22   29   23   31   25   33   68   23   33   30   21   32   24   27   23   23   68   22   79   21   76   29   32   33   30   26   23   25   25   25   29   31   25   31   31   23   26   33   30   27   28   26   33   25   27   68   24   32   25   21   31   26   23   85   31   24   23   32   33   80   73   26   26   24   25   27   33   30   22   30   74   21   33   26   88   75   23   74   28   23   31   29   31   21   23   27   22   24   31   27   31   22   22   31   25   25   26   24   26   27   21   28   30   28   21   26   27   33   28   27   31   33   85   29   70   25   30   21   31   27   29   28   33   32   27   83   26   27   29   28   72   26   27   28   30   29   25   26   28   33   33   30   30   25   33   26   20   68   29   32   25   22   23   24   28   31   33   32   31   30   32   21   25   25   22   27   31   25   31   22   26   86   31   26   30   33   28   23   33   28   29   22   24   32   21   26   21   21   30   23   21   32   81   22   28   26   27   25   32   27   23   27   27   33   23   32   25   30   30   32   30   27   31   78   27   23   29   24   21   23   23   22   27   32   25   32   27   22   33   31   23   26   32   28   27   32   31   84   31   23   27   27   25   26   24   32   22   25   21   26   30   32   33   33   33   30   32   30   28   33   23   28   29   24   31   28   28   27   31   22   25   31   33   24   31   27   27   32   31   23   28   27   26   22   21   84   70   21   32   29   29   33   25   21   33   31   29   33   29   21   27   29   33   27   79   68   29   28   31   29   30   23   31   31   21   26   23   27   33   21   22   26   21   22   30   24   27   27   21   26   22   28   31   20   30   26   81   29   21   27   27   29   22   28   23   33   30   30   29   29   26   33   29   25   31   84   28   23   23   21   25   27   23   33   28   73   33   21   32   26   27   28   23   27   85   25   22   33   25   31   25   24   22   31   27   22   31   28   28   29   26   27   33   26   31   28   85   31   26   31   31   33   29   31   32   32   26   33   21   23   87   26   26   30   32   21   24   79   28   24   26   30   29   21   28   25   28   28   28   74   32   20   32   23   29   24   31   28   24   29   23   21   23   24   29   26   31   30   31   22   21   31   25   28   28   23   22   26   30   25   24   33   29   25   32   21   24   23   28   24   22   31   21   32   25   32   30   22   28   22   27   31   23   30   24   28   20   33   25   29   25   23   78   26   32   26   71   28
   6    6    4    6    6    5    5    4    6    4    5    5   10    5    5    5    6    6    6    6    5    6    6    6    9    5    5    9    5    6    6    9    4    5    4    5    5    6    4    6    6    5    5    4    9   10    5    5    5    6    6    5    5    4    6    5    5    4    6    6    5    9    4    6   10   10    4    5    5    6    5    6    5    4   10    5    5    9    5    9   10    6    5    5    6    6    5    6    6    5    5    6    6    4    5    5    6    5    4    5    4    6    4    5    5    5    5    6    6    5    5    6    4    6    5    6    6    6    6    4    4    5    6    5    6    6    6   10    6    5    5    6    6   10    4    6    6    6    6    6    5    5    6    5    9    5    6   10    6    6    6    6    6    6    5    6    5    5    6    5    4    9    6    4    5    6    6    5    4    6    6    6    5    5    6    4    6    6    4    5    4    5    5    5    6    4    4    5    5    4    4    6    4    4    5    6    5    5    5    5    4    5    4    5    5    6    6    6    9    4    6   10    4    5    5    5    6    6    4    6    5    4    6    5    6    5    5    4    4    5    6    6    6    4    4    5    6    6    5    5    5    5    5   10    6    6    5    4    6    5    6    9    6    9    6    5    5    5    9   10    4    5    6    5    6    6    5    4    4    6    4    5    9    6    6    4    5    5    6    6    5    5    6    6    4    6   10    6    4    6    6    5    5    5    5    5    5    6    5    5    6    9    6    5    5    5    4   10    6    5    5    4    6    6    6    6    6    6    6    6    9    6    6    4    4    5    5    4    5    6   10    5    5   10    6    5    6    5    6    6    5    6    5    5    6    6    5    4    5    6    9    5    4    4    5    6    6    9    4    6    4    6    6    5    9    6    5    4    4    6    6    6    5    6    6    6    9    5    6    6    5   10    9    5    6    5    6    6    5    5    6    6    5    5    4    9    5    5    5    6    5    6   10    6    5    6    6   10    4    6    5    4    6    5    6    6    6    9    5    6   10    4    5    6    5    6    5    5    5    5    5    6    6    9    6    4    4    5    6    4    4   10    4    6    6    4    6    4    6    5    5    5   10    5    6    5    6    5    5   10   10    5    9    6    6    9    5    5    6    6    6    5    4    6    4    9    6    5    5    5    4    4    4    6    6    4    6    6    5   10    4    5    6    5    6    9    6    5    6    5
   5    8    7    6   13    7   12    8    7    7    7    6    7    7    6    5    5    5   12    6    7   11    5    6    7    7    7   12    5    6    7    7    6    8    7    8    7    7    7    7    6    5    6    5    6    8    6   11    6    5    6    7    6    7    7    8    6    5   11    7    7    6    6    7    7    8    5    8    7    7    7    6    6    7    6   12    6    8    7    5    6    7    8    8    5   11    6    8   13    5    5    6    6    6    7    6    6    8    5    5    6    8    8    6    8    7    6    8    6    7    6    7   11    6    7    6    7    8    6    5    7    8    7    6    6    7    6    6    7    8    6   11    6    7    6    5    6    7    7   12    6    7   11    8    7    5    7    7    7    8    6    6    6    7    6    7    7    6    5    6    6    7   12   13    7    5   13    8   11    7    7    6    7    8   13    5    8    6    7    7    5    8    7    6    7    6   13   11    8    6    7    8    6    6    5    8    6    7    6    8    8    7    8    6    6    8    7    7    6    8    6    5    6    8    6    7    5    7    7    7    7    6    6    7    6    7    5    7    6    5    5    7    7    7    6    7    6    7    6    8    7    8    7    5    8    7    6    5    6    7    6    6   11    6    5    6    8   12    5    5    5    7    8    6    8    5    8    7    7    6    7    8    8    6    8    5    7    7    7    8    5   13   13    7   12    7    6    5    7    6    5    6    6   12    8    8    7    6   11    6    7   11    7    5    7    5    5    5    6    6    6    6    8    7    7    6    7   11    6   12    7    7    7    6    5    7    6    7    6    6    8    6    7    8    6    6    8    6    6    6    6    7    7    7    8    6    7    8   11    5    7    7    7    5    5    6    6    6    8   13    7    6    7   11    6    8   12    8    8    5    5    7    8    7    6    8    7   12    6    8    5   13    6    8    5    5    6    5    6   12    5    5    6    5    7    7    5    7    7    7    8    8    7    7    8    7    7    6    7    7    6    7   12   13    5    7   12    7   11    6    7    6    6    8    7    5    5    8    7    7    7    6    5    5    7    7    7    7    8    7    8    7   12    7    6    7    8    6    7    7    6    5    6    7    5   13    5   11    8    5    8   12    6    7    6    5    7    5    6    6    8    6    8    6    7    6   12   11    6    8    7    7    7    6    8    7   11    7    6    6    5    5    7    7   11    8    8    5    6    7
  16   14   14   14   15   27   17   17   15   14   18   18   14   17   17   14   11   16   14   25   12   12   13   14   26   17   27   16   14   30   16   11   16   12   15   14   15   14   13   14   18   16   17   12   18   29   12   15   18   13   18   27   17   14   14   17   26   16   18   28   13   17   12   17   18   27   13   17   14   18   14   14   18   15   17   15   17   27   18   17   16   14   17   17   18   17   13   28   14   16   13   16   15   18   13   30   12   18   28   17   12   16   16   12   15   18   13   13   16   16   12   26   14   30   18   30   12   16   16   15   14   14   16   13   15   28   15   17   14   11   13   13   17   12   14   12   12   18   18   18   16   15   17   13   15   15   18   15   16   18   13   16   16   15   12   12   18   12   15   28   17   16   15   13   18   16   15   18   14   18   14   12   15   17   13   12   17   13   12   13   30   13   18   12   15   17   13   14   13   17   12   13   25   16   17   12   11   11   15   17   18   17   18   17   15   12   18   18   18   17   16   17   14   16   13   17   25   17   13   13   16   18   15   26   15   25   14   18   13   15   17   13   16   15   15   11   14   17   18   15   28   26   13   11   15   13   17   13   16   14   15   13   14   15   14   13   15   17   16   14   12   17   17   11   12   18   17   18   16   14   27   15   14   27   15   12   14   14   18   14   14   18   13   13   12   16   14   26   15   14   18   15   13   17   13   17   14   28   30   18   15   18   15   13   13   28   16   14   16   13   25   25   16   12   14   14   12   18   18   15   15   16   18   16   16   15   16   15   13   16   16   16   26   18   18   18   16   26   16   18   18   17   29   15   18   16   13   15   15   12   15   14   28   17   12   14   16   15   18   17   18   12   16   18   12   15   16   27   17   13   30   12   15   17   12   18   26   17   18   16   16   18   17   13   15   11   18   15   15   15   17   16   12   12   30   12   16   15   12   15   12   12   13   17   14   13   29   15   14   15   16   14   16   15   12   16   28   14   29   18   14   16   18   17   14   17   16   14   14   17   15   13   15   17   17   12   12   16   29   16   17   16   18   28   14   18   13   30   16   14   13   18   11   18   17   17   11   14   15   18   18   12   12   15   18   12   27   15   18   12   16   13   11   15   15   29   14   18   17   18   14   13   12   15   14   14   14   28   17   14   15   13   15   16   27   12   18   15   12   18
   9   10   22   11   13   12    9   13   12    9   11   10   10   11   13   11   12   14   10   11   13   10   11   11   14   12   12   13    9   10   20   21   12   22   13   12   13   12   13   12   12    9   13   10   19   23   12   10    9   10    9   11    9   12    9   11    9   11   11   10   11    9    9   11   12   12    9   14   14   12   10   20    9   11   12   10   10   11    9   10   14   12   12   21   12   10   10   10   14    9   13   12   10   19    9    9   11    9    9   10   14   11   19   23    9   13   14   11    9   14   11   13   13   13   11   21   14   10   13   10   20   10   23   14   20   11   11   13   13   11   13   11   11   13   10   13   10   13   11    9   11    9   12   10    9    9   21   13   10   12   10   11   10   11   11   10   13   11   11   10   11   12   10    9   13   10   13   10    9   21   13   13   11   11   11   13    9   13   12   10   10   12   12   13   13   14   10   10   13   11   13   12    9   12   12    9   13    9    9    9   21   14   13    9   10   19    9   11   21    9   14   12   10   12   11   11   22   14   14   13   11   12   13   13    9   11   14   10   12   12   13    9   20   14   19   11   21   13   21   10   13   22   14   12   12   12   11   10   13   10   14   10   12   11   10   12   11   10   12    9    9   11   19   13   10   13    9    9   12   12   10   20   11   11   12   10   10   10   11    9   11   11   12   13    9   14   13   11    9   10   19   23   11   10   14   10   12   11   11   12   14   10   13    9   12   20   20   13   12   21   13   12   10    9   13   13   11   12   14   22    9   12    9   13   11    9   10   10   12   14   13   10    9   10    9   12   10   14    9   12   22   11   12   19   12    9   12    9   12   20   11   12   11   12    9   10   11   11   12   13    9    9   20   10    9   10   10   12   13   10   19    9    9   12    9   20    9   12   23   14   11   21   12   13   23   14   12   12   12   10   12   10   11   14   11   11    9   14   14   13   10   21   20   10    9   12    9   12   12    9    9   11   13    9   11   13   13   13   10   23    9   10   12   21   21   11    9   11    9    9   11   13   11    9   11   10   19   11   22   10   12   14   13   13   12   12   10    9    9   13   20   10    9   12   10   14   20   13    9   14   13   12   11   10   20   12    9   11   11   10   10   13   12   11   12    9    9   11   13   11   13   14   23   12   10   10   11   10   13   12   12   14   14   12   11   12    9    9   12   13
  12   16   13   17   17   14   14   14   13   17   15   15   15   14   17   27   13   15   12   12   25   15   16   15   14   17   13   27   11   13   12   13   18   27   12   16   16   13   14   15   18   12   13   16   15   15   14   29   11   15   14   14   17   14   18   12   12   16   12   13   15   14   12   15   18   14   13   18   12   13   15   16   14   30   18   12   12   16   17   27   17   13   18   18   13   15   16   16   16   29   14   28   26   14   18   15   13   17   14   18   16   17   12   13   16   16   14   17   12   17   13   13   17   26   14   15   16   17   14   13   12   13   14   12   12   15   18   13   16   13   17   15   15   18   13   15   15   14   18   18   16   17   18   15   14   13   11   15   13   18   17   15   14   13   15   18   14   25   15   15   11   14   18   15   14   16   12   16   12   17   15   17   12   12   15   14   14   14   14   14   17   16   13   16   25   12   18   17   13   15   18   15   13   15   25   13   13   14   30   12   15   15   13   16   13   12   16   13   17   18   27   14   16   15   13   14   14   18   16   15   18   17   15   12   18   14   17   11   17   29   12   14   14   30   17   26   13   16   12   18   18   18   18   18   12   16   14   12   15   15   17   25   11   16   16   18   14   16   12   15   27   16   17   18   15   14   15   18   17   16   30   14   15   13   15   12   13   27   14   13   18   16   14   13   12   15   18   18   17   14   15   18   18   13   12   14   12   26   11   17   14   15   25   18   12   14   15   17   13   14   18   18   15   12   15   15   13   12   18   11   11   18   16   15   16   14   12   13   13   29   12   16   16   16   18   16   17   13   16   29   12   18   11   13   16   26   15   14   17   14   17   12   13   30   29   17   15   17   18   12   12   13   12   17   17   16   14   15   16   16   17   16   17   16   17   14   11   13   17   15   13   15   12   12   12   14   13   15   12   16   16   15   12   15   15   14   14   16   12   16   18   29   11   14   15   14   11   12   17   16   17   17   13   25   28   17   14   15   25   15   25   16   13   14   13   14   13   13   18   16   17   13   12   13   14   17   18   11   11   12   11   11   26   15   15   17   26   15   17   14   16   13   14   18   16   13   14   17   16   16   15   15   14   12   16   11   13   15   12   16   18   16   15   17   15   14   14   14   12   12   25   13   12   18   18   13   17   18   18   13   16   16   17   16   14   17   15   13   15   13
  18    8   12    8   12   11   12    9    8    8   12   10   11   10   12   12   10   11   12    9   11    8   10    8    9   12    8   12   10   10    9   11   11   20   12   19   11    8   12    8   11   11    8   12   12    8   12    9   11   11   12   10   10    9    9    9   10   12   10   10    9    9   11   17    8   11   11    8   11   10    9    9    8    8    8   11   12   12   10   12   20   10   10   12   20    8   10   12   17   20   12   12   12    9   20   18    9    8   11   19   11    8    8   12   10    8   19   19   12    9   10    9   11    9   10    9   20    9   10    9    8   10   12   12    9    8    8    8    9   11    9   12    9   12    9    9   10    9    8   17    9    9    8    8    9    9   10    8   12   10   11   11   11   12    9   11   11   10   10   12    9   10   10   11    9   11    9    9    8   11   11   12   10   12   12    9   18    9   10   10   11   17   11    9   10   12   11   18   11   10   10   10    9    8   19   10   10    8   11   11   12    8   10   10    9   12   20   18    8    9    9   11    9   11   12   18    8   10   12   11   10   12   11    8   12    8    9    9   12   10    9   10    8   12   17   11   18   12   12   10    9   10   12   11    9   11   11   10   11    8   11   10   10    8   10   10   19   10   11   10   11    8    9   10   10   11   10    9    9    8   10   12   11   12    8   10    9   10   11   11   10    8    9    8   11    9   10   11   12   10   11    8    9   12   10    8   18   11    8   11    9   11   11   11   11   20   11    8    9   10   19   10    8   11    9   18   10   19   10   10   12    9    8   11   11    8    8   12   17   10   11    9    9    8   11    9   11    8   11   12   20    9   20   12   10   12    8    8   18   10    8    8   10   12    8   10   10   12   10   12    9   11   11   10    9    9   12   10    9    8    9    9    8   10   11   10    8   11   11    9   10   20   12    8    9   12   12    8    8   19   12   12   10    8   12    9   12    8    9   10    8    8    8   11    9   12    9   20    8   12    9    8   12   10   11   10   19   18   10   11    8   12   12    9   18   12   10   12    9   12   12   11    9   10   10   10   20    8    9   11   10   11    8    8   10    9   20   10   11    9   10    8   11   12   10   20    9   11   11   12   10   11   19    9    9   11    9   11   12   11   11   11    8   19   11    9   11    8   17    8    8   10    8   11    8   11   10   10    9   12   12   12   11   20   10   12    9    8    9    8
  10    6    4    6    4    6    6    4    6    9    5    4   10    5    5    6    4    6    5    5    6    6    5    6    5    4    4   10    5    6    5   10    5    5    5    5    5    6    5    4    6    6    6    6    5   10    6    4    6    6    5    5    6    5    6    5    4    4    4    5    5    5    4    5    4    5    5    5    4    4    5    6    5    6    5    5    6    6    6    4    6    6    4    6    6    4    5    5    5    6    6    5    6    4    6    6    9    5    6    5    5    5    6    4    6    6    6    6    5    6    5    6    5    4    5    5    6    4    4    5    6    5    5    6    6    4    6    5    5    5   10    5    5    9    6    6    6    6    6    4    6    5    5    5    4    5    6    4    6    5    6    4    6    5    6    5    5    5    6    5    5    6   10    5    6    6    5    5    6    6    5    5    6    5    5    5    4    6    5    5    6    6    4    6    5    6    5    4    4    9    6    5    5    6    5    5    6    6    5    5    6    5    6    5    9    6    6    5    4    6    4    6    6    6    5    6    5    6    6    5    5    5    6    6    6    5    4    5    6    5    6    5    5    6    6    5    5    4    5    6    5    6    5    4    9    5   10    5    5    6    5    6    5    4    6    6    5    6    6    4   10    6    5    4    6    5    5    4    4    5    4    6    5    6    4    6    6    5    6    5    5    5    6    5    6    6    6    6    6    4    4    6    6   10    5    4    5    4    5    4    5    5    6    4    4   10    6    6    4    5    5    6    4    5    6    5    5    9    4    9    5    4    5    6    4    5    4    6    6    5   10    5    6    5    5    6    5    6    4    6    4    5    5    9    6    9    4    6    6    5    9    6    4    6    6    6    4    4    5    5    6    6    6    6    5    6   10    9    6    5    6    5    6    6    6    5    5    5    5    5    6    6    6    6    6    6   10    5    4    6    5    9    5    5    5    6    4    5    5    6    5    5   10    6    5    6    5    6    6    6    5    6    6    6    5    6    6    6    5    4    9    5   10    4    5    6    6    6    5    5    5    6    6    6    5    5    6    5    9    5    4    5    6    5    6    5    5    6    6    9    5    6    6    5    5   10    6    4    9    5    5    5    4    9    9    6    6    6    6    6    5    5    9    5    5    5    5    5    5   10    5    6    5    4    5    5    6    5    5    6    4    4    5    6    6    6    5    4    4    6
  23   15   14   17   16   23   22   21   22   17   18   34   22   37   17   18   20   15   22   22   19   21   14   33   34   34   17   38   18   15   21   20   31   20   16   35   19   17   36   16   15   14   18   17   32   23   15   23   23   17   21   18   19   19   21   18   17   16   20   21   15   19   17   37   16   22   21   22   15   37   32   20   16   23   20   22   23   17   17   21   16   16   20   20   37   23   18   21   22   35   34   32   37   20   37   18   22   14   18   37   19   22   17   15   22   23   22   17   17   18   16   22   21   17   15   14   18   21   19   19   18   18   20   22   17   19   22   15   21   20   20   38   16   20   21   18   22   15   31   14   23   19   18   18   14   16   18   17   16   22   18   19   15   17   18   18   16   15   14   21   20   15   19   18   20   18   22   15   15   18   15   20   19   18   20   38   18   32   20   16   16   23   17   22   17   20   18   15   18   18   18   19   14   14   14   17   15   15   18   31   19   19   15   34   21   18   15   18   32   21   14   21   23   16   20   18   19   16   14   14   35   33   22   14   22   23   23   22   21   19   16   17   15   16   16   21   18   15   22   19   22   22   35   16   18   16   16   17   22   21   16   20   17   15   18   17   17   19   20   23   21   22   18   31   16   18   16   17   23   19   19   23   15   18   23   21   22   19   35   18   21   21   20   22   16   17   17   20   16   15   16   16   16   21   37   22   16   16   19   34   20   17   20   19   16   22   19   16   19   23   22   23   35   20   17   21   16   23   18   14   14   17   35   36   36   37   23   34   16   17   20   16   16   16   14   17   20   19   19   20   35   15   17   16   15   21   19   18   16   22   18   19   14   15   22   21   15   38   22   22   21   18   22   14   21   23   17   14   16   36   20   22   22   20   16   18   16   32   21   17   38   20   15   16   19   22   15   15   22   21   18   17   20   21   21   23   23   16   18   22   15   15   17   19   34   15   17   18   35   23   21   21   23   18   16   20   17   21   17   21   19   36   16   15   19   18   14   15   36   19   17   15   19   36   18   21   32   18   17   15   19   23   17   16   22   15   14   20   16   16   15   18   19   14   22   20   16   17   22   22   21   16   18   16   35   14   17   19   22   18   22   22   20   18   23   16   34   17   17   21   17   15   23   20   16   22   21   19   34   20   34   18   17   18   15   16   20   19   16   22
   4   10    4    6    6    5    9    5    5    6    6    6    6    5    5    5    9    6    5    6    6    6    5    6    6    6    5    9    4    4    6    6    5    6    6    6    4    6    5    6    6    5   10    4    6    5    6    6    5    6    4    6    5    5    5    6    5    5   10    9    6    6    6    6    6    4    4    6    5    5    5    6    4    4   10    9    5    5    6   10    5    4    4   10    6    4    4    4   10    6    4    4    6    6    4    4    6    5    6    6    6    6    6    5    5    5    6    6    5    4    4    5    5    5    6   10    5    5    6    6    6    5    6    4    5    4    5    6    6    5    5    5    4    6    4    6   10    9    6    6    6    6    6    5    5    6    4    6    4    5    6    6    5    6    6    4    5    5    6    6    6    6    6    4    6    4    4    6    5    5    4   10    5    9    4    6    5    4    5    5    5   10    5    5    4    4    5    5    5    5    6    6    5   10    6    5    6    9    6    6    5    5    4    6    6    6    6    5    5   10    5    9    6    5    6    5   10    6    4    5    6    6    6    5    5    6    6    9   10    6    9   10    4    4    4    4    6    6    5    5    6    6    6    6    6    6    5    6    6    5    6    6    6    5    4    5    5    5    6    6    5    4    5    5    5    5    6    5    6    5    6    5    5    6    6    5    9    4   10    5    5    5    5    6    9    6    4    9    6    6    6    5    6    9    6    9    4    4    4    4    5    6    4    5    6    5    6    6    5    6    5    5    5    5    5    5    6    6    4   10    6    6    6    4    6    5    4    5    4    5    5    6    5    4   10    5    6    5    5    4    6    5    6    5    5    6    5    4    6    9    6    5    9    5    6    4    5    6    5    6    5    4    5    5    6    4    6    6    4    4    6    6   10    5    5    5    6    5    4    6    6    6    5    6    6   10    6    6    4    6    6   10    5    5    5    6    6    6    4    6    6    5    5    5    5    6    9    4    5    5    5    4    5    4    5    6    9    4    4    6    6    6    6    6    5    6    6   10    5    6    5    4    6    6    6    5    6    6    6    6    5    9    5   10    9    6    4    6    6    4    5    6    6    6    5    4    6    6    5    6    6    5    6    4    4    4    6    6    6    5    5    6    6    5    6    6    6    5    5    5    5    5    5    6    6    5    5    6    6    6    5    5    6    5    5    5    5    4    4    5
  13   13   17   12   13   14   16   14   12   27   16   12   12   16   16   18   17   17   17   13   16   25   14   28   12   17   14   14   29   17   12   17   25   13   14   13   17   16   25   14   25   18   15   25   15   17   15   16   18   15   12   14   29   13   17   18   16   13   14   12   15   16   17   16   17   15   15   11   15   17   18   15   18   27   16   16   18   30   13   16   11   17   18   15   13   18   16   18   14   18   12   12   14   11   16   29   13   18   13   14   12   17   13   12   16   18   17   18   15   18   14   17   15   14   12   12   28   12   16   16   18   13   14   12   13   14   14   15   29   15   14   18   30   18   11   14   16   17   13   13   13   12   29   29   16   15   18   14   17   13   18   18   17   16   13   15   14   17   16   13   14   14   17   27   16   12   18   29   17   13   16   17   16   11   12   15   12   16   13   14   18   28   18   26   13   12   26   17   16   17   18   13   15   27   18   15   16   14   16   30   13   14   16   18   15   12   18   16   17   17   17   11   26   15   13   14   15   18   16   13   26   14   13   11   15   18   16   16   16   18   15   14   18   12   12   30   14   16   16   13   18   12   28   15   16   16   12   17   14   14   18   30   13   15   29   16   15   12   14   15   14   12   16   15   26   17   17   17   15   15   14   17   15   18   17   18   12   17   15   15   16   25   12   18   15   14   18   13   25   14   15   29   15   16   14   12   12   17   26   18   14   17   12   26   29   18   26   15   13   14   12   13   12   18   12   29   29   13   18   16   13   30   12   15   14   14   29   29   12   13   17   18   15   17   14   15   18   13   11   12   18   11   17   18   17   27   14   25   16   11   15   18   17   29   28   13   14   13   13   13   12   14   14   17   15   14   13   25   18   27   16   16   14   16   17   18   16   14   18   16   18   14   18   12   13   15   17   16   13   14   30   14   13   12   14   13   18   18   18   17   16   16   12   12   13   25   28   25   13   18   12   28   18   17   12   14   12   15   15   11   12   13   15   12   17   16   26   13   15   13   18   16   13   13   25   13   14   18   14   13   18   15   13   11   16   12   17   17   17   18   11   17   16   18   30   12   15   18   14   16   26   12   12   13   18   13   13   15   13   15   18   11   12   12   17   16   15   12   17   14   17   17   18   18   17   18   12   18   14   15   13   18   16   14   18   13   13   16   18   16
   5    4    6    5    6    6    5    5    6    5    5    5    5    9    4    4    4    5    5    6    6    4    6    6    4    4    5    6    5    6    6    4    4    5    5    6    5    5    6    5    5    4    4    5    6    6    4    5    6    5    9   10    9    6    5    4    5    6    6    6    5    5    6    4    6    6    5   10    6    4    4   10    5    4    6    4    6    6    5    6    6    5    6    5    4    5    6    5    5    5    6    4    6    9    5    5    5    5    6    6    6    4    4   10    6    5    6    4    9    6   10    5    4    5    5    5    4    4    6   10    6    6    4    6    4    6    5    5    9    5    6    6    5    6    5    6    6    5    6    6    5    5    5    4    5    5    4    4    4    5    4    6   10    4    6    5    5    6    5    5    5    5    6    5    5    6    5    9    4    5    4    5    5    6    6    4    5    5    6    5    6    5    5    6    5    4    5    6    6    6    9    5    6    5    5    5    5    4    9    9    5    9    6   10    5    4    5    5    6    6    6    6    6    6    4    5   10    5    5    6    6    5    4    6    6    9    5    5    6    4    6    6    6    5    4    6   10    5   10    5    5    5    6    6    6    6    4    5    5    5    6    6    6    6   10    6    5    6    5    9    9    5    5    6    6    6    6    5    6    9    5    5    5    6    6    9    5    5    6    5    5    6    6    6    6    5    6    4    6    5    6    6    6   10   10    6    5    5    5    5    6    6   10    9    6    9    4    5    6    4    5    6    5    5    6    5    4    6    6   10    6    5    6    5    6    6    5    6    5    4    5   10    9   10    5    6   10    5   10    6    6    9    5    9    6    4    5    6    4    6    5   10    9    5    6    6    6    4    4    5    6    9    5    6    6    4    4    9    6    5    5    5    5    6    6    4    5    6    5    5    6    6    6    5    6   10    5    5    6    4    6    5    5    6    6    6    5    6    5    5    5    4    5    5    6    6    6    4    5    4    6    6    5    6    5    5    5    5    6    5    5    6    6    4    4    5    6    6    6    6    9    6    6    4    5    5   10    5    4    5    6    6    5    5    4    4    5    5    4   10    6    4    6    6    5    6    6    4    5    6    5    6    5    5    6    6    5    6    6    6    5    5    5   10    5    6    6    6    6   10    5    5    5    5    4    9    5    5    5   10    6    5    4    4    5    5    6    4    5    6
  18   17   12   14   16   14   14   15   18   17   29   16   13   14   16   12   12   15   16   17   15   12   13   26   26   16   18   16   15   18   14   16   12   14   15   15   17   12   16   18   12   18   18   16   14   17   16   15   14   15   18   13   17   25   12   15   18   14   17   16   14   16   12   18   17   14   14   18   14   14   16   14   16   14   18   25   14   13   18   18   12   17   13   14   14   18   12   14   14   17   15   29   15   28   12   16   15   13   14   17   13   13   14   12   13   29   11   16   11   15   17   25   13   12   18   16   18   14   27   17   16   17   15   29   15   15   13   15   14   15   17   14   17   13   28   16   16   15   28   18   18   12   14   12   12   12   14   18   11   13   12   13   14   15   12   12   25   15   16   13   18   13   25   15   16   16   17   12   13   16   12   13   17   12   18   16   26   29   18   15   29   14   30   18   13   18   13   13   18   14   12   18   13   12   15   13   16   17   13   12   14   15   17   14   11   12   12   16   15   15   12   17   15   15   15   17   17   18   18   14   15   15   13   14   13   16   16   13   16   13   17   17   29   13   25   18   27   12   28   15   17   18   13   13   13   13   13   13   13   18   14   17   16   29   17   18   12   15   27   18   13   14   16   25   17   17   12   15   18   26   12   18   12   13   17   18   14   18   12   16   16   18   14   14   18   12   13   26   13   11   17   17   12   15   14   14   12   14   13   18   18   17   16   18   18   12   15   17   14   18   14   13   14   13   13   12   16   13   29   13   17   17   17   15   17   12   12   17   14   11   17   18   13   14   30   28   18   29   18   18   13   18   12   27   16   18   18   17   13   13   12   14   18   15   18   18   15   29   17   13   14   14   15   14   18   27   14   16   12   17   15   15   18   15   14   15   17   13   14   14   13   16   16   13   18   16   30   13   18   15   30   17   15   17   17   18   18   18   14   14   14   14   15   14   15   16   18   12   18   26   14   12   12   18   16   14   17   18   13   15   18   27   18   18   18   18   17   16   13   16   18   16   17   12   25   17   16   18   11   11   13   16   16   16   17   13   18   16   18   13   13   14   16   16   14   16   27   17   11   14   13   18   15   14   16   17   12   18   16   15   14   30   18   14   14   13   16   18   18   16   14   14   18   13   16   15   15   11   18   18   16   13   12   14   11   14   17   15   14   17
   5    9    5    6    6   10    5    5    5    4    4    6    6    6   10    5    6    6    5    4    6    6    5    5    9    6    5    6    5    9    5    5    6    5    5    5    6    6    6    5    5   10    4    6    5    6    6    6    5    5    6    6    5    5    4    5    5    4    4    6    5    6    6    4    6    6    4    6    6    5    4    6    6    6    5    4    5    6    5    6    6    5    4    6    6    5    9    6    4    9    5    6    6    5    5    5    6    5    6    5    5    6    4    5    5    5    6    4    5    5    6    5    5    6    5    6    6    5    6    5    4    5    9    6    5    6    5    6    9    9    5    6    6    5    6    5    6    6    5    6   10    5    5    4    6    9    6    6   10    5    5    6    5    6    6    5    6    4    4    5    6    6    5    6    5    4    5    4    5    5    6    6    4    9    4    5    6    6    6    6    5    5    6    5    5    6    5    9    5    4    6    4    4    6    9    6    4    4    6    5    5    5    5    4    4    4    4    5    5    6    4    5    6    5    9    6    5    5    5    5    5    5    6    4    6    9   10    6    4    5    5    5    4    4   10    5    5    5    6    5    5    6    6    6    4    4   10    5    4    6    5    6    6    5    4    6    9    5   10    5    4    5    5    5    5    5    6    5    5    6    6    5    5    5    4    6    6    5    6    5    5    6    5    6    5    6    6    9    6    6    6    5    5    5    6    5    4    5    6    5    9    9    5    6    4    5    5    5    5    6    5   10    4    6    4    4    6    5    5    5    9    5    5    6    6    6    5    6    4    6    6    4    6    6    4    5    5    5    5    5    6    6    5    5    6    5    5    5    5    6    6    9    6    5    5    6    6    6    5    5    6    4    5    6   10    6    6    6    6    4    6    4    5    6    6    4    5    5    4    4    6    5    5    4    5   10    4    5    5    5    5    6    5    6    4    5    5    5    6    6    5    4    5    6    4    6    4    6    5    6    6   10    6    5    6    4    5    9    5    5    5    9    6    6    5    6    4    6    5    6    9    5    5    6    4    5    4    5    6    5    5   10    4    5    6   10    5    5    6    5    4   10    5    6    6    6    4    6    4    5    6    5    4    6    6    5    6    4    5    4   10    6    5    5    6    6    5    5    5    5    5    5    6    4    5    6    6    4    5    5    6    5    6    5    5    6    5    6    5    6
  17   17   16   17   17   19   16   18   14   27   16   18   16   20   19   14   15   13   17   15   31   16   19   29   14   19   31   19   15   20   20   13   15   19   16   17   14   16   19   13   17   13   19   17   15   19   15   17   15   30   16   20   17   19   18   17   12   14   15   16   15   19   17   18   16   14   18   15   17   14   13   19   17   12   19   17   15   16   14   18   14   29   15   13   15   32   17   18   12   17   16   16   18   17   13   16   28   12   17   15   16   19   14   19   17   32   32   17   27   18   17   14   13   17   16   15   13   14   17   18   19   18   16   15   14   16   16   15   18   16   13   31   19   17   32   20   18   19   19   14   27   16   13   18   19   15   14   14   13   15   16   19   19   14   16   19   14   20   20   12   18   16   14   14   20   20   31   18   14   18   13   31   14   19   15   17   19   16   13   16   18   15   14   14   16   13   15   19   13   18   16   14   17   17   17   14   17   18   18   17   16   16   18   17   16   14   18   29   18   17   19   15   18   14   18   28   12   17   16   17   17   16   13   28   18   14   19   13   16   15   15   13   15   31   14   19   13   19   17   14   12   20   20   19   17   14   16   13   17   15   20   13   28   19   27   13   14   18   19   14   13   19   20   19   19   18   18   17   19   18   12   15   16   18   19   18   16   19   18   15   15   14   12   14   15   20   28   18   18   17   13   15   16   15   32   18   18   19   18   18   14   28   16   12   14   17   15   29   20   19   30   16   18   20   13   16   15   17   12   15   14   18   33   16   18   15   15   15   30   18   12   14   20   17   13   14   32   15   19   14   19   15   15   16   20   18   19   17   12   13   17   15   17   18   17   15   13   30   18   16   17   15   18   18   18   16   16   13   19   17   18   14   15   17   15   14   17   18   14   12   14   20   15   17   18   17   16   19   32   17   18   32   17   18   18   15   14   20   13   18   29   16   18   13   15   14   17   16   17   15   17   14   15   16   18   19   32   19   15   18   30   13   13   20   13   15   20   31   17   29   19   19   13   16   15   19   16   12   13   20   16   12   15   16   20   31   17   17   33   20   17   16   19   17   12   13   15   20   17   19   28   14   15   30   28   19   13   12   17   12   18   14   19   14   17   18   18   27   19   30   13   15   20   14   18   15   27   18   31   15   30   14   14   20   18   13   20   13   14   15
  12   14   12    9   14   13   10   11   12   13   13    9    9   10    9   12   10   11    9    9    9   13   21    9   11   13   11   12   12    9   12   13   11   10   13   13   10   10   10    9   11   10   12   10   12   10   11   11   10    9   14   13    9   11   22   12   10   14   12   14   10   10    9   11    9   12   19   11    9   14   12    9    9   12    9   12   10   11   11    9   14   13   10   13   19   14   10   11    9   12   11   12   14   13   14   13    9   11   13   11    9   10   12   11   21   13   10   10   12   13   10   13   13   23   11   14   11   13   13   14   10   11   13   12   11   13   13   10   23    9   12   21   14   12    9   11   10   12   13   11   13   14   12   11   11   12   10   12    9   12   23   12   10    9   14   14   13   10   12   10    9   13   11    9   10   21   14   21   13   11   13   14   22   13   10   21   13   10   19   10    9   13   11   21   11   12   11   14    9   13   11    9   11    9   13   20   11   11   12   12   21    9   13    9   13   10   20    9   11   21   12   10   11   11   10   22   10   10   10    9   13   12   22   11   10   11   14    9   12   11   14    9   14   13   19   10   13    9   13   10   11   14   12   13    9   10   11   14   12   12   13   10   11   10    9   10   13   21   10   11   12   11   22   13   14   12   13    9   12   11   13    9   11   13   11   11   10   10    9   19   12   13   11   12   14   10   14   12   13   13    9   11   10   21   11   13    9   13   12   13   13    9   13    9   11    9   12    9   12   11   10   13   14    9   21   19    9   11   12   21   13   23    9   10   14   10   12   13   10   11   11   19   11   12   12    9   22   11   14   11   21   10   10   20    9   11   20    9   11   13   14   14    9   11   13    9   11   10   10    9   11   14    9   12   11   10   13    9   13   12   10   11   13   12   11   11   11   12   12   14    9    9   11   12   13    9   10    9   13   12   19   11    9   10   11   11   12    9   12   12   14   22   11   12   11    9    9   11    9   11   11   10   12   11   14   21   10   11   19   13   23   11   10   11   11   11   12   14   13   12   12   14   13   10   12   13   10   19    9   11   14   13   11   12   12   13   14   10    9   11   12   13    9   13    9   10   12    9    9   14   13   12   11   13    9   10   19   11   11   22   11   10   13   14   14    9   23   14   13   12   14   10   13   13   10   12   12   11   11   11   13    9   20   19    9   12   13   19   12   10
  15   23   19   18   23   19   16   20   20   18   20   22   18   21   18   21   15   20   14   14   21   20   21   21   18   15   21   17   17   22   22   22   18   31   15   20   17   20   17   33   22   16   19   20   38   15   19   21   20   22   17   16   16   18   21   20   14   16   23   19   19   23   32   18   18   21   17   22   15   14   22   23   23   38   22   16   19   19   35   16   17   15   22   31   15   15   23   21   21   16   14   33   18   22   14   33   22   14   17   19   18   17   23   16   18   15   19   14   18   14   21   23   14   16   14   34   16   15   19   19   17   20   18   18   21   18   14   19   22   22   21   14   15   20   22   19   19   20   23   21   21   21   17   18   33   22   14   18   18   22   22   16   17   14   15   31   35   19   23   20   19   18   23   31   15   19   14   19   17   20   16   34   20   19   19   22   17   15   22   20   20   15   18   22   21   35   22   34   14   20   21   22   21   37   37   34   20   20   14   17   16   18   36   21   20   15   18   14   19   21   16   23   17   36   22   34   22   20   21   17   15   32   32   32   22   17   15   14   34   15   18   14   22   32   14   15   17   22   16   20   22   16   20   16   19   22   33   22   15   22   23   20   19   32   16   32   18   20   21   18   18   23   19   23   17   35   38   16   18   17   22   15   20   21   22   18   17   17   35   15   15   20   15   14   23   20   16   16   16   17   19   22   22   16   20   20   17   34   21   21   21   21   35   18   20   20   14   16   17   15   16   23   19   21   17   15   20   21   33   19   17   34   18   20   18   18   15   17   18   23   19   20   14   20   14   18   18   15   17   31   34   19   16   17   19   15   20   15   19   17   18   18   31   23   15   22   18   18   15   14   23   20   14   14   21   15   18   15   34   22   20   14   17   16   19   16   17   21   35   22   20   19   20   17   14   14   22   16   14   21   19   19   21   21   21   16   36   19   21   19   22   19   21   20   18   15   17   18   22   31   15   19   21   22   19   19   38   17   20   15   18   20   19   14   15   15   16   22   15   19   17   20   33   32   17   18   17   23   32   15   15   20   15   16   31   19   22   17   23   21   22   21   16   22   15   23   16   18   18   14   35   38   19   15   35   22   17   38   21   14   23   38   34   20   22   20   23   16   15   19   22   20   18   33   20   36   17   20   14   23   22   23   19   22   19   22   15   14   18   36
  11   15    8   10    9    9    7    7   10   11    7    7   10    8    9   11   15    9    7    7    7   10    9    9   10   11   11    8    9   10   11    7    9   17    8    8   16    9   10   10   17    9    8   11   10   15    9   10   10    9   10    8    9   11   10    9    8    8   11   11   10    8    9   10    9    9   11    7    9   10   11   11   10   10   11    7   11   11    8    7    7   11   10   10    8   11   17    9   17    9   10   17   17    8    9    7    8   11   11   10    8    9    7    9    9    8    7   10   10    8   10    8   10   10    7   18   10    8    8    9    9    8   17    9    7    8    9   10    8   10    9   11    9   11   16    9    7   10   10   11   10    9    8    9   11   10   10   15    8    8   10    9    7    9    9   10    7   11   16    8   10    8    9    7   15    9    9   10    9   10    8    8    8    9   16    9   10    9    9   18    8   16   10    7    7    8   10    9   10   10   11   10    7    9   10    7   16   11    7    8    7    8   10    8   11    8   11    7   10    9   10    7    9    7    7    8    9    9   10   10    8   17   10    7   11   17    9   10   10    7    9    8    7    9    7   11   11    8   11   11   17    9   11    9   11   15    9   10    7   10   10    7   17    8    9   10    7    7    7   15   11   10   10    9   15    8   10   11   10    9   10    9    9    8    9    9    8   10   10   16    9    8   17    7   10   10   10   17    9    7   11    9   10   10    8   18    8    8   11    7    8   10    7    9    8    9    8    8   11   10    8   17    7   11    9    8    7   11   10   10   15    8    9    8    9    8    9    7   10    7   11   10    7   11    7    7    9    9    9   16   10   10    8   10    7    8    8    7   10    7    9    8    8    8    7    9   10   11    9    9    9   11   10   16    7   17   11   11    8    8    8   10    8   10   11   15    9   10    9    8    7   10    9   10   11    7    9   15    8   10   11   10    9    9    8    7   10   17    8   10    7   11    8    9    9   10   11   11    8    8   10   10   10   11    8    7    8   15    9   11   10   11   10    9    9    9    7   10   11   10    7   11    8    7   10    7   11   10   18    8    8   10    9    7    9   16    8    7    9    8    8    8    8    9   11   18    8    7    8    8    8   11   10    8    8   11   17   11   10    9    8    8   10    7   17   10    8    9   10    7    7    7    8    8    8    9    7   15    9    8    8    8   11   16   11    9    8   11   10   15
   7   10    8   10   10   11   10   10    8    8   11   10    8   11    9   10   10    8   10    7    7   11    9    8    9    8   11   10   11   15   10    8   10   10   10    8    8    7    8   15    8   18    8    8   17    9   18    9    9    9   10   10    8   15    9   10   10    7   10   10   11   10    8    8    9    9   15    8    8    7   16   11    7   17    9    8    7   10   10    8    9    9    8   16   15    9    7   18    8    9    7   10    9    7    8   10   10    7    8    8    9   10    8   16    8    8   10   11    7    9    9   10   10    9    9   11    7   11   10    8    9    8    8    9   15   11    9    8    7    9   11    7   18   10    8   10   10    7   11    9    9   10    9    8   11   11   10   10    8    9    8    9    8    8    7   10    8    9   10    8    9   15   17   10    8    7    8    9   10   10    8    7   10   11   17   10   10    9   15    9    8    8    9   17   17   11    9   15    9   16   17    8    8    9   10   16   11   11   11    9   15   11    9    9   11   11   10   10   18    9   10   10   10    8    9    9    9   10    9    8    8    8   11   15    7    8    8   10    8    7    9    8   10    7    8    9   10   16    7   10   10    7    8   16   10   10    8   10   10   11   10    8    7    8    9    8    9    8   11   16    8   11    7    9    7   10    9    8    7    9   10    9    8    8   10    7    9   10   15    9    8    8    8    7    8    9   16   10   15    8    8    9    8    8    8    8    8    8    9   10    8    8    7    9    9   10    7    9    7    9   10   11    7    8    8   11    7    8    9   10   11    8    8    8    8   11   18    8   10    8   10    8   17   10    9   10   10    9    9   16    9    8    8    8   10   11    8    9   10    7    7   11   16    7    7    7   11    9    8    9    8    9   17   16   10    8   11   15   11    9    7   10    8    7   11    7    7   10   10    9   17   15   10    7    8   10    9    9    7   18    9    9   10   10    9   10   11   16   10    8    9    9    8   16    8   10    7   15    9    8   11   10    8   10    9    7    8   11    7   10   10    9    7    8   15   10   10   10    8    9    9    7   11   10    8    7   10    9    9   11   10    9   16    8    8   11    7    9    8   10    9    9    9   10    7    9    9   10    9    8    9    7   11   11   16    8    9    9   17   10   11   10   18    7   15    9    7   10   15    8   15    7    8    7    9    8   17   10    9   11   10   10    8   10    7    7    9    9    7    8
