spsp
18
2
500
50 16 52 44 55 14 11 58 52 54 49 32 60 41 21 39 49 64 
95 69 114 116 110 75 79 126 122 126 107 98 134 98 79 90 101 115 
10 10 
0.002 0.002 0.002 0.002 0.002 0.002 0.002 0.002 0.002 0.002 0.002 0.002 0.002 0.002 0.002 0.002 0.002 0.002 0.002 0.002 0.002 0.002 0.002 0.002 0.002 0.002 0.002 0.002 0.002 0.002 0.002 0.002 0.002 0.002 0.002 0.002 0.002 0.002 0.002 0.002 0.002 0.002 0.002 0.002 0.002 0.002 0.002 0.002 0.002 0.002 0.002 0.002 0.002 0.002 0.002 0.002 0.002 0.002 0.002 0.002 0.002 0.002 0.002 0.002 0.002 0.002 0.002 0.002 0.002 0.002 0.002 0.002 0.002 0.002 0.002 0.002 0.002 0.002 0.002 0.002 0.002 0.002 0.002 0.002 0.002 0.002 0.002 0.002 0.002 0.002 0.002 0.002 0.002 0.002 0.002 0.002 0.002 0.002 0.002 0.002 0.002 0.002 0.002 0.002 0.002 0.002 0.002 0.002 0.002 0.002 0.002 0.002 0.002 0.002 0.002 0.002 0.002 0.002 0.002 0.002 0.002 0.002 0.002 0.002 0.002 0.002 0.002 0.002 0.002 0.002 0.002 0.002 0.002 0.002 0.002 0.002 0.002 0.002 0.002 0.002 0.002 0.002 0.002 0.002 0.002 0.002 0.002 0.002 0.002 0.002 0.002 0.002 0.002 0.002 0.002 0.002 0.002 0.002 0.002 0.002 0.002 0.002 0.002 0.002 0.002 0.002 0.002 0.002 0.002 0.002 0.002 0.002 0.002 0.002 0.002 0.002 0.002 0.002 0.002 0.002 0.002 0.002 0.002 0.002 0.002 0.002 0.002 0.002 0.002 0.002 0.002 0.002 0.002 0.002 0.002 0.002 0.002 0.002 0.002 0.002 0.002 0.002 0.002 0.002 0.002 0.002 0.002 0.002 0.002 0.002 0.002 0.002 0.002 0.002 0.002 0.002 0.002 0.002 0.002 0.002 0.002 0.002 0.002 0.002 0.002 0.002 0.002 0.002 0.002 0.002 0.002 0.002 0.002 0.002 0.002 0.002 0.002 0.002 0.002 0.002 0.002 0.002 0.002 0.002 0.002 0.002 0.002 0.002 0.002 0.002 0.002 0.002 0.002 0.002 0.002 0.002 0.002 0.002 0.002 0.002 0.002 0.002 0.002 0.002 0.002 0.002 0.002 0.002 0.002 0.002 0.002 0.002 0.002 0.002 0.002 0.002 0.002 0.002 0.002 0.002 0.002 0.002 0.002 0.002 0.002 0.002 0.002 0.002 0.002 0.002 0.002 0.002 0.002 0.002 0.002 0.002 0.002 0.002 0.002 0.002 0.002 0.002 0.002 0.002 0.002 0.002 0.002 0.002 0.002 0.002 0.002 0.002 0.002 0.002 0.002 0.002 0.002 0.002 0.002 0.002 0.002 0.002 0.002 0.002 0.002 0.002 0.002 0.002 0.002 0.002 0.002 0.002 0.002 0.002 0.002 0.002 0.002 0.002 0.002 0.002 0.002 0.002 0.002 0.002 0.002 0.002 0.002 0.002 0.002 0.002 0.002 0.002 0.002 0.002 0.002 0.002 0.002 0.002 0.002 0.002 0.002 0.002 0.002 0.002 0.002 0.002 0.002 0.002 0.002 0.002 0.002 0.002 0.002 0.002 0.002 0.002 0.002 0.002 0.002 0.002 0.002 0.002 0.002 0.002 0.002 0.002 0.002 0.002 0.002 0.002 0.002 0.002 0.002 0.002 0.002 0.002 0.002 0.002 0.002 0.002 0.002 0.002 0.002 0.002 0.002 0.002 0.002 0.002 0.002 0.002 0.002 0.002 0.002 0.002 0.002 0.002 0.002 0.002 0.002 0.002 0.002 0.002 0.002 0.002 0.002 0.002 0.002 0.002 0.002 0.002 0.002 0.002 0.002 0.002 0.002 0.002 0.002 0.002 0.002 0.002 0.002 0.002 0.002 0.002 0.002 0.002 0.002 0.002 0.002 0.002 0.002 0.002 0.002 0.002 0.002 0.002 0.002 0.002 0.002 0.002 0.002 0.002 0.002 0.002 0.002 0.002 0.002 0.002 0.002 0.002 0.002 0.002 0.002 0.002 0.002 0.002 0.002 0.002 0.002 0.002 0.002 0.002 0.002 0.002 0.002 0.002 0.002 0.002 0.002 0.002 0.002 0.002 0.002 0.002 0.002 0.002 0.002 0.002 0.002 0.002 
  27   20   29   21   27   32   18   25   27   29   25   19   20   17   26   23   32   22
  30   32   30   33   29   45   39   33   30   52   30   52   45   40   53   42   33   50
   8   10   10    4    2    3   10    4    6    2    2    7    4    9    5    4    6    8
   7    9    8   10    2   10    9    5    5    4    5    3    6    2    8    7   10    2
  25   12   21   25   25    6    6   12    3   11   16   12   18    8    4   15    8   18
  11    6   11    3    5   15   13    7    9   14   11    6   14    4    8    5   15    8
  34   36   30   37   35   35   38   25   27   32   33   26   33   37   24   26   26   94   25   36   28   28   23   34   31   83   24   33   36   36   34   77   31   25   31   33   91   29   31   34   34   26   25   26   32   34   31   23   34   31   25   24   24   24   95   30   33   24   34   37   37   38   34   29   34   25   31   37   34   37   24   36   33   32   35   27   83   83   25   33  100   91   26   25   35   36   38   33   36   37   24   29   32   28   27   30   25   37   25   37   95   38   38   24   28   38   32   31   24   80   28   23   28   26   29   34   24   24   30   29   27   24   30   32   31   33   28   30   37   28   28   26   28   29   33   23   32   30   38   30   91   34   36   28   27   29   24   23   80   27   37   28   83   99   35   35   86   38   29   36   25   87   33   26   88   31   28   83   27   32   36   38   36   34   88   28   33   35   30   26   26   37   32   33   24   36   34   32   38   25   24   26   24   80   32   26   25   27   98   24   35   33   82   24   87   35   24   29   32   25   38   24   30   27   26   26   24   95   37   30   25   34   23   27   32   33   28   37   34   32   32   26   38   24   32   29   33   35   28   36   35   37   33   29   37   35   38   34   80   31   30   80   37   35   28   29   34   30   31   25   85   36   82   31   30   26   32   35   29   25   29   38   23   29   33   31   31   36   29   25   77   32   25   27   31   31   38   31   29   24   30   24   30   27   37   30   30   26   36   34  100   27   35   28   82   24   38   24   30   26   35   86   30   26   33   24   36   26   31   31   24   26   24   26   33   34   23   38   29   34   31   26   30   32   31   32   30   92   35   26   32   33   33   25   24   25   37   25   23   29   30   33   92   29   26   31   33   35   32   35   33   26   24   36   37   24   29   33   37   24   36   86   36   31   37   29   37   25   31   83   33   31   35   26   36   31   34   30   30   27   24   80   36   37   24   26   35   36   24   30   30   30   25   29   25   28   34   37   79   36   29   30   36   27   29   25   83   33   34   33   24   31   32   23   31   38   29   31   36   31   34   26   37   37   87   26   28   34   24   32   82   31   31   38   28   34   36   33   24   26   25   35   30   24   34   35   33   30   31   25   29   26   33   33   26   24   28   31   24   29   24   37   31   30   84   26   28  100   26   25   35   27   31   29   29   32   31   25   30   31   91   31   36   26   35   27   30   30   34   88
  16   14   12   13   27   14   18   27   12   14   18   14   15   18   26   29   18   27   15   12   17   12   17   12   13   16   13   14   11   17   11   15   17   17   18   12   11   17   16   12   14   16   13   18   27   12   17   14   16   15   13   14   16   25   16   18   18   17   15   15   26   13   18   14   12   12   18   16   15   18   13   13   11   17   16   14   15   17   14   17   15   14   26   17   29   16   11   15   15   12   18   13   16   12   16   17   13   25   29   30   12   25   28   18   12   15   16   27   12   14   17   12   17   17   15   18   18   13   14   16   18   12   16   13   16   26   14   13   15   14   16   17   18   18   16   30   11   14   15   17   16   14   13   16   17   14   11   18   27   30   11   15   14   27   17   17   12   17   15   15   15   27   14   13   17   18   12   16   17   16   12   18   17   17   15   12   17   12   13   17   13   13   14   14   25   27   17   12   16   17   28   28   16   29   14   13   17   14   15   12   14   17   13   26   27   16   14   15   13   28   16   16   14   18   16   15   18   18   16   14   18   18   18   13   25   13   16   16   18   16   17   12   13   25   14   12   17   17   16   11   16   17   13   16   14   12   18   12   16   14   15   15   18   13   12   14   25   12   14   15   17   13   25   15   15   12   15   28   14   15   17   15   17   15   11   11   15   14   18   16   14   30   14   13   14   14   17   12   14   14   14   17   27   15   15   17   18   17   12   15   12   14   11   27   17   12   18   14   17   29   17   18   14   15   16   18   13   16   11   17   12   17   13   11   17   12   13   17   16   28   30   14   13   14   29   18   11   17   14   30   18   14   16   28   17   14   13   18   16   12   17   14   25   18   15   17   14   11   14   12   18   13   16   18   30   15   15   12   12   13   12   17   16   29   18   12   15   12   17   12   18   13   13   30   16   11   14   17   15   17   12   16   13   16   27   15   12   27   26   18   18   18   12   26   12   18   15   11   25   15   11   15   17   25   16   16   16   15   25   18   13   17   16   12   16   12   16   18   15   18   30   14   12   26   11   11   12   17   14   12   15   17   17   18   14   17   18   18   29   15   15   15   15   15   11   18   15   15   18   17   11   14   30   14   12   15   12   17   13   14   14   18   13   28   29   15   12   14   18   18   17   25   15   12   12   12   16   12   26   11   14   18   28   18   15   14   15   26   17   18
  22   24   26   72   24   26   26   26   24   67   23   25   22   28   21   22   30   29   28   30   30   23   20   22   24   20   29   73   29   22   65   19   27   23   31   31   28   27   27   29   20   26   25   30   27   23   31   29   69   20   66   65   28   28   21   21   29   22   26   23   21   30   29   19   25   29   29   23   29   30   20   21   25   28   30   68   31   29   25   28   31   27   23   25   69   20   25   31   25   22   68   29   30   20   21   29   31   29   23   25   25   65   31   27   31   28   20   26   22   22   30   19   24   27   23   32   30   26   25   24   21   27   30   21   31   30   24   73   31   27   29   29   27   19   24   27   28   22   25   20   32   79   25   31   31   29   28   25   28   27   21   25   26   26   82   79   31   73   21   29   20   80   24   24   20   77   20   20   27   80   27   26   27   27   69   30   26   30   25   29   70   24   28   25   29   22   20   24   78   26   27   31   69   23   30   29   20   31   26   29   25   28   26   25   22   31   69   30   30   31   31   22   77   28   22   27   81   30   20   66   30   21   20   26   26   28   29   29   20   24   27   29   31   30   23   26   25   24   29   32   22   25   31   26   22   23   26   28   31   27   27   26   21   23   20   22   24   30   30   20   24   24   27   80   28   65   20   22   77   23   28   71   30   25   24   24   31   20   23   26   28   31   31   27   23   20   26   32   29   27   20   22   67   22   21   22   24   24   27   26   29   31   26   28   27   23   27   22   21   26   31   28   22   22   31   22   27   23   27   20   74   27   28   27   66   29   23   23   26   25   22   25   71   71   25   25   21   25   26   20   31   25   80   31   21   25   25   26   73   26   30   22   20   27   28   29   24   26   24   32   24   28   23   25   28   23   27   30   28   28   30   21   22   30   29   26   28   26   30   27   71   24   23   20   68   29   27   29   26   23   82   27   26   22   22   64   21   30   30   27   73   30   31   26   28   21   24   28   20   30   29   80   22   27   27   26   79   30   30   27   25   24   20   30   26   30   27   28   27   30   25   22   24   29   22   21   19   24   20   22   26   31   20   27   21   29   28   31   32   27   26   28   27   30   23   29   26   27   28   24   24   28   27   22   21   28   21   29   29   29   31   27   28   24   24   30   27   25   29   30   23   25   29   32   26   65   31   83   23   30   28   81   25   23   29   25   24   23   31   25
  26   36   76   36   35   81   37   26   29   36   35   30   25   32   29   31   35   27   87   33   31   25   24   30   24   29   33   30   27   81   89   29   27   29   34   38   36   35   27   31   28   38   26   91   29   36   35   36   33   33   31   86   36   30   33   32   88   79   24   35   23   25   23   91   78   36   23   24   24   31   31   36   31   34   23   35   29   38   28   32   25   24   35   88   37   37   33   35   91   34   33   23   36   29   38   26   26   36   23   28   31  100   26   31   28   31   24   35   36   31   34   35   31   77   30   37   24   26   33   24   37   35   28   24   32   37   26   33   29   34   30   35   23   28   24   36   25   34   26   31   97   32   34   30   24   28   23   35   26   25   28   25   26   32   32   94   84   31   35   37   25   28   87   25   24   32   31   29   34   30   26   25   27   32   36   27   23   24   28   28   29   35   37   35   81   36   24   98   37   33   88   29   36   33   24   29   24   36   28   36   32   34   97   30   78   36   25   26   31   78   35   29   33   30   33   29   35   25   36   30   25   34   30   28   29   34   98   30   35   24   36   32   27   33   23   34   31   31   27   32   36   89   27   35   35   27   91   35   25   85   27   26   27   26   25   33   37   31   29   24   27   31   90   35   31   31   34   24   89   36   76   34   29   32   27   30   27   28   36   35   32   37   31   24   36   25   24   24   25   93   38   34   36   29   23   37   25   76   28   28   33   30   96   32   24   29   29   32   35   37   35   25   37   25   24   29   27   35   32   33   25   26   32   24   26   23   27   92   38   37   24   36   35   31   27   26   33   30   26   29   24   30   29   24   89   26   38   34   32   38   25   34   31   24   26   30   33   26   36   26   36   28   28   33   32   31   93   97   28   29   25   24   32   27   84   29   30   85   28   24   32   96   27   27   26   28   29   35   23   27   31   30   23   98   36   36   25   27   36   32   31   28   34   34   29   33   34   31   26   25   30   24   24   26   37   78   23   92   35   24   29   29   34   81   29   36   26   26   27   29   26   26   25   27   37   99   30   31   26   30   91   24   32   28   32   29   25   32   95   36   24   35   36   26   24   89   29   36   80   32  100   35   38   82   91   35   32   31   29   23   38   24   25   32   32   32   36   34   91   37   29   30   28   28   36   80   38   33   36   26   36   26   35   28   25   27   35   23   25   27
  26   35   86   35   28   25   26   27   25   36   30   27   28   80   96   31   31   34   38   35   30   32   32   99   25   31   26   29   24   37   36   25   94   28   36   30   36   32   30   95   30   33   24   25   99   29   24   30   31   30   33   38   34   25   26   37   37   27   30   34   33   26   27   26   31   24   30   35  100   28   34   34   30   24   98   36   31   83   31   34   24   32   84   33   30   23   36   84   26   26   29   35   27   30   33   81   24   23   30   31   34   26   24   26   77   32   37   29   99   25   23   26   33   27   24   86   33   24   25   97   33   31   24   24   90   86   35   33   31   28   85   31   27   36   28   25   30   29   25   90   38   23   35   37   26   36   37   29   36   25   28   35   23   35   78   33   36   27   26   30   37   35   31   28   90   30   82   32   32   28   25   32   37   24   33   36   84   34   82   34   28   24   25   23   29   24   31   26   36   33   28   30   32   79   32   29  100   29   35   30   79   26   34   28   33   25   77   31   24   33   32   31   30   98   30   31   31   36   87   32   28   36   25   36   30   29   26   24   32   24   33   28   33   26   34   34   32   34   38   27   32   33   37   31   34   28   30   25   35   37   29   33   34   30   25   38   27   31   25   27   28   34   24   97   25   37   26   33   37   31   36   35   30   25   32   34   32   27   97   36   82   33   28   27   24   31   89   33   28   32   34   30   37   31   98   31   30   32   29   37   34   36   31   38   28   29   24   30   33   93   24   26   25   26   24   23   26   30   31   36   35   37   90   88   36   34   35   30   33   29   24   30   35   92   38   26   23   97   34   32   36   35   27   28   27   33   30   29   28   30   27   31   28   30   23   32   34   35   25   34   36   26   29   29   91   79   33   81   34   32   36   25   28   24   25   32   31   28   34   29   33   28   27   29   35   27   24   25   29   35   28   34   34   76   24   34   36   26   27   25   31   32   23   27   26   37   32   35   25   36   28   28   32   26   31   77   37   30   37   26   23   32   34   25   96   34   37   28   31   24   33   31   31   26   35   37   93   29   90   89   32   36   30   34   34   34   34   25   38   29   32   31   93   25   28   24   30   32   30   32   34   30   31   25   31   25   24   34   25   24   25   29   29   97   97   30   23   33   30   32   32   33   24   97   33   32   32   27   38   25   25   28   27   32   36   76   29   25   37   34
   9   13   14    7    9    7    6    8    8    7    8   13   14    9    7    9    6    9    8    9   13    7    6    9    7    8    6    7    9    9    8    8    7    8    9    7    9    8   14    9    6    9    7    6   15    6    8   13    7    8    7   13    7    6    9    9    7    6    7    9    8    9    6    6    8    6    6    9    7    7    8    6    9    8    8    9    6    6    6    7    7   13    9    7   13    9    7    6    6    7    8    6    7    9   14    9   15    6    7    6    9    9    7    7    9    9    8    7    8    6    9    9    6   15    8    8    8    8    8   14   14   14    9    6   14    9    8    7    9    7    8    7    8    7    9    8    7    9    7    7    7    8    9    7    9    8    9    6   14    7    9    9    8    8    8    7    6   15    7   14    9    8    8   14    9    9    9    7    8    9    9    7    8    8    9    8    9   13    8    6    9    7    8   13    7    6    7    9    8   15   13    8    6    9    7   13    6    8   13    8    9    7    9    6    8   14    7    7    7   13    7    7   13    8    9    6    9    9    7    7    8    6    6    6   13    8    9    7    8   15    6    8    7    8    6    6    8   13    7    6    8    7    7    9    8    8    8    6    7   14    9    6   15    8    7    9    9    6    7    7    8    9    8    7   13    9    7    9    8   13    9    6    8    8    9    8    6    6    8    9    6    7    9    7    9    7    9   13    9    8    9    8    8    7    9    9   14    8    9    9    8    8   13    8    7    7    9    7   13    8    8   13   15   13    7    9    9    6    9    9    7    9    9    9    7    7    7    6    7    9    7    7    8    7   13    6   15    9    6    7    9    8    9    7    7    9   14    7    6    7    6    7    6    8    8    7    9    7    7    6   14    9    7    8    8    9    6    6    6    7    7    7    9    7    9   14    7    7    7    9    6    6    8    9    6    9   14    9    7    6    8    9    9    6    7    7    8    7    8    8   13    6   13    7    9    6    9    8    7    7   15   13    9    6    9    6    8    9    7   14   14    7    9    9    9    7    6    9    8    9    8    6    7    9    7    8    8    7    7    9    7    8    8    6    8    7    6    8    9    8    8    9    7    6    6    6    8    7   13    8    7    7    8   13    7    9    8    8    8    9    6    8    8    7    8    8    6    7    8    6    9    8    7    7    6    6    9    7    7    7    6    9    8   14    7    6    7    7    7    9
   8   14    8    8    8   13    9    9    8    8    6    7    7    9    8    8    6    6    8    7    8    8    9    9    7   15    7    9    7    7    8    7   15    8    6    8    7    9    9    9    7    9    7    9    7    8    7    6    9    7    9    7    7    8    9    7   14    8    8    7    7    8    9    7   13    7    6    8    7    7    8    7    8    6    6    7    8    7    8    8    6   15   14    8    7    9    6    7    8    6    7    9   14    9    8    7    7    8    7    9    8    8   14    8    6    8   15    8    9    7   15    9    7   14    9    9    6    9   15    7    8    8   13    7    7    6    9    6    9    9    7    8    9    6    7    9    9    8   13    8    9   13    7    7    7   13    7   14    6    8    9    6   13    6    6    7    6    8    6    6    8    8    9    6    6    7    8    9   14    7    6    9    9    7    8    7    9    9    6    8    9   15    9    6    7    6    7    8    8    7    7    9    9    9    8    6    9    8    8    9    6    8    8    7    7    7    7    9    7    8    6    9    7    7    9    9   13    9    9    6   14    7   15   14    6    8    7    8    6    8    7    9    9    7    7    7    6    9    7    8    7    8    9   15    9    7    8    7    9   14    7    9    9    7    6   14    8    8    7    8    9   13    6    9    6    7    7    9    8    6    8    7    7    9    7    9   13    6    9    8   15    8    9    7    7    9    7    8    6    9    9    9    7    7    8   14    8    7    8    6   14    9    7    8    8    6   13    8    9    7    8    7    9    8    7    7   15    7   14   15    6    9    7    7    7    9    8    7   15    6    6    7    9    8    9    9   13   14    8    7    9    7    7    7    8    8    8    7    9    6    7    8    8    8    9    7    8    9    9    6    9    6    8   14    9    7    6    9    8   13    7    7    6    9   13    8    8    6    6    7    6    9    6   15    6    8    8    7    6   15    8    8    9   15   14    9   14    7   14    7    7    8   13    6    6    9    8    8    6    9    9    9    6    6    9   13    9    6    8    9    9    7    9    8    9    8   15    6    7    7    6    8    6    8    6    6    9    8    7    7    7    8    8    8    8    9   14    7    7    7    6    8    7    8    6    9    8    9    9   15    9    9    7    9    9    7   13    9    7    7    6    8    9    8    8    7    9    9    8    7    7    8    7    6    7   15    7    7   14    7    7    6    7    7    7    9    9    6    9    9
  28   26   16   27   17   16   26   17   18   18   15   18   17   15   30   12   15   15   13   25   17   12   12   14   14   17   15   12   12   18   18   14   14   27   16   16   12   15   15   13   14   16   16   16   18   16   12   15   15   12   17   16   18   16   26   17   12   13   17   28   14   13   16   16   15   14   15   18   18   12   27   13   14   16   16   15   27   17   18   16   15   15   15   16   13   14   13   15   13   16   12   13   17   29   12   15   11   15   15   14   13   18   16   15   15   17   13   16   16   15   14   17   14   12   16   15   29   14   14   17   18   18   17   17   28   11   15   15   13   13   17   14   28   30   15   17   18   16   15   29   14   15   14   13   16   14   12   18   12   17   18   12   17   13   14   14   14   13   12   29   18   29   14   16   18   17   15   18   13   13   17   18   14   18   12   16   18   16   14   15   18   14   15   13   30   15   17   12   11   13   14   17   17   13   13   25   14   12   16   16   12   16   12   15   17   17   17   12   30   12   15   13   14   14   14   14   12   15   13   14   16   12   18   16   18   12   15   14   11   25   17   15   14   14   17   15   17   14   15   14   17   11   26   12   12   17   17   18   18   12   14   12   16   13   14   13   13   17   18   12   13   26   14   17   18   29   16   13   11   13   15   17   28   16   17   13   13   14   15   17   12   12   14   15   14   14   18   29   17   18   16   17   12   12   15   16   18   16   16   12   17   27   15   14   12   27   12   16   14   18   17   29   15   17   12   17   12   17   13   17   14   29   12   18   18   12   17   16   11   18   28   17   15   16   14   12   14   12   14   17   18   16   18   15   16   18   16   11   16   15   13   12   16   15   14   18   13   12   16   12   18   11   12   17   12   12   16   18   16   15   14   17   15   13   17   18   15   15   14   15   11   17   12   14   14   14   29   18   17   16   18   16   27   18   17   17   15   29   17   18   14   12   17   16   14   18   14   12   13   18   12   14   17   16   18   13   15   18   16   14   15   18   16   14   14   18   12   16   11   17   12   14   17   18   16   18   15   15   11   15   14   28   11   18   17   17   15   12   13   18   15   13   15   18   13   11   18   14   18   29   13   26   14   17   14   15   13   14   30   17   17   18   17   14   11   14   25   17   13   14   12   30   15   12   14   14   12   18   17   18   16   12   29   12   18   15   12   14   29   12
   8    3    5    5    4    4    4    5    4    5    4    5    5    8    5    8    5    3    5    5    3    4    4    4    3    5    3    5    5    4    3    5    3    3    4    4    3    5    4    3    5    3    3    4    4    7    4    4    4    4    5    5    4    4    4    5    5    5    5    4    5    4    5    4    4    4    4    7    5    5    4    4    4    8    5    4    4    3    4    4    5    4    4    4    3    4    4    5    4    5    4    5    4    3    5    4    4    7    3    4    4    4    4    4    5    4    5    4    4    3    4    5    4    3    4    4    4    8    3    5    4    3    8    5    5    5    5    4    3    4    4    4    3    3    3    3    5    4    3    5    5    3    5    4    4    5    4    4    4    8    4    4    3    5    7    4    4    4    4    4    4    4    4    4    4    4    4    4    4    4    4    4    4    5    7    5    4    5    4    7    4    4    5    3    4    4    4    4    5    4    4    3    5    4    5    3    4    4    5    4    4    3    4    8    7    5    8    5    4    4    7    3    4    7    8    4    4    4    4    7    5    4    4    4    5    4    4    8    4    5    5    8    5    4    5    4    5    4    5    4    4    4    5    4    4    3    3    4    4    5    8    4    4    4    3    5    5    4    4    7    4    4    5    5    4    5    7    4    7    4    4    4    4    3    4    3    4    3    4    4    4    3    4    4    5    5    3    4    4    5    3    4    4    5    4    4    4    4    3    5    5    5    3    4    4    8    4    5    4    4    4    3    4    3    5    5    5    5    4    4    5    5    4    4    4    4    4    4    5    5    3    4    4    3    4    4    4    4    5    5    4    3    4    5    4    4    5    4    5    5    5    5    5    5    4    4    4    5    4    4    5    4    7    4    5    4    4    3    4    4    3    4    7    4    8    5    4    4    4    5    4    3    4    5    4    4    4    4    4    4    5    5    3    5    3    4    4    4    4    4    4    3    4    3    7    7    4    5    5    5    3    4    5    3    4    4    4    5    4    4    5    7    4    3    4    4    4    4    4    3    3    4    4    5    3    5    4    4    4    4    4    4    4    3    4    4    3    5    7    4    4    8    5    3    4    5    4    4    4    4    4    3    4    4    5    4    4    4    7    4    5    4    5    3    5    5    4    4    5    5    5    5    4    4    3    4    5    5    3    4    5    7    4    4    7    4    4    8    5    4
  15   13   10   13   27   15   14   12   13   12   12   15   15   13   15   11   28   14   16   11   15   12   15   27   16   12   13   11   16   13   13   11   15   14   25   12   14   16   14   14   17   15   15   24   25   14   17   11   25   13   16   14   14   13   14   14   13   13   16   17   16   13   16   15   15   12   13   13   27   26   16   11   13   13   10   15   12   11   13   13   13   12   14   25   24   11   13   13   15   23   13   24   12   14   14   11   15   13   13   23   16   12   13   15   26   12   25   14   13   13   16   11   17   11   13   24   17   11   13   17   16   13   14   11   13   12   13   15   16   16   16   17   13   13   11   16   12   14   15   16   11   23   11   13   12   14   11   17   13   15   16   15   15   13   13   15   15   24   16   16   17   27   11   13   12   14   12   16   14   14   15   26   17   15   15   12   11   15   12   12   13   12   17   25   23   16   13   11   15   12   14   15   16   15   11   11   16   14   13   14   14   13   13   14   13   14   15   14   17   25   17   23   11   12   11   14   16   14   13   11   17   16   11   16   14   23   14   16   26   16   14   26   16   15   13   12   16   12   16   13   13   12   16   14   25   12   14   14   14   15   12   11   28   15   17   17   12   16   14   16   15   15   16   23   26   13   17   15   13   24   12   12   15   14   23   27   14   15   15   13   12   11   10   12   14   16   14   12   10   12   13   13   13   14   15   13   13   16   11   12   11   12   13   17   11   16   14   13   13   17   14   12   16   12   14   11   16   12   13   16   15   16   28   24   16   10   12   12   15   16   26   11   16   16   15   12   24   13   13   12   14   16   14   11   23   15   23   24   16   14   16   17   24   14   14   14   15   12   17   12   11   28   25   11   11   16   14   11   15   12   13   12   15   12   13   11   25   11   14   13   11   16   12   10   12   15   14   17   11   11   15   16   10   13   12   14   11   23   25   15   12   14   17   13   26   26   14   16   14   12   12   11   12   13   13   16   26   13   17   11   11   16   14   12   11   12   14   14   11   15   23   17   16   13   13   14   24   16   14   23   14   12   14   16   11   15   14   16   12   12   24   16   25   13   14   27   13   12   13   14   13   11   16   13   12   14   17   14   16   11   14   16   27   15   17   16   11   11   12   12   11   28   16   24   11   14   14   17   13   15   17   14   11   12   14   14   17   23   15   13
  19   23   24   23   15   22   40   22   18   15   19   20   21   22   19   16   23   16   24   20   20   17   18   24   19   22   18   40   23   17   15   20   19   21   22   24   34   23   17   24   18   15   20   21   18   21   16   17   19   24   21   19   16   21   15   20   40   23   22   15   15   19   17   19   23   16   18   24   19   23   22   23   16   23   15   19   16   22   17   19   23   20   20   15   19   23   23   18   24   20   22   22   19   24   17   19   16   22   19   22   18   21   20   15   20   20   23   21   18   20   24   21   21   24   19   16   18   33   22   21   36   24   38   22   18   19   17   22   18   17   16   20   40   24   24   40   17   19   18   20   24   39   19   24   18   23   23   24   24   22   15   22   24   24   24   23   20   22   20   19   17   23   24   22   35   18   17   24   22   38   34   22   22   20   22   24   19   18   24   16   23   40   17   19   23   20   17   18   19   23   23   19   16   16   20   19   23   23   17   15   24   35   19   22   21   16   24   21   21   24   16   15   18   20   21   18   16   20   16   19   20   24   21   16   22   24   18   21   24   21   22   24   40   22   16   18   23   24   16   34   23   20   23   17   15   21   18   23   15   19   24   23   22   22   19   24   35   19   18   21   20   20   17   20   22   17   24   21   22   24   16   21   23   18   23   18   19   24   20   22   19   20   20   20   16   18   33   17   15   16   24   33   22   33   23   24   18   20   21   15   18   21   23   16   18   18   21   24   39   19   18   19   24   34   16   22   21   18   22   21   15   18   17   15   15   36   18   38   18   34   18   24   36   22   20   24   16   20   36   15   24   19   18   19   22   15   23   22   19   22   24   20   16   19   17   19   18   23   16   16   20   20   21   21   38   23   20   18   21   22   37   20   21   19   18   22   22   33   17   23   24   23   20   21   21   20   20   24   22   20   18   17   16   21   20   18   16   20   16   24   18   34   18   21   21   40   22   21   18   16   40   21   22   24   23   24   21   18   37   24   16   21   17   23   23   23   40   16   21   23   17   19   24   37   19   23   33   37   16   24   22   16   37   34   38   20   17   18   21   34   24   35   24   23   34   23   20   35   24   37   20   15   17   19   20   24   19   17   16   20   23   21   24   24   35   20   19   24   16   16   16   18   17   20   20   20   37   19   22   21   16   15   17   20   20   19   22   23   23   22
  29   17   28   29   16   15   16   17   29   12   14   14   15   17   14   17   17   14   17   17   16   25   14   12   15   13   13   18   18   27   12   13   12   16   12   13   16   15   12   14   17   16   27   26   12   17   16   18   28   16   14   17   17   18   16   14   15   13   29   17   14   17   16   15   16   14   17   16   16   13   14   15   13   18   14   29   18   14   12   17   16   14   12   29   16   12   16   18   18   15   12   14   18   14   14   17   13   13   11   12   11   16   15   18   15   30   17   12   18   25   13   30   15   30   15   13   15   12   15   13   14   18   12   13   12   12   12   18   18   13   16   12   12   12   14   11   16   14   17   15   27   15   26   17   18   17   18   12   16   25   16   27   18   16   14   15   15   14   18   17   14   16   18   14   17   14   18   12   13   18   17   15   12   14   16   18   25   18   15   15   14   15   12   14   28   18   27   17   12   14   15   16   14   29   18   15   14   18   16   11   17   15   16   30   15   14   18   17   13   14   30   29   12   16   13   25   16   14   17   26   30   14   18   12   15   12   15   27   12   15   17   14   12   17   12   17   17   15   18   13   13   18   13   16   15   14   18   13   16   17   14   16   16   12   17   16   13   17   14   18   17   17   14   17   26   14   17   18   14   13   18   18   14   18   12   17   12   16   12   16   13   16   29   17   16   30   26   13   16   16   16   30   14   13   15   18   16   14   16   18   13   29   17   15   30   16   14   16   16   12   14   12   16   12   14   15   17   18   16   13   17   17   17   14   17   18   30   11   12   15   17   16   28   15   16   12   13   17   28   13   27   17   12   17   14   17   12   15   12   11   18   13   15   13   16   13   14   11   14   17   13   16   16   30   14   11   14   14   13   17   12   16   17   13   27   16   15   13   15   14   18   12   14   11   12   17   15   15   13   18   12   15   15   13   16   14   14   17   17   17   12   16   14   17   16   15   16   18   14   15   16   17   17   16   14   14   18   13   16   16   17   16   13   12   13   12   17   15   16   16   15   13   12   12   15   17   18   16   15   17   17   12   17   16   16   14   14   13   17   12   15   16   14   17   15   16   17   15   16   14   17   18   13   26   30   12   12   17   14   28   16   13   17   17   18   16   16   12   12   14   16   29   12   12   13   13   13   16   18   17   17   16   16   14   17   14   17   16   15   12
  18   68   19   25   23   21   20   25   20   20   27   20   27   25   20   17   25   23   23   17   23   19   61   17   18   25   20   17   20   69   27   21   72   27   22   17   69   20   25   25   21   22   19   24   26   25   25   64   24   20   26   25   23   20   18   17   17   22   26   21   23   20   27   18   19   18   18   22   18   17   18   61   26   22   18   70   63   24   20   25   26   17   26   66   18   27   23   26   20   20   25   25   24   17   20   23   26   27   57   22   18   20   17   22   19   27   24   18   20   27   26   17   22   27   26   24   24   27   23   23   24   25   61   19   17   23   17   72   26   17   59   24   61   26   24   24   25   20   20   20   26   22   18   21   18   24   24   21   22   26   55   22   20   25   17   56   24   23   27   27   21   24   18   27   19   25   17   25   61   19   18   21   21   21   20   23   25   23   62   24   72   21   56   25   72   20   25   26   25   26   25   26   19   27   26   22   22   25   25   20   26   19   24   25   59   24   25   27   23   27   17   26   20   23   19   17   19   24   21   20   18   23   20   58   23   21   22   23   24   20   27   27   19   25   23   22   22   21   66   22   25   26   24   24   22   68   27   20   57   68   27   18   27   22   57   63   27   26   26   20   62   26   27   20   24   18   23   65   27   20   59   23   27   26   27   27   19   17   24   19   18   26   25   19   22   20   20   62   21   22   20   22   18   23   21   23   20   21   20   20   72   18   22   20   23   21   20   21   20   61   19   20   27   24   25   22   26   18   22   19   20   21   23   25   20   17   21   65   24   19   18   21   17   59   17   27   19   23   23   19   20   25   60   24   18   24   17   25   24   25   27   20   26   62   21   24   22   21   20   25   19   23   20   20   23   18   65   27   23   66   57   19   18   18   20   23   26   21   22   20   22   18   22   17   58   21   22   25   20   18   24   24   24   27   58   24   72   58   26   27   67   18   23   23   26   21   21   24   18   23   23   24   21   26   26   23   23   17   22   18   17   17   65   27   21   20   22   24   24   69   24   19   21   24   20   18   24   25   18   24   19   26   23   21   59   23   27   25   24   17   21   17   24   27   27   27   22   27   60   24   21   64   21   23   25   25   27   22   69   21   27   21   20   24   26   63   23   23   19   21   20   21   27   18   27   26   18   26   19   67   19   17   19   18   62   27   18   18   27   19
  11    9   10   10   10   12   11   17    9    9    9   11    9   11   10    9    9    9   12   12   11   10   11    9    9   10   12   17   17   10    8    9   11   20    9   12   10   11   11   12    8   11   12   11   11    9    8   10    8    9   11    8   11   12    9    8   11   10    9   11    9    9   12   11   10    9   19    8    9   12   12    9   18   11   11   10   11   20   11    8    8   10   12    9    9    8    9   12   11    9   11   10   12   12   10   10    9   11   11   10   20   12   12    8   10    9   10    8    9    9   12   11   12    9   10   18   12    8   19    9   11    8   10   17   19   10    8    8    9   11   12   10   12    9    9   10   20    9   10   12    8   10    8   12    8   10   11   11   10   11    9   19    8    9    8    9   10   12   12    8   17    8   12   10   17   10   12   11   11    8   12    9   11   12   10   12   10   10   10   17    9   10   12    9    8   10   11   10    9   12    8   12    9    9   12   11   20   10    9   20    8    8   12   11   10    9    8   10   19   11   10    8   12   12    9   11   12   11   12   12   19   12   20   17   10   10    8   10   10   11    8   12   12   10    9    9   10    8    9   18    8   12   11   11   11   19   11   11   12   11   18   20    9   10   20    8   19   11   10    9   12   10   10   11    9   10   12   17   11    9   11   11    8   11   12   11   10   10   11   11   17    9    9    8    9   10    9   10   20    9   10   19   20    9   11   11   12   11   12   11    9   11   10   11    8   10    9    8    8   10    9   11    8    8    8   17    8    8    8   11    9    9   18    8   12    9   12   12   12   12   12   20   12    8   10   12    9    8   10    8    8   12    9   11   11   12   11    9   10   12   12    8    9   12   12   10    9    8   10   10    8    8   12   11    9   12   10   11    8   12    9   18   10   10   11   10   19   12    9   11   11    9    8   12   12    8   11   10   11   11   12    9    9    9    9    8   12    9   12    8    9   20   10   11    9   10   11   12   19   10   10   18   11   11    8   12   11    8    8   11    8   10   12    8   10    9   10   10   12   12    9    9    9    8   10   11   11   10   10   11   11    9   12   12   12    8   12   19    9   10   11   10    9   19    9    9   12   12    8   12   18   17    9   10   11   10    9   19   12   11   12   11    8    9   19   17    9   12   10   18    9   10    8    9    8   10   17    8    8    9   10   20    9   11    9   12    8   10   10   18
   6    6    5    6    4    6    5    6    5    5    5    5    6    4    6    6    6    6    6    6    5    5    6    6    4    5    5    6    6    6    5    6    5    4    6    4    4    5    6    6    5    5    5    6    5    5    9    4    5    5    5    6    4    6    6    5    6    6    5    9    5    4    6    5    4    4    4    5    5    6    6    9    5    6    9    5    6    5    6    5    5    6    5   10    6    5    5    5    6    9    5    5    4    5    5    5    9    9    4    6    6    6    6    5    4    4    9    4   10   10    5    4    6    5    5    6    4    9    4    6    6    5    5    6    6    6    5    4    6    4    6    5    6    5    5    6    4    5    5    9    5    6    5    4    6    6    5    5   10    5    6    4    6    5    4    6    5    5    5    6    6    4    6    5    6    6    4    4    5    4    6    6    9    6    6    5    4    5    6    5    6    6    6    6    5    6    6    5    5    5    5    6    6    5    5    4    6    5    6    6    6    5    9    6    4    5    5    6    5    9    4    4    5    6    6    5    5    6    4    6    6   10    5    5    6    5    5   10    6    6    4    5    5    4    5    6    5    9    6    6    6    5    6    6    6    5    6    6    6    4    6    4   10    5    4    5   10    6    5    4    5    6    6    5    4    6    5    5    6    6    6    5    6    9    4    5    4    5    6    6    5    5    5    6    6    5    5    5    5    5    5    6    6    4    5    4    5    6    4    6    5    5    5    6   10    5    6    9    4   10    6    5    5    5    4    4    5    5    6    5    6    6    6    6    5    5    5    5    4    6    6    6    4    4    5    6    6    5    6    4    4    5    4    5    6    4    4    6    6    6    4    6    6    6    4    4    5    4    6    6    6    5    5    5    5    6    5    6    4    6    6    5    5    6    6    9    6    5    9    5    6    5    6    6    6    6    4    5    4    5    5    4    4    6    5   10    5    6    4    6    5    6    5    6    6    5    9    5    6    5    6    6    5    6    6    9    9    6    5    6    5    4    5    6   10    6    5    5    9    5    6    5    6    6    4    6    4    5   10    4    4    6    5    5    5    5    5    5    6    4    4    5    4    4    6    6    6    5    5    4    4    6    6    6    6    6    5    6    4    6    5    6    6    6    6    6    5    5    6    5    6    6    6    5    6    6    4    5    6    5    5    5    6    5    6    5    5    6    6    6
  22   16   20   19   19   20   20   20   33   22   18   19   14   20   32   22   21   18   22   20   21   22   19   16   21   18   21   15   17   21   20   16   21   18   18   16   22   20   38   16   17   17   16   17   35   18   38   38   16   15   21   16   19   14   22   18   20   20   17   22   14   17   17   15   23   15   32   17   34   20   15   15   23   15   35   18   15   15   22   17   18   22   16   37   16   20   16   15   36   22   17   21   20   16   17   19   20   19   21   15   21   18   18   18   20   16   22   18   15   20   21   19   20   17   17   21   31   35   17   38   32   37   19   14   20   22   22   16   17   20   37   14   16   18   15   23   22   20   19   16   22   15   19   31   22   17   19   19   14   19   23   38   23   14   20   20   16   18   14   18   18   16   22   21   32   16   19   17   23   21   35   14   16   33   19   15   21   23   14   17   15   22   20   20   16   23   16   33   21   16   19   18   21   18   16   17   22   22   19   19   19   14   22   15   22   22   18   21   21   21   23   22   18   36   17   19   17   35   16   16   37   22   18   17   16   17   22   15   21   35   23   19   19   20   16   15   18   14   21   17   16   16   19   20   18   18   16   21   17   15   16   15   22   20   21   19   22   18   23   21   19   16   17   16   14   22   18   19   14   16   23   16   22   20   16   22   21   18   17   18   18   34   18   22   18   18   19   19   15   17   20   14   21   21   19   19   23   16   21   38   37   23   17   22   19   19   21   22   15   16   15   14   17   20   20   37   15   36   15   15   14   15   34   15   17   15   35   15   20   19   18   20   16   37   14   22   31   31   17   19   16   35   22   20   37   15   35   16   20   19   38   16   14   22   15   23   14   16   21   19   16   15   31   18   21   21   19   19   15   32   18   20   23   21   17   15   36   20   19   31   22   16   32   20   16   22   19   34   15   17   37   35   18   19   19   19   21   22   23   19   20   21   20   18   17   23   18   20   18   33   18   19   19   14   34   18   17   20   17   21   17   15   17   16   31   19   18   16   15   17   17   20   17   20   22   18   15   19   14   19   17   20   18   17   20   19   22   14   21   18   33   17   16   22   17   18   17   17   19   15   21   18   21   19   21   21   22   31   16   15   19   14   22   34   14   22   31   17   36   22   22   17   23   15   15   18   22   17   15   21   23   19   18   22   19   16   17   17   17   15
  12   10   18   19    8    9   11    8    8    8   12    9    8    9   12   11   11   11   12   12    9   11   12    8   11   11   12   10    9   18   12   11   12   12   11   11    9   11   11   11   11   11    9   10   11    9    8    8   10   18   12    8    9   10    8   11    9   12    9   11    9   10    8   10   11    9   12   20   12   11    9    8   19    8   12   10    9    8   12   10   10   10   10   19   12   12   11   10   10   12   11    8    8   12    9   11   11   10   11   12   20    8   12   11   10   10   20   12    8   11    8   11   11    8   11    9   10   10    8   11   11   10    9   11   11    8    8    9    9   11    9   11   12    8   12   10   20   18    8   12   20   12   19   12    9    9    9    9   12   12    8    8   10   11    8   11   12    8    9    9    8   10    9   10    9   10   11   12   10   10    8   18    9    8   10   12   11   10   12    9    9    8   10   11   10    9   11   11    8   10   20   19   11    9    9   12   11   11   10   12   19   10    9    8    8   10    8    9    8   11   10    9   12    8    8   12   12   17   19    9   12   12    9    9   11   12    8   12    8   12   12   12   10   10   19   11   11   11    8   20   12    9    9   12   12    8   10    8    8   11   10    8    9   12   12   12   12    9    9    9    9   12   10    8   12   12   19    9   12   11   10   10   19    9   10   12    8   11    8    9   20    9   10   11    9   17   10   12   11    9   11    8   19   10   12   11   10   12   10    8    9   12   10   12    8   18   10   11   10   12    9   19   11   12   12   12   18   11    8   11    9    9    9   12    8   11    8    9    9   12    9    8   12   11   20   12   11   12   11   10   10   10   10   12   12   12    8    9   11   11   12   10   12    8   12   11   10   12    8   11    8   18    8   12   11   18    9    8   12   11    8   12    9    9   12   17    9   11    8   10    8   12    8    9    9   10   10    8   12   11   12   11    8   11    9    8   10    9    9    8   10   10   11   10    8    9    8    9    8   18    9    9    8   11   11    8    9    8   18   18   12    9   11   11    9   20   20    8    8   11   19   10   12   12   11   18    8   12   11    8    9   12    9   10    9   12   10    9   10   18   11   12    8   11   12   10   11   10   11   20   12   11   10   11   12   20    8   12   11   12   11   10   20    9    9   10    9    8    8   20   10   11   10   12   11    9    8   12   11   19   10    9   11   12   11   12    8   11    8   10
  19   19   20   70   17   24   26   63   19   19   20   57   26   18   19   22   20   24   26   23   25   22   19   17   17   20   24   57   25   27   17   26   19   23   27   23   21   18   26   23   25   19   26   23   27   18   27   20   26   20   69   24   57   26   17   21   17   25   26   26   22   22   23   57   26   22   71   22   72   72   63   20   27   23   23   18   26   20   17   25   23   27   27   24   23   26   20   27   18   21   58   18   22   26   27   24   21   23   27   26   25   23   17   18   55   26   26   20   18   21   27   18   24   23   17   55   18   23   25   18   24   25   19   24   26   20   20   19   26   27   57   20   27   18   19   27   18   20   21   60   21   26   25   27   21   23   26   25   71   59   25   26   21   21   21   25   24   24   18   63   72   27   21   24   21   27   21   18   63   27   27   26   20   24   19   20   20   22   23   17   26   26   19   18   19   17   27   19   17   20   25   26   21   17   24   23   22   23   24   27   22   25   60   24   24   27   26   19   26   18   71   25   24   17   20   19   26   19   26   21   19   19   17   21   17   25   20   24   25   26   17   22   22   22   24   26   26   63   19   21   22   22   27   20   18   24   22   67   26   22   22   26   21   25   19   27   27   21   19   25   26   17   60   27   71   21   19   22   23   18   26   19   21   72   23   56   17   23   21   26   20   20   18   24   27   21   25   25   21   25   25   27   61   27   24   19   21   23   24   27   23   19   23   18   26   25   21   24   23   22   19   19   65   26   60   26   27   20   22   27   26   19   20   18   21   18   57   18   26   17   19   24   23   22   26   19   69   18   22   27   71   26   23   18   25   20   23   21   25   70   25   20   17   22   17   17   26   25   24   20   23   22   21   20   21   21   21   19   23   25   26   25   26   18   27   19   19   27   22   18   27   26   17   26   24   72   21   18   25   21   24   22   18   19   25   24   22   23   21   17   19   26   26   17   66   70   19   25   25   23   19   23   26   23   18   62   65   17   25   20   21   21   27   19   26   71   27   20   22   17   21   27   26   20   23   19   27   19   20   23   24   22   72   25   27   23   25   21   26   20   21   22   21   26   17   26   18   65   27   20   25   19   21   18   20   57   18   20   59   26   24   17   23   17   17   22   25   18   57   22   21   71   18   20   22   27   24   23   21   21   22   21   22   27   27   26   18   27   22   20
  11   24   11   11   17   14   15   12   16   12   16   11   13   17   11   11   15   15   11   17   15   17   12   16   16   13   16   12   15   25   14   15   15   10   12   17   15   11   14   26   12   11   13   10   23   15   17   12   16   12   11   16   12   12   15   24   25   16   11   13   13   16   14   12   12   17   11   14   16   13   15   17   17   17   11   14   11   12   13   14   12   14   13   17   17   11   11   23   12   13   14   17   11   12   11   17   15   12   13   23   16   13   16   15   14   24   12   14   12   12   23   15   13   14   17   15   11   17   11   16   15   14   15   13   24   11   12   16   10   14   15   11   11   16   16   11   17   15   11   16   13   12   23   16   14   14   16   16   12   16   17   16   14   11   14   14   11   16   17   14   14   13   12   27   17   14   13   13   12   11   15   16   11   16   16   27   15   13   13   14   13   13   13   12   11   15   11   11   13   12   14   24   14   16   15   12   11   11   17   15   27   15   15   11   15   13   12   14   13   16   17   12   11   11   15   15   15   17   12   13   23   13   12   14   15   14   13   14   13   14   11   16   13   17   17   12   14   15   24   15   16   24   13   13   16   14   11   14   12   11   17   17   13   16   14   15   15   12   17   12   16   15   11   16   16   25   16   16   13   12   14   11   17   16   16   11   14   23   11   16   14   13   11   26   13   23   14   11   12   12   12   14   17   17   15   11   23   16   14   11   16   11   17   13   11   15   15   15   14   13   13   16   14   26   15   15   11   15   14   11   14   16   15   16   14   15   16   25   14   14   12   13   13   12   12   23   12   12   12   28   15   13   15   24   13   12   14   14   12   16   11   23   14   16   16   16   13   11   16   11   12   14   17   14   11   12   16   13   15   14   12   11   15   16   28   15   12   11   12   12   13   11   11   11   27   14   13   12   11   24   17   16   14   10   16   12   15   11   14   12   13   13   24   24   12   14   11   17   11   15   13   12   16   11   14   23   11   16   25   16   12   15   15   15   16   11   17   13   11   16   13   15   15   28   17   12   16   14   17   13   16   13   14   11   13   11   14   14   13   12   15   14   12   13   27   14   14   24   12   15   13   11   14   12   13   13   15   24   15   24   11   16   11   16   14   24   16   12   15   17   13   15   12   10   14   11   12   15   17   15   15   13   26   12   16   14   26   12   25   17
   8    7    9   14    8    7    6    7    6    7    6    7    6    7    6    8    9    9    8    8    7    9    7    9    9    9    6    9    7    8    8    7    6    7    9    7    9    6    7    6    6   15    6    9    6   13    9    8    9    9    7    9    6    7    9    7    8    9    7    7    8    9    7    7    9    7    6    7    9    9    7    9    7    8    8    7    8    8    7    8    7    8    6    7    9    8    7   14    7    7   13    8    6    9    9    7   14    6   13    7    9    8    9    8    6    7    9    8    7    9    6    8    6    6    6    7    6    7    7    7    6    8    7    9    9    9   13    9    8   13    6    9    8    9    7   15    6    9    7    9    9    8    8    8    9    7    9    8    7    8   13    6    9    6    9    9    9    8    9    9    8    9    9    6    7    7    7   14    8    9    7    8    8    7    8    9    7   15    7    9    7    9    6    8    9    6    8   13    6    9    9    9    8    8    9   15    7    7    8    9    9    9    8    8    9    6    9    8    6    9    7    6    6    7    9    7    8    8    7    8    8    6   14    7    7    9    9    9   13    7    8    8    7    8   14    7    7    9    7    9    7    6    7    8    8    8    8    7    8    8    6    8    8   13    9    7    6    9    8    9   15    9   13    6    9    6    7    7    7    8    7    8    8    6    8    7    9    7    9    9    6    9    6    7    8   14   14    7    8   14    8    7    9    6    8    7    8    7    9   14    7    8   13    6    6    6    9    7    7    8    9    7    7    8    9    6    7    8    6    9    6    8    9    7    8    9    9    6    8    6    8    8    9    7    9    7    9   14    6    6    7    7    6    8    8    7    8    7    6    9    7    6    7    8    7    8    7    7    9    8    9    7    6    7    9    8    6    9    8    6    9    9    9    7    7   13    8    9    9   14    8    6   13    9    8    9    9    9    6    7    8    6    7    9    9    8    9    6    9    8   15    6    7    7    9    7   13    7    8    6    6    7    6    7    8    8    8    7    8    7    9    9    6    7    6    9    7    7    6    7    7    7    6    7    7    7    8    7    7    7    7    8    7    7    8    6   15   14    7    8    6    6    6    6    8    9    7    8    8    7    7    8    8    9    9    9    8    8   13    9    7    8    9    8    8    9    7    9   13    9    7    9    7    9    7    7    9    6    8    9    8    7    7    9    6    6    7    8    9    9
  16   14   16   13   16   17   15   13   13   13   15   13   16   25   11   14   12   11   13   13   11   15   17   11   13   13   15   17   15   11   12   14   13   11   13   16   14   26   26   16   16   12   12   17   11   17   17   15   13   26   11   16   11   17   12   16   16   15   16   15   16   13   14   12   12   13   16   12   12   11   16   15   14   12   14   17   14   28   26   14   15   11   14   14   15   15   15   12   15   11   11   12   12   12   12   12   12   24   15   15   15   11   14   16   15   14   13   12   12   26   15   15   13   14   28   16   17   17   27   13   15   15   11   25   14   11   17   13   16   12   13   11   11   11   14   12   13   13   16   11   27   15   12   12   14   13   25   13   17   15   12   13   17   13   14   14   15   11   12   16   16   12   15   14   17   12   28   12   16   12   16   15   11   16   16   16   15   16   12   11   11   14   13   11   11   23   16   13   16   16   24   15   14   17   14   26   16   25   12   12   11   15   11   15   12   15   11   16   15   17   15   13   12   14   11   13   13   14   14   16   13   12   16   15   23   10   15   11   14   17   11   14   15   15   23   15   14   11   15   17   15   26   13   11   16   16   11   16   17   14   15   14   12   16   13   15   13   13   11   13   14   12   16   11   11   13   12   14   16   17   15   13   15   13   14   12   25   13   12   25   11   14   24   26   14   12   16   15   13   15   13   17   14   12   11   16   11   15   23   17   13   15   15   11   26   17   17   13   28   12   23   15   27   11   12   12   11   14   14   15   14   13   11   26   11   12   11   13   12   12   26   17   11   15   15   13   11   12   11   26   11   28   12   11   17   17   11   26   16   14   11   15   13   11   13   16   14   12   13   16   14   12   12   14   13   26   14   17   16   12   14   16   11   25   16   10   13   13   16   12   17   12   11   11   17   10   27   14   24   15   17   13   13   17   11   16   15   11   15   13   13   16   11   11   15   24   11   24   10   14   12   13   12   14   12   16   13   23   16   15   17   12   16   14   17   12   14   15   12   13   12   17   24   14   13   14   11   14   12   11   11   15   16   16   13   14   11   13   15   16   25   11   16   15   13   13   14   23   14   17   15   27   12   12   12   27   16   13   12   25   12   14   14   12   12   11   15   16   12   14   17   16   13   26   15   16   15   11   15   14   17   16   12   14   13   24   14   23   11   13
   5    4    4    3    4    4    4    3    3    5    4    7    4    4    4    4    4    5    4    4    5    5    3    5    5    5    5    5    4    4    4    3    3    4    7    3    4    5    3    3    4    3    3    4    4    3    4    7    5    5    4    4    5    4    7    4    4    7    4    3    4    4    5    4    7    5    4    5    4    5    4    5    4    7    4    4    4    4    4    4    4    5    4    5    4    5    4    3    5    7    4    8    4    8    3    4    5    4    4    5    4    3    5    4    4    4    5    4    5    7    3    3    4    8    4    5    4    4    8    4    4    5    4    4    4    4    4    8    5    4    4    5    7    4    4    4    4    5    5    4    5    5    3    4    4    4    3    4    4    4    4    4    4    7    4    3    4    7    4    4    5    4    3    4    8    4    5    5    4    8    4    8    4    3    4    5    4    3    4    4    3    4    4    4    4    4    4    5    4    5    4    3    3    4    5    5    4    4    7    5    4    4    5    5    5    4    7    4    4    4    5    5    4    5    5    4    4    5    4    8    5    4    4    8    4    4    7    3    4    3    4    5    5    3    7    5    3    4    3    4    7    5    5    5    5    5    4    4    8    7    7    3    4    4    4    3    4    3    4    4    4    7    5    3    4    5    4    3    4    5    4    5    4    5    4    4    5    4    3    4    3    5    4    3    5    4    3    4    4    3    5    5    5    4    4    4    5    4    4    4    5    3    4    4    4    5    4    4    4    4    4    5    4    4    4    5    7    3    5    3    3    4    4    5    5    5    4    4    4    4    4    4    4    3    4    5    4    5    7    3    5    3    8    4    4    5    5    4    5    5    4    4    5    8    3    4    3    3    4    3    5    5    4    4    3    5    5    5    4    3    4    4    4    5    7    4    5    5    4    5    7    7    5    3    7    8    5    5    4    5    5    4    5    5    5    3    4    3    7    5    4    5    4    4    4    4    4    4    5    8    5    4    4    5    4    4    4    5    4    4    4    3    7    4    5    4    5    4    5    4    4    4    4    8    5    4    5    5    5    5    4    5    4    5    4    5    7    4    5    3    5    5    4    4    4    4    4    4    5    7    4    3    3    5    4    4    4    4    3    3    4    4    5    8    5    3    4    4    4    4    4    3    3    4    7    4    5    3    3    3    3    4    4    4    3    5    5    4    5    3
   8    6    7    5    7    5    5    6    5    6    8   11    5    7    7    6   12    8    5    7    6    8    7    6    6    6    5    7   12    6   13    7    7    6    6    6    6    5    7    8    6    8    5    7    8    6    8    6    7    6    6    7    5   13    7    6    6    6    6    8    6    8    6    7    6    7    5   12    7    5    7    5    7    7    8   11    7    8    7   12    7    7   11    7    7   13    7    7    6    7    7    7    6    5    7   13    8    6    6   12    5    8    7    6   11    7   11    8    6   12    5   11    7   13    7    7   12    7    5    5    8    5    5    7    6    6    8    5    8    7    5   11    7    5    8    6    7    6    5    8   12   12    7   11    5    7    5    8    8    6    5    7    6    8   11   12    6    7    8    7    6    6    8    5   11    7    6    7    6    8    5   11    7    7    7    6    7    6    6    5    5    7    7    8    8    8    6    7    6   13    7    8    8    5    7    5    6    7    7   12    7    8    6    7   13    7    6    5    5    8    7    6   13    7    6   13    7    8    7    5    7    6    6    6    7    7   11    5    8    5    6    7    6    7    7    5    6   12    8   12    6    8    7    7    7   12    6    8    5   12    7    6    6    7    5    7    7    6    7    6    7    8    5    6    7   12    7   11    6    8    7    7    7    7    5    8    7    6   11    6    7    6    6    8    7    6    6    6    7    8    6    5    6    8    7    6    6    6    8    5    5    8    7    7    7    8   11    6    6    7    6    6    7    8    5    6    5    7    5    6    8    6    6    7    6    8    6    8    5    7    7    6    8    7    6    5    7    5    7    6    7    7    6    8    7    6    6    6    7    7    6   11    6    7    7    6    5    6    7    5    8    7    8   12    6    6    6    7    7    6   12    7    6    6    6    6    6   11    8    7    8    6    7    6   11    5    5   11    7    7    7    8    7    7    7    8    6    7    6    6    6    5    6    7    6    8    6   11    7    6    6    6    7    8    8    6    6    6    5    8    5    5   12    8    5    7    6    8    6    7    7    5    5    5    7   11    5    6   11    7    5   12    7    8    6    5    5    8    6    7    6    6    6    6    8    6    8    8    7    7   12    6    5    5    7    5    8   11    7    7    5    6    5    5    7    7    6    7    7    8    8    7    8    7    6    7    7   13    7    7    6    6    7    7   11    6    7    7    7    8
  32   22   18   38   16   22   16   33   18   15   15   31   17   23   18   14   34   14   20   22   20   20   15   15   21   15   17   23   15   18   37   20   19   22   15   20   16   14   21   22   37   22   32   17   33   14   21   18   16   37   32   21   22   20   36   16   19   16   16   16   22   19   35   16   19   20   19   15   15   19   14   22   18   20   16   17   18   16   16   31   19   16   14   20   15   22   18   35   14   16   37   15   20   17   22   22   20   15   19   21   18   23   22   18   22   21   22   17   20   15   31   21   15   18   32   20   37   16   23   21   17   16   20   16   15   20   36   21   14   16   15   21   15   19   16   19   16   34   22   15   23   21   32   16   20   22   22   21   15   16   20   22   20   20   23   21   18   20   22   21   36   21   22   20   37   19   21   22   21   16   23   22   21   16   22   20   32   21   20   16   16   23   23   20   16   17   16   18   22   32   23   22   17   16   18   17   21   19   15   20   21   15   21   14   19   19   14   14   23   14   19   17   21   20   18   21   16   33   17   37   15   16   21   15   23   21   20   19   16   21   23   17   22   17   20   18   20   19   22   18   14   15   16   21   20   36   18   20   16   22   18   14   20   23   15   15   15   18   20   23   22   15   19   14   15   17   15   15   20   15   22   22   19   22   14   15   18   19   18   17   16   23   22   36   21   23   14   32   23   18   19   37   17   15   23   31   16   16   22   21   22   19   18   22   34   34   20   19   23   19   19   18   19   16   31   20   23   18   15   14   16   19   18   20   22   37   21   22   23   18   17   19   22   23   15   14   15   18   22   17   16   23   32   16   21   19   21   15   21   16   22   20   16   17   19   21   36   19   32   16   16   14   34   32   17   18   35   22   33   15   15   19   20   21   34   18   16   31   21   21   22   14   17   34   23   18   15   20   20   16   17   15   22   36   20   16   17   17   21   17   20   15   17   23   16   17   16   33   21   23   18   16   15   18   19   16   18   18   18   16   15   21   19   19   23   20   19   15   33   18   18   20   16   14   16   15   21   18   21   23   22   16   18   20   22   20   20   16   16   20   19   15   35   19   18   20   23   16   16   18   22   22   15   20   18   20   35   18   22   20   20   18   17   17   21   16   15   36   18   18   18   33   22   18   22   17   18   18   14   35   21   20   18   16   17   22   17   21   16   18
  15   14   31   18   16   13   15   13   15   13   17   14   18   15   16   17   18   15   14   15   17   13   15   19   17   32   20   30   15   19   18   18   13   16   17   19   28   18   16   17   14   14   18   19   28   16   15   15   18   14   30   18   17   16   13   31   18   29   19   17   14   17   15   15   17   19   16   27   13   15   16   16   16   17   14   17   17   15   17   16   27   12   18   13   13   19   19   16   18   16   19   17   14   30   13   18   15   17   20   19   15   13   15   13   27   15   15   20   18   15   15   16   13   14   14   19   18   14   17   13   15   19   15   19   30   19   31   19   15   19   15   15   16   14   16   18   15   13   13   16   13   19   17   19   18   15   17   15   13   27   18   14   13   17   16   12   32   30   18   13   15   17   27   19   16   19   29   19   18   20   17   14   13   19   18   14   32   15   17   16   14   14   15   32   14   19   13   14   19   18   30   18   13   17   13   16   16   19   14   17   14   14   13   29   19   16   17   17   14   13   14   19   17   19   16   15   16   16   18   15   18   19   12   13   13   18   12   18   17   15   14   19   13   14   14   14   13   20   14   15   13   19   19   19   15   19   19   16   18   29   15   13   13   17   19   16   14   19   15   14   30   14   13   17   30   13   17   30   19   19   18   19   13   28   13   16   19   20   28   18   14   16   16   18   14   15   30   13   18   30   14   15   17   16   16   18   14   14   13   18   13   17   15   17   33   19   19   14   17   17   14   17   13   14   18   17   20   17   14   13   15   15   19   19   15   15   14   17   16   16   13   29   13   30   18   15   18   17   19   15   14   19   20   13   15   15   15   18   18   17   13   14   19   14   18   13   14   32   16   16   27   14   15   16   19   15   12   18   19   17   18   13   20   20   15   28   13   13   19   19   18   19   14   14   12   31   16   33   16   17   17   13   32   16   17   18   20   14   14   17   18   14   13   17   12   14   29   19   30   18   19   17   14   18   17   33   14   13   19   14   27   14   16   16   19   20   32   28   18   15   15   18   15   20   16   16   17   12   19   14   32   32   16   31   19   16   14   17   18   12   18   16   16   18   14   13   17   14   14   17   14   18   29   12   31   15   13   31   13   16   13   27   19   29   20   17   28   19   18   14   13   13   17   19   16   16   17   18   30   28   13   18   13   15   13   14   13   14   13   31
   8   10    8    8   18    7    7   17   10    9   10    8    8    9    8   11    8   11    9   10   10    9   10    8   11   15   11   18   18   10    9   10   15   11    8   17   10    8    8    7    8   11    9    7    8    9    8    8   10    7   10   17    9   11   11    8   10   10    8   10    9   15    8    7    9   10    8    9   10    9   10    9   10    8   10   11   16   17    8    8    8   10    9   10   10    8   15    9    9    9   18   10   11    9    9   11    7    9    9    8    8    8   10    9    9   11   10    8    9    9    9   10    8   11   10    9   10   10   16   10    7    7   10   17   11    8    7    9   10    9    8   10   10   10   10   10   15    9    9    8    8    9    9    9    8    9   16   11   16   15    8    7   10    8   10   10    9   10    8    8   11   10   16   11    8    9   11    9    9    9   10   18    7    9    8   10   18    7    8    8   11    7   10   17   15    7    7   11    8   10   17    8    8    9    8   15    8   11   10   10    8    9    9    9    8   11    8    7    9   10   10    9    9   10   10    9   10    7   10   10   11    7   16    9    7   11    9   10   10    8    9    9    8    9   10   11   10    9    7    7   16    9    8   11    7    8   10   10    9    8    8    8   10   16    9   10    9    8    9    9   18    8   10   18    9    8   18   11    9   10    8   11    7   11    8    9    8    9   10   11    8   11    7   10   10   10   11    7    8    9    7    9    9    9   10    8    7    8    7    8   10   10   10    7    9    9   18    9    9    9    9   10    9    8    9   10   17    8   10    9    8    8   10   15    8    9    8    9   10    9   10    8   11   10    7    8    8    9    9    8    8    9   10    8   18   15   17   10    9    8    9   15    8   15    7   10    7    7    7   10    8    7   10   10   11    8    7   17    9    7    7    9   15   10    9   10    8   10    7   10   16    9   10   11    9   10    8    7   11    7    9   16    7    9    7   10    9    8    8   10    9    9    9    9    9   10   11    9   11    7    9   10   18    7    9    8    7    8   10   11    9    9   11   17    8   10    9   11   16    8    7    8   10    8    8    8    9    9   10    8   10   16    8   10    8    9   11    9    7    9    9   16   10    9    8    8   10   10    8    8   10    7   11    8    7    7   17    8    8    8    7    8    9   10    7    9    9    7    7   10    9   15   16    9    8    8   11    8    7    9   11    9   10    9    7   10    9   11    8    8
  11    9   12   13    9   10   11   12   22    9   10    9   11   12   11    9   10   11   22   13   14   11   12   12    9   14   11   10   12    9   10   11    9   11   22    9   13   11    9    9   14   11    9   14   10   10   21   13   11   10   10   21   13   11    9   20   20   11   12   14   11    9    9   12   11   19   12   14   13   19   12    9   13    9   13   11   20   12   13   13   10   14   21   21    9   10   12   13   11   11   14   12   10   22   14   10   13   13   13   20   23   12   20   12   11   23    9   14   19   12   13   10   12   14    9   11   10   10   14    9   12   14   11   13   21   23   10   12    9    9   19   20   10   21   13   14    9    9   20   12   13    9   11   14   11    9   13   11   11   20   11   12   12   13   19   10   11   10   11   14   11   12   13   14   11   10    9   12   20   12   13    9   12   10   12   11   11   13   14    9   11   10   14   14   14   22   11   19   10   12   11   13   13   21   12   13   12   10   12   14   11   13   13   13   12    9   10   19   23   12   12    9   12   14   14   13   10   13   13   10   12   13   21   13   12   10   12   10   10   13   13   23    9    9   10   11   10   10   14   13   13    9   11    9   12   11    9   11   13   19   12    9   12   11   12   12   13   19    9   10   13    9   13   21   12   12   14   10   10   13   14   11   12   12   11   20   22   13   11   13   13   22   11   14   12   11   11   12    9    9   12    9   13   11   22    9   19   13    9   13   10   23    9   14    9   22   21    9   13   10    9   10   10   12   14   13   12   10   14   11   12    9    9   23   11   12   10   11   13   10   12   11   14    9   12   10    9   11   19   20   10   11   20   19   14   11   13   14   10   12   10    9    9   10    9   14   13   11   11    9   12   13   13   10   10   10   14   10   11   12   10   13   12    9   10   10   11    9   20   13   10   11   13    9   20   10   10   12    9    9   10   14   11   12   11   14   10   10    9   10   13   10    9   10   20   23   11   12   21    9   12   10   10   11   13    9   10   12    9   11   10   11   11   14   13   10   11   12   11   12   10   11   14   11   14   11    9   11   12   13   13   20   11   10   13   13    9   10    9   10   12   12   11   11   11   14   14    9    9   12   13   13   11   12    9   10   11   10   22   11   10   12   12   12   12   12   10   11   11   10   12   14   13   13   12    9   12   21    9   10   14   12   13   12   13    9   11    9    9   12
  17   15   14   34   18   13   15   14   19   31   18   20   18   18   14   19   17   29   20   21   15   18   18   15   21   18   15   19   34   20   19   19   21   20   14   21   19   15   21   17   14   15   19   30   30   18   19   17   16   16   15   17   16   20   17   20   18   15   14   14   17   13   21   21   19   13   13   18   17   19   29   18   21   14   15   17   21   19   16   19   14   19   14   21   21   21   14   13   19   19   15   20   20   20   17   16   32   33   18   20   16   29   14   16   15   16   17   18   21   14   18   21   15   15   16   14   17   20   17   35   14   21   19   16   20   13   16   19   15   15   19   14   17   19   19   18   16   14   19   15   21   18   15   18   17   16   20   14   17   21   19   16   31   17   16   18   19   20   29   21   20   19   13   16   21   16   19   19   16   14   14   18   18   14   13   20   19   15   14   17   14   18   19   16   15   15   16   15   18   17   29   16   15   20   19   16   16   31   17   30   14   21   18   20   19   33   19   20   16   14   18   34   17   15   20   29   17   14   19   20   21   20   19   21   20   18   29   19   19   15   15   13   19   19   16   15   16   21   17   16   20   20   14   19   13   19   18   14   21   13   18   18   16   19   18   19   19   15   19   13   18   18   15   19   17   20   16   21   14   32   14   20   15   14   16   16   21   16   20   15   19   19   19   19   17   19   21   16   16   19   16   13   14   20   16   19   20   13   33   20   20   18   21   20   15   16   17   18   33   31   15   15   14   34   21   20   20   14   34   17   35   19   19   17   14   19   14   16   13   17   18   20   16   18   17   14   14   17   16   29   32   16   14   14   13   17   20   33   16   32   14   20   19   14   18   21   20   20   20   15   19   34   16   14   17   20   13   17   35   20   20   16   14   17   17   20   15   15   21   20   17   32   21   13   18   31   21   14   16   14   21   16   15   34   15   15   15   14   34   13   15   14   19   16   16   15   15   19   15   16   15   17   15   18   20   14   21   14   20   19   15   35   14   14   21   15   20   15   18   19   15   14   17   19   20   14   19   15   20   15   30   18   17   21   19   20   20   20   18   14   14   20   17   34   15   13   16   15   17   14   14   21   21   14   33   14   17   17   14   17   14   14   18   19   29   20   17   18   14   20   15   19   19   17   18   16   16   31   16   19   19   17   15   15   19   17   20   19   14   16
  17   16   15   10   11   13   16   14   16   13   11   11   14   14   15   11   13   14   14   12   12   28   17   13   15   14   15   12   24   27   10   13   16   13   14   15   16   13   12   26   16   11   11   13   12   13   12   14   11   11   11   16   14   12   14   12   12   14   15   14   12   13   13   16   11   17   17   11   12   11   17   16   13   12   13   10   16   14   12   17   12   13   13   13   12   15   12   12   12   11   14   11   12   17   13   26   26   12   14   13   15   13   15   17   13   14   16   12   11   15   24   11   12   23   14   16   16   16   15   15   15   11   17   11   13   15   12   16   15   13   17   27   13   11   24   27   12   14   13   12   24   13   12   16   13   17   16   13   24   16   11   14   13   13   15   14   13   16   16   23   15   15   17   14   13   11   27   16   12   27   15   14   10   12   25   15   23   23   16   13   12   14   16   14   13   11   11   14   25   17   11   11   11   10   13   17   14   16   23   12   15   11   12   16   11   11   27   13   16   12   14   13   14   17   14   14   10   13   14   16   11   12   14   10   17   16   14   15   13   23   15   13   12   14   14   27   11   15   15   16   13   15   14   12   13   17   12   15   12   14   15   14   12   17   14   16   14   28   16   14   24   14   17   27   11   11   17   13   13   13   11   12   11   13   14   11   16   12   11   17   16   11   15   17   12   12   15   28   12   14   13   13   15   13   14   11   28   17   15   17   16   12   12   16   26   13   10   10   11   15   17   12   15   23   11   16   27   14   15   14   13   14   12   17   15   14   12   12   17   15   12   13   15   17   15   15   12   10   14   12   11   14   12   24   12   13   26   16   13   26   16   16   14   14   12   16   16   13   10   12   12   15   17   17   13   14   14   14   15   15   16   11   14   15   14   28   10   12   13   11   14   16   11   17   27   17   17   15   11   14   11   11   14   17   16   15   15   16   11   14   14   15   11   14   11   17   14   16   14   13   16   11   10   13   17   11   14   12   15   11   14   12   14   13   12   11   12   16   16   15   16   14   17   13   11   13   15   13   11   12   23   25   15   11   13   11   17   12   13   16   14   15   13   25   12   13   14   16   11   15   12   11   14   12   13   13   17   16   12   12   16   27   25   13   13   13   12   13   15   26   14   17   15   16   12   11   15   15   12   13   28   11   14   12   17   11   12   25   10   15
   6    9    7    8    9    9    8    7    8    8    9    6    8    7    7   13    9    6    9    9    9   14    8    8    8    8    7    7    8    7    8    7    9    9    9    7    7    8    6    7    6    8    8    9   14    6    8    6    9   15    7    7   14   13    9    8    9    7   13   13    7    7    8    9    6    9    7    7    6    7    6    9    9    7    9    9    9    7    8    6    6    8    8    9    8    9    9   13    9    8    9    9    9    9    7   14    6    9   14    8   15    7   15    7    8    8    9    6    9   14    7    7    6    9   15    8    8    6    8    7    8    8   14    7    7    7    8    7    9    9    9   13    7    7    8    9    9    9    8    8    8    8    8    9    7    9    7    6    7    7    6    9    8    9    7    7    7    7    7    6    9   15    8    9    7    6    9    7    7    9    6    9    9    6    6    6    6    7    9    8    7    9    9    7    6    7    7    7    8    6    7    7   15    9    9    6   14    6    6    8    8    6    8    6    8    9    6    9    8   14    8   15    8    7    7    6    9    8    6    7    8    6    8    8    9    9    7    8    9    8    9    8    9    7    7    8    7    6    8    7    7    9    7    9    6    6    8    6    6    9    9    8    6    8    6    7    6    7    9    6    9    8    6    6    8    6    8    9    7    8    7    9   15    8    7    7    9    9    8   13    6    7    6    8    8    9    7    6    6    8    6    6    7    9    8    8    7    8    9   13    7    9    8    6    9    7    9    8    8    7    7    9    6    8    7    8    9    8    7    7   14   14   15    9    9    8    7   14    6    7    8    9    7    8    8    7    8    8    6   13    9    6    7    7    6    9    8    7    6    7    9    9    7    8    9   13    8    8    7    8    9    6    9    9    9    8    6   13    7    6    6    6    7    9    6    6    7    8    7    8    8    8    7    7    9    9   14    8   15    7    8    9    7    7    9    8    8    6    9    7    8    8    9    8    7    7   15    8    6    9    9    7    6    7    8    8    9    9    9    9    9    8    8    9    9    8    7    9    7   13   13   13    9    9    6    9    7    9    7    6    9    8    7    8    8    7    7    9   14    9    7    8    8   13    9    6    6    7    8    6    8    9   15    7    6    9    8    6    8    7    8    7   15    7    8    6    9    7    9    9    9    6    7    6    9    8    9    7    7    7    6    9    7    8    9    8    9    7    6    7
  17   21   15   15   20   19   20   15   21   15   15   16   19   19   19   19   20   18   16   21   16   17   16   14   20   21   16   13   20   15   19   15   18   21   14   15   15   20   18   17   18   19   14   19   35   13   18   21   33   15   15   17   20   17   18   16   14   14   21   14   19   14   18   19   18   16   20   17   14   14   18   16   21   19   20   20   15   16   17   14   15   20   21   21   19   19   19   17   14   14   35   13   20   16   18   17   18   21   35   16   18   19   18   14   18   16   17   14   20   15   21   34   18   15   17   20   15   17   21   32   15   20   19   18   15   19   16   15   15   14   21   21   16   15   13   16   20   20   14   35   20   19   29   14   20   19   14   29   34   17   18   18   19   18   17   18   19   20   20   19   20   13   19   15   16   21   16   21   15   16   15   19   15   20   19   19   15   13   18   32   14   21   16   35   20   15   14   15   15   15   19   17   16   15   31   20   29   16   13   18   29   30   20   18   16   29   32   18   17   14   15   31   15   29   21   19   19   21   16   19   18   21   16   21   14   15   19   32   15   19   20   13   18   15   15   14   14   17   14   16   16   34   33   16   21   20   21   19   13   15   17   20   20   14   35   20   18   15   20   18   15   18   18   13   21   20   21   15   14   19   15   16   20   15   19   17   19   18   18   29   19   16   21   34   18   20   21   34   20   20   18   13   19   20   31   17   18   15   32   21   21   16   17   21   15   33   17   17   19   13   29   35   20   21   20   18   15   14   34   21   18   16   18   29   20   21   17   20   14   32   30   18   17   16   14   21   31   20   13   17   15   17   18   21   34   15   14   21   34   15   15   13   18   16   14   15   31   21   19   15   16   17   20   21   19   18   19   21   18   17   20   21   15   19   17   15   17   15   18   19   30   14   16   14   19   20   19   15   16   14   17   21   19   13   21   18   35   14   20   18   16   19   14   15   16   18   14   14   18   21   18   21   19   20   14   32   34   19   21   19   30   20   14   16   16   13   21   15   16   14   15   15   15   21   20   15   30   13   14   14   21   13   18   18   17   34   14   31   21   21   18   15   15   14   18   21   31   18   34   14   15   19   13   20   14   19   15   20   21   21   15   16   15   18   34   15   17   15   18   15   17   18   19   17   19   18   34   21   18   15   18   16   20   16   13   20   31   18   18   19
  10   10    6    6    6    6    6    5    5    5    5    5    6    5    5    6    5    5    6    5    5    4    5   10    9    6    6    4    6    6    4    5    6    5    6    9    6    6   10    5    5    5    5    6    5    5    6    5    9    5    5    5    6    6    5    5    6    5    4    6    5    6    4    4    4    5    6    4    6    5    9    5    5    5    4    5    5    6    9    6    6    6    5    4    6    5    6    5    5    4    4    6    6    6    4    4    5    5    5    5    4    4    5    5    5    5    5    6    6    9    9    6    4    4    6    4    5    6   10    6    6    4    5    6    6    5    5    6    4    6   10    6    6    4    6    4   10    6    6    5    6    5    9    6    6    6    5    5    6    9    5   10    5    5    6    6    5    5    6    6    9    5    6    6    6    5    5    6    6    4    4    6   10    5    6    5    6    6    6    6    5    6    5    4    5    6    6    6    4    4    6    5    4    6    5   10    4    5    6    4    6    6    5    5    6    5    5    6    6    9    6    4    6    6    5    5    6    4    6    5    6    6    4    6    6    5    4    5    5    6    6    5    5    5    4    5    5    5    4    5    6    6    4    6    5    6    4   10    6    6    5    6    4    5    4    6    6    4    6    5    6    5    5   10    6    5    6    6    6    5    6    4    5    4    5    5    4    4    5    5    9    9    5    6    5   10    4    6    6    6    5    9    6    5    6    6   10    6    6    5    9    5    6    4    5    6    4    5    6    6    6    5    6    5    5    6    5    5    5    5    5    6    4    6    5    6    5    5    5    9    6    9    5    5    6    5    6   10    4    5    5    4   10    5    5    5    5    6    5    5    4    5    5    5    6    6    6    4    5    6    5    5    4    6    9    6    4    6    6    5    4   10    5    5   10    6    4    6    6    6    6    6    6    5    4    6    6    6    6    5    6    5    6    6    5    6    5    4    6    5    5    5    6    6    6    6    5   10    5    9    5    5    6    6    4    6    5    9    4    6    4    6    5    5    5    6    5    6    5    5   10    6    6    6    5    5    4    5   10    6   10    5    6    6    5    5    9    5    5    5    6   10    5    5    6    6    5    5   10    5    4    9    6    4    5    9    5    5    6    5    5    5    6    5    5   10   10    5    4    6    5    9    4   10    5    6   10    6    6    6    5    5    4    5    5    5    5    6    5    6
  11   12   11   18   10    8   10    9   10   10    9    9   10    9   11   10   10   11    9   11    9   11   11   12   11   18   11    9    8   11   11    8   10   10   11   12   12   11   12   12   12   10   17    8   10   11    9   11   12   11   10    9   10   12    9   11   10    8   19   10    8   10    8   12   19   10    9    9    9   10    9   11   11   10   11   11   11    8   10    8   10   10   19    9   19   11   10   12   12   11   10   12   12   17   11   19   11    8   11    9   12   11   12   11    8   11   11   10   12   17   10   12    9    8    9   12   10   11    9   12   11   11   18   12    9    9    8   12   10   10   11   20   17   12    8   12   11   12   12   10   12    8   10    9   12    9    9   12   11   18   12   18   19    9   11   11    8    9   12   11    8   11    8   11   10   10   19   17    8   12   11    8   10   10    8   12   10   12   12   10   12    9   11   10   12    8   11    8   19    9   11   10   10   10   17    8   17   11   10   11   10    9   10    8   10   11    9   18    9   20   18    9   11   11   11   12    8   12   12   12    8   12   10   10   10   11    9   11   10    9   10   12   10    9   17   12    9    8    9   11    8   20    8   11   12   10   10   10   11   12    8    8    9   11   10   10   12    9   11   17    9   10   10    9   12   11   18    8    9   17   12   10   11    9   11   11   10    9    9   10   11    8   10   20    9   11   10   10   11    8   11   12    8    8    8   12   10   12   10    9   11   12   12   10   10   11   12    8   10   12   12   18    9   18   11   10   11   20   12   11   11   17   10   10   12    9   12    9   10   20   10   12   12    8   12    8   10   12   12   10   10    8   10   10   10   18    9    8    9   11   10    8   11    9    8   10   11   12    9   12    9   11   12   10   10   11   10   11   17   10   12   12   10   12   12   20   11   11   12    9    8   11    8    9   19   12   10   10   10   10   12   12    8    8   10   10    9   10   11   10   19   11    8   12   11   11   17    8   17    8   10   10   11   12    9   10    8   11    9    9   11   12   12    9    8   10   17    8   12    9    9   17    9    8   11    9   11   12   10   11    8   11   10    8   11   18   12    9    8    8   11   11    8   12    8   12   11    9   12   12   10    8    9   20   19   10   19   19   12   12    9    9   11   12   11   12   11   10   10   11    8   10    9   11   11   17   19   10   12   12   11    9   11    8    9    9   10    9   10   20
   6   11    5    7    5    6   11    7    7    8    7    7    7    6    7    7    7   11   11    5    5    8    7    6    5    7    8    7    7    8    7    7    5    5    7    5    6    6    7    6   12    5    7    6   12    8    5    8    7    6    6    7   12    5    7    7   12    7    5    6   11    6    8    6    7    6    5    8    5    7   11    8    5    8    6   11    5    7    7    6    8    6    6    6    7    7   11   13    5    7    7    7    5    5    6    7    7    5    6    8    6    7    8    6    8    7    7    7    6   12    5    5    5    8    7    6    6    6    7    8    8    8    6    6    5    8    8    7    6    7    7   11    5    7   12   13    7    6    8    6    8    6    7    5    6    7    7    6    5    6   12    8    6    7    6   11    6    6    7    6    7    7    6   11    5    7   12    6    7    6    5    5    7    5    5    7    6    7    6    7    7    6    7    6    6    7    6    6    8    7    7    5    8    7    7   11    7    6    8    6    8    6    6    5    7    7    6    8    8    8    6    5    6    6    7    7    6    7    7    7   12    7    6    5    7    6    8    7    5    6    6    7    5    5    6    8    8    7    5    5   13    8    8    8    7    8    8    5    6    7    5    6    7    6    6    6    7    7    8    7    6    5    8    5    5   13    5    6    8    5    5    7    8    6    7    6    7    5    7    7    8    7   12    6    7    7    8    5    8    6    7   12    7   12    7    6    8   11    6    6    8    5    8    5    6    7    8    5    6    7   12    6    6    7    6    8    5    7    7    7    8    7    7    7    6    5    5    8   13    6    7    5    6    6    5    7    6    7    7    6    8    8    7    5    6    6    5    7    7    8    7    5   11    6    6   11    7    6    7    7    7    6   12    6    7   13    5    5    7   12    8    8    6    8    8    7    7    6    7    7    8    6    7    7    5    6    7    7    6    6    6    7    7    7    6   13    5    7    7    6    6    6    8    6   11    7    5    7    8   13    5    6    5    8    5    7    6    6    6    6    6    8    6    8    7    5    5   12    8    8    5    8    7    7    6    5    5    5    6    8    6    6    5    6    5    8   12   12    7    7    6    6    6    6    6    6    5    5    8    6    7    8    6    7    6    8    6    5    6    6    8   12    6    5   11    7    7    5    7   12   12    7    5    6    7    8    6   12    8    7    8   13    6    5    5    7    7    6    6    6
  19   17   18   20   14   15   37   17   17   17   14   17   19   35   21   20   23   17   14   20   17   31   17   17   31   19   21   15   15   15   14   16   22   15   16   15   16   20   14   17   20   22   15   19   17   21   18   35   15   16   17   31   15   20   16   38   19   23   20   18   19   16   15   16   18   19   15   20   37   19   18   15   19   16   21   21   21   18   17   18   14   16   15   16   37   22   15   17   15   14   19   37   17   22   16   23   14   37   15   18   21   16   20   23   23   15   15   15   18   23   19   16   17   18   21   15   16   22   17   22   31   18   19   16   20   16   18   22   21   15   18   23   19   38   17   23   19   16   22   22   19   16   18   19   22   18   22   36   19   18   17   21   21   22   22   15   21   15   14   22   17   16   20   14   35   16   15   17   16   18   20   16   19   16   19   19   14   17   22   22   23   16   16   20   18   15   19   32   22   17   16   17   20   18   21   15   23   15   17   20   15   31   20   23   19   16   16   20   22   22   22   21   18   18   18   21   20   22   22   21   21   19   20   16   15   21   19   33   33   16   20   20   17   17   20   15   15   34   19   21   33   21   22   15   22   17   21   37   18   21   20   19   18   16   16   17   35   16   20   17   18   17   21   15   22   18   15   17   14   15   17   15   18   17   17   16   17   17   18   22   32   22   22   20   17   20   17   14   36   17   23   17   16   16   18   14   17   21   14   22   21   21   16   20   31   16   22   19   18   21   22   21   18   16   16   22   23   16   16   15   19   36   18   19   21   19   19   23   22   21   19   17   19   15   16   15   19   19   14   19   20   18   23   21   21   18   15   15   20   20   20   17   18   15   20   15   23   32   20   16   20   37   18   16   18   15   20   23   31   22   14   21   21   35   19   19   19   18   14   18   15   20   22   16   23   14   22   16   20   33   18   21   17   21   22   23   22   22   19   19   18   17   22   22   17   19   18   16   16   15   14   19   21   22   22   14   21   17   23   23   15   23   20   17   19   20   18   15   18   36   21   17   16   19   17   16   22   14   22   16   32   21   19   22   16   20   22   15   16   18   35   23   14   19   19   17   36   20   21   34   16   23   22   36   33   17   21   18   17   20   22   21   32   32   15   15   23   34   19   18   17   22   20   14   18   15   20   17   15   15   19   17   21   15   17   22   21   16   22   15
   8    8   10   11    9   18    9   12   10    8   12    9   10   17   11   11   12   11   10   12   12   11   11    9    9   12   10   11    9   20   11    9   10   12   11   11   11    8   10    9   12   12    9   10    9   11   10   10   12    9   10   10   12    9   11   10   10    8    9   11   12   11   17   10    8    9    8   10   11    9    9    9   17    8   20    9   10    9   11   10   12    9   11    9    9    9   17   18   10    8   10   18    9    8    9   11    9   17    8   10    8   10   20   12   11   11   12    8   12   10   10   10   11   12   11    9   12   12    8   10    8   12   10    8   10    9   10    9   11    9    9   20   10    8    8   11   18   10   12    9   10   17   19   11   11   18    8   10   19   11   10   10   10   10   12   17   11   18    9    9   17    8    8   10    8   11   20   11    8   11    9   10   11    8    9   18    8    8    9   11    8   12   10   10   17   10   12   12   12    9    8   12   10    9   10    9   11   10    9   20   17   19    9    8   12    9    9   10   12   11    9    9    9   20   10   11   10    8    9    9   10   11   11   12   10    9   10   11   10   12    8   10   12   10    9   20    9   12   19   12    9   19   12   11    9    8    9   12   10   11   12   12    9    8    9    9   12    8    9   11   11   12   12   19    9   11    9    9   11   10   12    9    9   18   11   11   10    9   11   10    9   10   12   11   11   10   10    9   10    9   12    8   11   11    9   11   12   10   12   12   10   10   10   17   12   10    8   19   12    9   10    9   10    8   11   11   10    9   10   20   18   11    8   10   11   12   10    9   10    8    9    8   17   10   10   12   10   12   11   10   10   10   10   10   10    8   11   10   12    9    8    9   10   10   10    9    8    8    9    8    9    8   11   12   12    9   12   12   19   11   10   11   11   10   11   12   12   10   11    9    9   11   17    9   11   11   10   12   12   12   12   11   12   18   10   18    8   12   10   11    9   12   11    8   10    9    8   11   11    8   12   18   11   17   12    9   10   11   12   11   10   12    8   11   11    8   11   19   12    8   12   10   11    9   11    8   11   10   20    9   10   10    8    9    9   10   12    8   12   20   10    9    8   17    8   10   11    8   12    8   11   12    8    8   18   11   10    8   11   10   17   12   11    8    9   12   20    8    9    9   12   18   17   11   10   11   11   11   11   12   10    8   10   17    8   12   10    9   12   12
