spsp
10
2
500
7 30 31 28 20 21 5 19 11 27 
15 37 39 32 27 24 12 25 17 32 
10 10 
0.002 0.002 0.002 0.002 0.002 0.002 0.002 0.002 0.002 0.002 0.002 0.002 0.002 0.002 0.002 0.002 0.002 0.002 0.002 0.002 0.002 0.002 0.002 0.002 0.002 0.002 0.002 0.002 0.002 0.002 0.002 0.002 0.002 0.002 0.002 0.002 0.002 0.002 0.002 0.002 0.002 0.002 0.002 0.002 0.002 0.002 0.002 0.002 0.002 0.002 0.002 0.002 0.002 0.002 0.002 0.002 0.002 0.002 0.002 0.002 0.002 0.002 0.002 0.002 0.002 0.002 0.002 0.002 0.002 0.002 0.002 0.002 0.002 0.002 0.002 0.002 0.002 0.002 0.002 0.002 0.002 0.002 0.002 0.002 0.002 0.002 0.002 0.002 0.002 0.002 0.002 0.002 0.002 0.002 0.002 0.002 0.002 0.002 0.002 0.002 0.002 0.002 0.002 0.002 0.002 0.002 0.002 0.002 0.002 0.002 0.002 0.002 0.002 0.002 0.002 0.002 0.002 0.002 0.002 0.002 0.002 0.002 0.002 0.002 0.002 0.002 0.002 0.002 0.002 0.002 0.002 0.002 0.002 0.002 0.002 0.002 0.002 0.002 0.002 0.002 0.002 0.002 0.002 0.002 0.002 0.002 0.002 0.002 0.002 0.002 0.002 0.002 0.002 0.002 0.002 0.002 0.002 0.002 0.002 0.002 0.002 0.002 0.002 0.002 0.002 0.002 0.002 0.002 0.002 0.002 0.002 0.002 0.002 0.002 0.002 0.002 0.002 0.002 0.002 0.002 0.002 0.002 0.002 0.002 0.002 0.002 0.002 0.002 0.002 0.002 0.002 0.002 0.002 0.002 0.002 0.002 0.002 0.002 0.002 0.002 0.002 0.002 0.002 0.002 0.002 0.002 0.002 0.002 0.002 0.002 0.002 0.002 0.002 0.002 0.002 0.002 0.002 0.002 0.002 0.002 0.002 0.002 0.002 0.002 0.002 0.002 0.002 0.002 0.002 0.002 0.002 0.002 0.002 0.002 0.002 0.002 0.002 0.002 0.002 0.002 0.002 0.002 0.002 0.002 0.002 0.002 0.002 0.002 0.002 0.002 0.002 0.002 0.002 0.002 0.002 0.002 0.002 0.002 0.002 0.002 0.002 0.002 0.002 0.002 0.002 0.002 0.002 0.002 0.002 0.002 0.002 0.002 0.002 0.002 0.002 0.002 0.002 0.002 0.002 0.002 0.002 0.002 0.002 0.002 0.002 0.002 0.002 0.002 0.002 0.002 0.002 0.002 0.002 0.002 0.002 0.002 0.002 0.002 0.002 0.002 0.002 0.002 0.002 0.002 0.002 0.002 0.002 0.002 0.002 0.002 0.002 0.002 0.002 0.002 0.002 0.002 0.002 0.002 0.002 0.002 0.002 0.002 0.002 0.002 0.002 0.002 0.002 0.002 0.002 0.002 0.002 0.002 0.002 0.002 0.002 0.002 0.002 0.002 0.002 0.002 0.002 0.002 0.002 0.002 0.002 0.002 0.002 0.002 0.002 0.002 0.002 0.002 0.002 0.002 0.002 0.002 0.002 0.002 0.002 0.002 0.002 0.002 0.002 0.002 0.002 0.002 0.002 0.002 0.002 0.002 0.002 0.002 0.002 0.002 0.002 0.002 0.002 0.002 0.002 0.002 0.002 0.002 0.002 0.002 0.002 0.002 0.002 0.002 0.002 0.002 0.002 0.002 0.002 0.002 0.002 0.002 0.002 0.002 0.002 0.002 0.002 0.002 0.002 0.002 0.002 0.002 0.002 0.002 0.002 0.002 0.002 0.002 0.002 0.002 0.002 0.002 0.002 0.002 0.002 0.002 0.002 0.002 0.002 0.002 0.002 0.002 0.002 0.002 0.002 0.002 0.002 0.002 0.002 0.002 0.002 0.002 0.002 0.002 0.002 0.002 0.002 0.002 0.002 0.002 0.002 0.002 0.002 0.002 0.002 0.002 0.002 0.002 0.002 0.002 0.002 0.002 0.002 0.002 0.002 0.002 0.002 0.002 0.002 0.002 0.002 0.002 0.002 0.002 0.002 0.002 0.002 0.002 0.002 0.002 0.002 0.002 0.002 0.002 0.002 0.002 0.002 0.002 0.002 0.002 0.002 0.002 0.002 0.002 0.002 0.002 0.002 0.002 0.002 0.002 0.002 0.002 0.002 0.002 0.002 0.002 
  29   21   17   25   27   28   27   21   28   18
  47   38   32   40   40   44   45   40   28   35
   5    3    3   10    6    6    7    4    4    5
   6    3    3    7    9    9    6    5    5    4
  11   18   23   10   23   25   16    9    5   18
  13   11   10   15   10   13   11    9   11   13
  14   15   17   15   12   14   10   13   14   12   26   14   13   12   24   14   13   13   12   14   15   12   12   13   11   16   12   14   16   12   14   13   14   15   15   13   17   16   17   13   17   16   13   12   16   12   11   16   13   24   27   16   12   15   15   23   12   11   12   15   11   12   11   15   16   13   17   13   14   16   11   12   13   12   13   16   15   13   16   13   16   12   11   14   16   12   17   12   11   14   12   16   16   15   17   15   15   11   11   16   15   16   15   14   14   15   15   13   13   13   15   12   15   16   16   24   16   27   16   16   11   16   13   16   13   15   12   16   14   25   16   16   14   16   13   17   12   15   25   13   23   15   14   16   14   11   17   12   16   12   15   11   11   24   15   16   16   16   11   10   11   12   17   13   11   14   27   15   17   24   17   12   15   16   13   12   11   13   16   13   16   13   14   15   12   24   11   13   14   13   12   25   16   15   15   14   13   13   12   11   16   24   12   13   11   15   17   11   16   13   15   12   15   13   15   14   11   13   13   12   15   14   11   25   15   16   16   17   26   10   16   17   16   25   14   13   12   16   11   27   12   13   17   16   11   15   13   24   14   26   13   14   12   25   15   16   25   12   13   12   14   15   15   16   15   13   12   15   16   14   17   14   13   13   15   13   11   16   14   15   23   13   14   14   13   16   13   25   15   13   16   12   15   15   16   12   12   13   26   15   16   26   28   15   12   11   15   12   13   17   13   16   12   11   16   14   10   15   11   11   13   11   13   13   17   11   16   16   16   13   11   16   16   13   11   13   14   11   16   14   16   12   15   14   11   15   15   13   16   17   11   16   16   11   14   13   13   15   16   14   16   13   12   13   12   15   12   13   11   11   11   12   14   11   28   10   25   15   11   27   15   13   24   11   12   14   15   12   14   11   12   26   12   13   14   14   14   13   14   17   12   13   23   14   12   13   11   13   13   17   12   14   24   15   15   27   16   12   14   15   10   16   11   15   17   15   17   12   16   11   13   15   13   15   13   14   11   16   14   11   13   11   12   12   15   13   11   14   16   10   13   11   15   12   15   16   24   23   15   12   13   13   16   15   17   12   13   15   16   26   17   11   14   16   16   12   16   14   12   14   15   15   12   15   16   12   11   11   13   14   16   27   13   14   23   16   13   14   12   12
  27   23   56   26   24   17   17   17   19   18   22   62   22   25   17   22   27   25   21   20   24   26   20   20   18   21   18   26   22   27   23   25   27   22   27   22   70   21   25   23   18   17   26   22   20   22   20   20   23   21   60   21   17   18   18   19   26   22   25   17   27   20   27   24   26   22   17   19   20   18   63   27   21   26   17   20   18   21   25   20   17   26   64   27   27   24   19   25   25   23   17   17   20   26   23   21   27   20   27   27   19   22   23   22   18   72   24   23   26   20   18   21   26   27   24   27   22   24   26   17   71   24   26   25   20   25   17   18   20   67   21   25   22   20   21   27   17   17   27   71   21   71   18   18   17   26   27   27   25   72   18   24   19   22   20   26   26   20   27   24   19   23   19   62   21   18   17   23   62   23   18   20   24   24   22   24   26   20   24   26   17   23   26   25   19   21   24   27   24   25   27   23   58   59   21   23   21   23   26   23   19   23   22   27   20   70   27   68   26   26   21   63   20   56   27   23   23   20   25   19   26   58   21   27   24   21   24   18   18   26   18   24   23   19   27   23   26   23   21   26   27   65   19   23   26   24   19   17   17   19   18   18   26   19   27   20   22   19   27   27   20   27   22   23   21   25   22   18   22   17   27   20   20   19   22   62   23   21   23   19   18   59   23   19   19   24   59   24   25   23   18   23   18   59   24   17   27   27   26   22   27   18   26   18   20   24   18   18   25   26   24   17   19   17   21   23   20   69   17   17   19   20   20   21   71   18   17   20   21   17   17   17   22   23   18   22   25   25   23   26   24   19   58   24   20   22   18   19   61   24   21   22   22   22   60   27   18   17   21   20   22   26   20   20   17   57   20   20   19   17   21   23   19   67   18   17   18   27   26   22   27   21   19   18   17   18   19   19   19   24   20   26   24   20   18   19   64   19   26   22   18   24   18   21   23   18   20   24   20   55   20   19   20   27   23   24   22   21   18   21   18   67   22   27   25   26   25   21   19   19   20   23   24   20   20   64   20   22   24   27   22   19   17   27   18   22   27   27   17   25   59   19   17   25   18   27   22   25   26   21   22   19   25   22   20   25   26   24   24   71   27   24   18   25   27   24   18   23   21   20   17   24   66   21   24   23   20   18   24   27   24   26   59   58   18   26   23   21   20   23
  35   26   24   22   23   23   31   33   25   26   22   26   22   34   33   74   32   29   28   23   34   32   28   30   23   28   25   73   25   34   23   33   28   27   32   28   31   72   25   28   27   33   33   27   25   27   90   25   28   26   29   26   23   23   27   23   28   24   34   25   25   29   32   21   26   24   24   33   22   31   27   22   22   26   72   33   84   30   25   22   81   34   76   24   31   34   32   23   28   25   30   27   32   30   26   30   83   24   70   24   30   24   33   27   22   31   30   29   35   31   26   34   34   75   21   30   25   31   32   24   23   34   21   77   28   25   24   26   34   27   26   34   32   24   25   33   22   27   26   28   78   27   32   31   35   34   31   28   86   23   30   26   29   27   22   22   30   30   32   32   30   89   22   25   29   33   22   29   22   31   33   21   78   78   25   30   30   75   22   27   33   29   23   34   35   29   30   28   35   34   34   30   32   72   25   29   32   27   26   25   35   25   33   73   28   32   35   22   91   24   31   22   32   26   28   35   32   30   81   27   28   31   22   29   31   26   29   26   28   26   33   27   30   25   33   29   22   25   23   32   27   28   34   33   24   31   83   30   27   28   26   23   32   30   31   29   29   31   91   88   26   91   83   74   27   86   32   28   26   30   30   25   91   22   80   85   21   28   27   32   33   28   22   22   24   27   32   32   29   32   27   30   24   28   27   25   21   35   25   34   73   27   28   26   31   33   31   28   31   28   24   85   35   32   23   77   23   34   33   28   22   23   34   21   32   22   22   29   24   27   28   29   29   22   31   28   26   30   30   25   34   35   34   25   70   32   30   29   33   24   84   23   31   30   28   32   25   27   70   23   30   30   28   30   27   22   33   29   30   30   34   23   35   25   28   30   26   33   33   35   23   80   22   35   33   35   22   34   24   91   26   27   29   34   26   22   34   23   30   91   25   33   35   24   28   23   29   90   32   32   32   22   29   30   29   28   29   26   22   30   23   24   33   30   27   35   22   24   27   83   24   32   28   25   34   34   30   78   22   32   25   26   84   34   71   32   23   23   25   34   30   33   24   22   34   29   31   25   23   30   34   24   24   34   23   22   33   27   23   87   35   23   34   27   28   29   77   23   32   26   29   22   29   34   30   24   25   30   29   22   25   33   31   31   33   32   23   33   29   30
  13   11   14   23   10   13   15   12   15   10   15   11   10   14   13   11   10   15   12   15   10   10   25   12   14   14   15   13   13   10   15   22   10   11   23   24   11   13   11   10   10   14   12   14   23   13   10   13   11   13   14   12   14   11   14   13   12   10   11   13   14   12   11   12   13   11   13   10   15   14   24   13   21   13   12   10   12   11   13   10   10   13   11   11   13   14   11   10   13   15   10   14   13   11   15   11   12   21   13   24   10   15   10   13   24   14   10   10   12   13   11   11   15   13   23   12   10   23   10   11   14   15   14   12   10   12   14   13   12   14   12   14   12   15   15   10   13   14   14   12   10   11   10   21   15   14   25   21   15   25   12   12   13   21   14   12   10   13   21   10   14   15   13   22   10   14   11   15   12   10   11   11   15   14   14   13   15   10   13   10   24   10   15   13   11   10   11   12   12   10   12   10   15   15   22   11   10   13   10   15   15   12   23   13   10   12   13   11   12   11   15   25   23   21   10   14   14   15   11   13   11   11   14   11   10   15   10   14   15   14   13   10   14   14   13   10   12   11   14   14   15   14   12   22   13   14   10   10   21   13   15   24   12   14   10   10   10   11   15   12   13   14   25   15   13   10   12   13   14   12   10   10   12   13   15   10   14   25   24   12   14   12   13   11   10   13   10   13   12   11   10   14   10   14   11   10   14   11   22   24   12   12   14   14   12   15   13   11   13   12   12   10   25   15   12   15   10   13   10   13   10   15   15   12   15   11   10   14   10   22   12   15   13   15   12   12   10   15   15   11   11   12   13   25   10   11   23   13   11   11   11   15   10   10   11   13   15   10   10   14   13   11   13   14   12   12   12   10   15   14   13   14   12   25   12   15   14   12   10   14   15   11   14   13   14   11   11   23   15   10   10   14   11   15   15   10   14   14   12   12   14   13   10   21   15   15   11   10   15   12   15   13   12   10   12   14   13   11   21   24   11   13   10   23   10   21   10   13   14   12   14   14   10   13   10   15   11   13   10   14   13   14   10   13   11   12   14   10   15   12   23   13   15   12   12   12   10   12   11   14   10   12   10   11   13   13   13   15   13   14   15   15   10   14   12   10   15   25   25   11   11   15   25   13   12   13   12   10   12   12   11   15   15   13   11   11   11   11   14   12
  24   74   34   25   21   28   30   30   35   31   83   33   25   26   23   23   28   77   25   26   28   79   27   31   32   31   27   23   30   24   34   23   31   27   22   28   28   30   27   34   90   30   34   27   22   22   29   28   23   30   34   35   32   35   76   35   33   26   25   26   26   33   90   26   29   87   25   24   23   35   28   32   85   22   24   34   32   32   70   34   90   27   32   25   30   32   25   27   27   22   31   32   27   89   25   32   27   78   32   25   30   34   30   75   21   33   34   24   30   22   28   33   32   26   23   35   29   35   27   29   26   24   24   25   25   22   85   35   32   21   32   23   30   29   35   22   28   33   30   30   30   23   27   22   28   29   34   31   22   91   26   30   24   29   28   26   31   34   27   25   34   29   70   35   33   92   31   29   75   28   23   30   22   25   34   23   24   30   83   29   28   24   30   22   25   24   24   24   25   26   30   92   32   22   32   22   27   26   33   27   23   29   26   28   31   34   25   23   24   29   26   34   23   33   23   31   29   73   35   23   26   28   35   25   89   22   22   27   22   24   72   22   25   24   27   26   24   32   24   23   25   31   30   26   28   22   27   31   34   25   23   26   79   23   27   32   25   22   34   23   30   25   29   29   26   32   24   34   34   34   35   30   22   29   22   23   34   30   35   35   25   34   31   34   34   33   22   30   26   25   28   33   31   35   27   87   22   34   32   26   29   89   31   34   34   34   31   29   30   27   33   22   81   29   31   28   33   31   34   34   27   32   22   35   30   23   34   81   32   26   22   21   24   24   30   27   26   30   24   22   29   25   33   31   25   32   26   28   27   30   28   21   71   34   26   30   27   26   23   26   22   31   32   33   30   22   24   92   30   26   73   32   31   32   35   91   28   29   29   31   27   31   34   25   29   29   35   30   29   29   29   29   29   35   35   30   31   75   25   79   34   24   27   31   25   30   23   75   21   89   28   26   24   28   28   22   26   22   23   30   74   27   23   26   23   31   22   70   26   27   23   23   34   86   29   26   24   32   26   32   83   24   30   25   30   28   28   24   86   72   35   87   23   34   34   22   27   26   34   25   88   30   75   28   32   33   27   32   34   33   32   79   31   33   32   31   32   27   24   32   86   25   30   23   27   31   30   33   28   31   30   32   92   27   34   26   90   24   32   26
  32   36   29   29   37   28   31   24   37   32   78   35   38   32   35   29   30   24   97   36   32   36   32   35   33   34   30   76   37   35   34   26   25   34   27   34   29   24   26   35   30   29   33   99   32   27   38   27   27   26   32   33   83   37   35   37   30   31   25   38   36   31   93   32   24   25   35   28   34   30   33   35   28   28   24   25   36   96   23   80   26   26   35   37   91   36   26   33   25   24   28   34   26   37   34   87   25   30   28   26   25   35   34   28   35   34   38   33   26   30   29   36   35   26   32   37   36   35   30   37   34   23   34   30   35   33   82   95   34   25   32   27   27   34   35   34   29   31   92   36   28   26   32   37   36   36   36   36   25   27   23   32   37   37   33   24   38   30   36   33   37   36   90   36   30   28   27   33   27   31   26   36   36   25   29   37   25   34   26   37   29   26   33   30   25   95   29   28   27   24   35   32   37   29   26   87   32   28   32   32   29   31   25   37   28   26   31   33   36   33   23   29   32   36   30   35   37   30   32   31   30   34   30   28   28   24   30   95   29   31   23   28   36   25   35   36   33   36   33   26   37   32   31   33   28   27   31   33   33   26   26   36   92   38   31   35   26   28   24   76   36   37   29   37   28   37   27   34   37   34   36   28   29   24   28   30   24   26   35   34   25   81   30   28   37   25   25   32   33   25   32   30   27   26   30   33   37   79   84   31   24   26   26   29   38   36   33   94   36   35   29   30   29   33   34   26   34   25   97   33   32   88   26   33   86   23   32   37   26   33   38   30   34   86   25   38   36   25   24   27   30   25   31   37   28   33   35   32   37   33   29   34   25   33   35   28   38   32   80   27   28   92   95   26   26   37   34   26   29  100   83   29   28   36   28   34   33   24   30   29   33   28   30   29   34   27   27   27   27   36   36   23   25   36   32   32   35   24   33   30   28   25   38   26   32   30   32   24   24   35   23   31   23   32   29   31   27   26   36   23   26   28   34   26   33   37   36   30   27   35   31  100   38   37   27   27   36   29   37   34   26   27   31   27   31   33   31   35   30   29   27   36   23   27   27   25   28   30  100   30   32   27   29   24   37   23   28   31   30   37   31   29   34   35   27   34   97   25   89   29   30   36   29   24   33   26   38   30   31   35   35   28   24   28   25   37   28   38   30   35
  33   20   20   19   18   15   15   20   24   18   17   17   23   18   20   35   16   20   23   24   17   24   18   17   23   22   17   22   20   16   22   16   33   21   23   21   23   24   15   19   18   19   23   20   23   15   16   17   19   19   19   24   16   20   16   35   19   15   16   23   15   21   17   23   21   23   19   16   21   23   16   15   22   23   23   23   21   22   18   20   21   22   37   23   20   38   35   20   16   24   24   22   19   21   20   24   23   23   22   16   23   16   33   21   20   17   23   15   18   40   24   15   23   18   19   17   17   20   16   21   18   16   15   23   19   17   24   19   22   19   18   20   22   21   20   16   24   23   16   20   23   23   16   24   22   22   40   16   17   17   23   21   24   40   34   20   19   24   20   18   24   23   24   17   23   21   24   18   37   19   20   17   22   19   21   18   16   21   20   23   23   21   24   18   24   24   19   24   24   24   23   22   24   15   22   21   22   22   24   23   18   20   39   21   15   18   21   21   24   19   22   24   22   22   24   20   40   17   20   15   22   17   17   34   19   24   20   37   24   17   16   17   21   19   23   20   23   36   24   40   17   18   24   22   21   18   20   17   34   23   22   20   23   19   16   15   19   18   24   33   15   23   20   21   22   23   19   16   22   24   24   21   17   15   22   39   18   15   22   33   15   18   19   16   18   17   22   18   19   18   18   15   34   19   18   23   21   17   20   16   16   19   20   39   18   33   24   21   17   24   18   21   21   19   16   24   24   20   17   24   23   22   18   21   37   39   18   21   20   36   21   21   16   40   22   20   17   20   21   24   20   21   18   24   24   18   23   15   40   21   17   19   18   39   20   18   36   18   16   16   15   22   24   16   20   33   23   24   22   23   23   21   16   37   23   23   24   22   23   17   34   20   21   22   16   20   19   20   24   21   37   24   16   37   38   15   19   21   24   21   22   17   15   20   16   18   21   23   15   17   18   18   16   22   22   21   22   15   17   19   18   23   23   22   19   19   20   21   22   15   23   22   23   39   15   33   19   24   40   22   38   23   17   21   17   21   15   20   19   22   22   22   24   22   18   19   15   39   20   17   18   21   18   24   20   37   17   20   22   22   24   16   16   15   22   21   21   17   17   22   23   19   38   18   23   34   36   20   20   19   21   24   33   16   15   23   20   19   20   21
  12   14    9   11   10   11   10   11   11   10   12   13   14   14   14   10   13    9   11   10    9   10   14   13   11   10    9    9    9   10   10   12   10    9   12   11    9   11    9    9   11   22   10   20   12   13   11   14   20   10   13   19   12   11   19   22   13   13   21   23   21   12   13    9   12   13   13   12   14   19   13   11   12   21   12   12   10    9   10   10   13   11   12   22    9   10   11   11    9   21   10   12   10   10   12   14   12   10   10   23   11   12   11   13   10    9   12   12   10   13    9   12   19   19   11   12   12   13   12   11   11   11   11   23   11   12   12   13   14   12   12   14   13   12   10   13   10   13   19   13   11    9   10   10   11   19   13   20   13   13   11   20    9   12   11   13    9   11   14    9   14   12   10   12   12    9   10   11   10   13   13   13    9   11   14    9   11   19   12   10   11   10    9   10   13   12   13   14   22    9   13   22    9   10    9   10   12   12   13   11   21   14   13   10   10   11   11   13   10   10   10   12    9   10   20   12    9   14    9   13   10    9    9   14   14   13    9    9   20   12   12   13   21   12   13   14   21   11   10   10   10    9   14    9   13   10   10   13   19   10   12   14   12   12   11   10   12   13    9    9   10   11   11    9   10   11   10    9   11   12   13   14   11   13   10   22   14   11   12   14    9   10   10   12   19    9   20   12   11   11   14   13    9   12   13   10   12   14    9    9   11   12   11   14   12   12   12   13   12   12   13   10   20   11   12   11    9   11   13   13   10   14   11   13   13   10   14    9   19   11   13   12   10   10   20   20   14   14   10   11   12   14   14   11   10   13   10    9    9   12    9   10   13   10   13   12   21   11   14   12   12    9   13   10   14   12   10   10   10   11   12   20   11   11   13   14   14   11   11   12   11   20    9   14   14   13   13   11   12   12   10    9   13   10   11   11   10   12   10    9   13   12   13   11   13   13   11   11   14   21   13   12   10   14   10   11   12   11    9   11    9   10   13   12   10   10   13   11    9   13   14   11   14   10   12   11   10    9   12   11   11   12    9   11   11    9   11   11   11   14   11   10   22   13   13   10    9   11   11   10   19   12   11   20    9    9    9   11   10    9   11   12   13   10   14   14   13   13   10   11    9    9   14   11   14   14   13   10   12   14   12   11   11   12   13   12   12    9   19   13
   5    7    7   11   12    5   11    7    5   12   11    6    6    8    8    6    7    6    7    8    7    7    6    5    5    7   12    5    5    8    6    6    6    6    7    7    6    5    7    8    7    8    7    5    6    7    8    8   11    8    6    5    6    8    6    5    7    7    7    7    8    7    5   12    6    5   11    8    6    6   12    7    6    7    8    7    7    6    6    6   12    6    5    7    5    7    7    6    6    6    7    7    7    6    8    6    7    7    8    5    7    6    5    7    6    7    6    6    8    7    7    8    7    7    7   11    7    6    7    6    6    6    6    8    5    6    5    6    7    6    6    6    6    8   11    6    7    6    7    6    7    8    7    6   12    6    5    5    8    5    6    8    6    6    7    6    6    7    5    6    5    7    7    5    6    7    6    6    5    5    7    7    8    7    8    6    6    6    8    7    6    7    7    6    5    5    6    7    6    6    5    7    7    6   12    5    5    6    7    7    7    5    7    5   11   12    6    7    7    5    7    5    8    6    5    7   13    5   11    7    7    6    6    7    7    7    6    5    8    5    5    8    7   12    7    6    5    8    5    6    8    8    6    8   12    6    5    7    6    8   11    6    6    7    8   11    5    6    8    5    7    5    7   11    6    6    7    8    6    5    8    6    7    5    7    5    7   13    7    6    5   12    6   12    5    8    5   11    7    7   13    6    6    5    6   13    5    7    8    6    7    5   12    6    7    6   11    8    5    6    6    7    8    6    5    8    5    7   12    8    6    5    7    5    6    8    7    5    7    7    5   12    6    6    6    6    6    6    7    7    5    6    8    6    5    6    7    7    7    7    8    7    6    6    6    5    7    6    8    6    6    7    6    5    7    6   11    8    5    7   12    7    7    6    6    5    5    7    7    7    8    6    6    5    6    6    7    8    5    7    6    5    7    7    7    8    5    8    6    7    6    6    6    7    7    7    7    7   12    7    7    6    8    6    5    7    6    5   11    6    6    8    6    6    7    6    6    6    7    6   12    6    6    7   12    7    7    5    7    6    7   11   11    7    5    6    8    6    6   13    7    6    7    7    6    7    6   13    5    7    7    5    5    5    7    8    5    6    7    8    6    8    8    7    7    8    6    7    7    7    5    8    8    5    6    6    7    7    7    6    8    7    6    8   13    6   12    6    7    7
  23   21   27   19   19   20   22   21   18   18   27   21   23   20   20   24   21   21   18   19   62   21   19   19   27   24   25   19   18   18   24   17   26   27   20   17   25   17   21   22   23   23   18   20   19   21   21   17   18   25   21   27   23   24   25   27   25   19   19   20   27   19   55   17   67   25   17   19   25   18   21   27   21   19   22   26   17   19   20   19   22   21   27   25   26   23   61   18   27   62   27   22   23   18   22   18   18   23   22   23   18   23   22   27   18   22   27   25   22   25   20   26   19   22   57   20   27   22   21   72   26   18   21   27   27   19   22   18   20   25   26   27   20   18   17   25   23   24   24   25   25   25   21   19   18   25   59   63   23   26   27   23   17   18   27   20   17   23   18   25   22   17   17   26   17   27   20   25   21   59   26   22   27   17   18   25   26   26   26   17   21   27   18   22   27   72   27   27   25   26   26   26   70   18   25   24   25   22   22   65   19   23   26   22   26   67   20   18   26   18   21   23   24   25   22   24   26   22   27   25   27   23   18   19   21   24   71   27   22   23   20   55   18   18   23   19   19   71   58   26   26   26   22   25   26   27   26   22   24   27   24   22   21   22   21   66   23   19   19   27   18   67   17   22   27   21   62   23   19   27   17   22   25   22   24   26   21   25   24   64   21   19   61   21   20   27   24   25   25   18   20   20   22   18   23   26   22   21   27   27   18   23   18   26   27   18   27   23   20   22   18   18   68   26   19   17   27   19   24   22   27   65   18   18   19   27   25   20   27   24   25   26   21   23   18   20   25   22   23   20   17   27   20   25   22   17   21   19   65   63   56   20   67   22   26   22   22   18   20   21   26   23   21   23   21   23   18   25   18   23   20   23   17   27   20   24   23   26   18   25   18   19   20   18   17   21   26   20   18   27   23   70   18   25   23   20   21   62   21   22   20   27   65   26   25   26   26   57   23   18   18   65   27   19   24   23   26   17   21   20   17   19   18   26   27   18   24   17   22   20   20   21   26   17   19   26   71   27   27   19   21   23   23   20   19   25   20   20   23   20   61   19   21   22   22   25   27   25   25   61   20   27   26   27   18   18   57   22   26   17   20   24   27   26   20   22   26   18   25   26   27   23   27   62   19   23   22   25   27   18   17   21   26   19   18   25   26   24   27   56
  15   17   15   27   16   14   18   17   13   14   14   12   32   17   13   13   15   14   18   19   18   18   18   15   17   32   19   17   17   20   31   12   18   33   18   20   20   16   29   18   13   15   19   18   14   16   13   14   16   20   18   16   16   17   13   17   19   13   19   31   28   30   13   13   19   15   19   15   15   16   30   20   14   20   19   16   20   14   13   13   17   15   31   16   19   14   33   18   16   13   20   17   18   31   20   15   15   19   15   19   13   15   13   12   30   18   17   20   15   15   16   27   18   15   14   17   14   18   18   12   19   30   15   14   13   31   19   14   19   19   15   13   20   14   15   16   18   20   28   13   15   14   13   27   13   20   14   17   19   14   17   19   17   14   20   27   18   19   14   13   12   17   30   13   17   17   17   12   19   30   20   15   17   14   13   27   17   17   29   18   16   17   14   19   16   18   13   15   19   20   19   16   16   19   16   15   15   18   15   19   16   20   13   19   16   14   19   12   30   16   19   13   19   29   18   13   13   19   18   14   28   31   19   18   19   27   15   19   19   15   17   12   17   20   15   15   16   15   15   20   12   19   13   15   13   18   19   19   19   18   16   13   16   18   15   33   13   13   19   14   14   18   31   12   15   13   19   16   14   14   17   18   18   17   17   19   17   17   16   20   17   19   16   17   16   14   18   19   18   17   13   28   14   17   31   13   16   18   28   16   14   32   15   13   17   17   18   13   16   18   31   18   15   19   13   30   13   32   15   15   14   20   14   17   17   18   19   15   15   14   12   14   14   16   15   15   14   19   19   12   20   14   12   20   20   19   18   12   13   14   18   15   30   27   17   15   17   28   32   15   18   18   17   30   13   15   15   19   12   16   19   27   14   20   19   16   13   17   18   20   15   16   17   15   20   13   14   18   14   17   20   19   31   12   13   12   13   15   18   15   17   19   14   19   14   20   18   20   13   16   13   14   20   16   14   15   14   30   14   18   28   13   19   30   15   18   18   13   12   16   15   18   20   19   16   13   17   16   19   13   18   16   14   17   18   17   18   19   14   28   13   13   13   14   20   15   27   19   13   13   19   18   17   18   16   14   17   33   19   13   13   14   19   18   19   20   13   16   18   17   17   19   31   19   17   17   13   17   32   14   17   13   14   14   18   20   19   19   15   20
  13   10   12   14   17   12   13   14   27   12   27   16   25   15   15   16   12   14   14   17   12   12   12   12   28   12   15   16   14   24   14   13   14   27   15   17   14   16   16   12   14   27   17   12   12   13   11   15   15   11   15   13   14   16   15   16   10   10   25   16   15   15   12   23   15   15   16   11   14   16   17   13   17   24   13   17   16   14   17   13   13   17   12   17   16   11   13   14   15   16   14   14   16   13   24   17   15   16   16   11   13   15   14   13   26   16   15   17   15   13   11   16   13   11   23   11   17   14   17   26   17   11   12   25   13   14   12   16   16   15   15   14   26   25   11   11   16   12   11   10   12   13   17   11   14   16   13   15   16   15   23   14   12   25   16   15   14   11   27   11   11   12   14   17   15   14   17   17   16   13   12   15   15   27   13   11   12   15   11   14   12   11   11   14   24   12   11   17   12   14   15   12   23   14   13   15   13   16   11   14   14   14   13   13   15   11   14   13   26   12   12   28   11   11   14   16   15   28   15   25   17   15   15   16   10   16   11   12   14   27   26   11   11   24   12   28   14   16   11   26   17   12   14   13   17   17   11   12   16   16   17   14   23   25   12   15   28   13   16   12   16   15   14   15   12   15   12   13   14   13   14   11   13   12   24   17   24   12   12   15   13   11   13   24   11   12   14   17   12   11   15   16   12   11   14   16   10   12   16   15   16   13   12   13   11   15   13   13   16   15   14   15   14   17   11   12   15   14   13   12   15   11   14   15   13   12   13   16   16   12   15   16   11   13   24   14   17   14   15   12   13   12   17   12   27   17   14   12   14   28   15   13   16   15   13   15   13   27   15   11   14   13   14   25   12   13   25   13   14   16   15   12   14   13   11   12   12   11   16   11   16   12   23   13   11   17   13   16   27   14   14   13   11   16   15   14   11   14   11   14   14   13   15   17   16   13   14   13   14   16   15   14   13   15   25   14   12   23   15   25   17   16   23   12   15   16   15   13   11   13   13   12   11   16   15   14   11   12   15   16   16   14   16   15   28   15   13   16   10   15   13   14   15   16   27   15   15   15   14   13   14   16   14   23   11   16   14   11   11   25   16   14   11   14   14   11   14   13   14   16   11   11   10   26   14   12   26   15   11   16   11   15   14   12   15   16   11   13   15   13
  12   12   11   11   11   11   13   12   11   13   13   10   22   25   14   13   12   14   15   15   10   22   12   11   13   12   12   11   12   14   11   13   13   14   11   15   14   15   14   14   15   15   11   11   14   15   11   10   15   11   13   12   15   14   21   10   15   14   25   14   10   15   14   15   10   15   13   11   21   10   15   15   10   13   23   22   12   11   22   14   12   11   10   14   21   11   10   10   15   12   13   14   10   11   12   10   13   15   24   12   15   12   13   14   25   12   12   21   10   14   15   15   15   11   13   10   13   25   11   10   24   10   12   13   15   13   10   10   11   12   21   12   13   12   10   25   10   15   11   11   10   11   14   15   11   15   15   10   10   13   11   21   13   12   10   12   13   14   10   10   11   14   10   15   13   10   14   14   10   21   13   22   10   14   21   14   15   10   15   12   11   15   12   14   11   15   15   11   15   11   10   11   14   15   12   13   14   13   10   24   13   15   11   11   14   15   11   12   14   15   25   12   12   15   13   15   10   11   12   14   11   13   10   15   13   11   12   14   24   13   14   13   24   15   12   12   11   22   11   10   12   15   15   15   14   14   13   12   14   15   12   10   25   15   15   13   15   13   24   11   14   10   14   11   12   10   13   13   10   10   15   13   15   10   14   15   25   10   10   11   13   10   14   12   15   13   15   15   22   10   10   11   25   10   15   13   15   22   10   13   13   13   12   11   14   15   13   10   22   14   13   15   15   14   14   11   14   14   14   14   12   13   15   14   14   13   15   15   13   11   12   15   14   14   11   14   15   24   12   12   11   11   11   10   15   13   12   14   22   13   14   11   22   10   11   15   14   14   12   11   12   13   14   12   14   10   15   10   15   10   14   13   11   11   10   12   11   13   21   14   10   10   15   15   10   14   13   12   10   11   12   10   11   11   15   14   13   11   13   12   12   14   13   14   21   14   13   10   10   11   12   13   12   10   15   11   14   15   15   15   13   15   22   13   12   22   11   14   14   11   12   11   15   15   12   12   11   11   14   15   22   13   15   15   14   15   15   15   15   13   12   15   11   14   11   14   10   15   22   10   10   10   13   14   21   15   11   13   13   15   12   11   13   14   13   10   12   10   13   15   11   11   22   11   21   11   11   15   13   11   10   10   10   15   15   11   11   12   12   14
  16   22   22   18   33   19   16   21   34   20   19   18   22   15   17   22   15   15   32   21   19   22   19   22   22   14   38   19   16   18   35   17   18   33   14   35   15   16   15   19   17   20   20   18   18   22   19   20   19   36   20   18   21   21   15   19   17   19   15   14   15   20   15   21   19   32   16   19   20   34   20   19   20   18   16   17   19   23   31   22   16   19   22   18   19   19   35   32   15   18   20   17   18   19   21   15   20   18   20   17   19   17   14   21   20   15   36   19   20   22   20   20   18   20   18   17   18   15   19   21   20   19   18   21   22   19   38   20   15   21   18   17   19   21   17   15   19   16   32   20   22   36   23   15   14   18   23   19   17   21   19   18   17   18   20   21   32   21   18   17   21   23   18   21   18   16   20   31   22   18   17   17   36   19   20   16   16   17   18   17   19   23   14   19   16   14   17   18   14   33   21   15   22   15   19   21   20   21   32   22   32   14   21   20   18   23   16   16   16   21   18   20   16   32   18   21   21   19   20   37   16   32   16   15   18   20   22   14   20   14   18   15   23   17   23   16   17   17   16   31   19   31   20   16   18   14   38   15   18   19   21   35   18   16   17   33   21   31   23   15   15   16   32   17   18   23   18   22   23   18   20   19   15   22   17   22   21   16   38   17   17   38   18   20   22   17   18   18   19   15   18   15   16   20   32   23   15   20   14   15   23   20   37   15   22   17   15   20   16   22   22   14   17   17   19   20   18   16   16   18   14   17   37   14   20   37   31   19   14   21   32   14   22   32   20   15   22   14   20   16   20   21   20   14   14   23   23   17   18   22   19   20   17   32   33   16   22   33   15   16   18   16   19   19   21   17   22   16   21   16   21   22   21   19   21   23   15   21   16   23   19   36   16   17   33   19   20   21   16   17   22   22   22   16   16   20   21   23   19   16   21   15   19   14   15   35   16   19   31   17   20   19   15   16   22   36   16   16   16   21   19   18   15   16   16   18   19   22   19   17   18   18   18   22   21   16   22   17   18   16   23   19   15   17   18   37   35   20   32   22   18   17   21   18   21   21   33   19   20   19   14   17   17   23   19   36   21   21   21   16   15   16   33   23   21   22   19   19   20   16   17   17   16   15   22   20   23   17   19   19   15   16   17   18   18   22   14   21   23   15
  13   14   12   24   14   14   11   11   15   14   23   15   25   13   12   10   13   10   14   12   25   10   15   15   12   13   12   24   10   11   13   15   12   15   14   22   22   15   10   15   15   10   15   11   11   14   11   25   15   13   14   13   12   10   22   15   11   10   13   15   14   21   13   15   13   12   14   15   21   11   10   12   12   15   15   13   14   21   11   10   22   13   11   10   10   11   11   14   21   15   15   10   12   11   25   15   10   14   14   11   11   14   10   23   15   14   12   11   12   11   15   12   15   14   15   12   11   15   14   15   14   15   12   23   12   15   14   15   14   13   13   12   14   14   12   11   14   14   13   22   13   10   13   22   12   25   13   12   15   15   11   12   11   10   15   11   11   11   11   22   13   25   15   13   14   10   10   14   12   13   11   15   15   12   14   13   12   10   15   15   15   15   15   14   13   11   24   13   14   10   15   12   11   10   12   12   11   14   10   12   14   11   10   11   14   11   13   15   13   13   15   23   10   10   10   12   13   14   22   14   13   14   14   11   10   13   13   13   15   12   11   13   15   13   12   11   11   24   14   13   14   14   10   10   21   15   21   14   23   11   10   12   11   13   14   15   12   11   24   12   21   11   13   10   14   15   15   15   14   11   10   14   22   15   12   10   11   12   10   13   13   11   11   12   11   10   23   12   12   14   12   14   10   22   11   10   11   14   21   10   11   12   15   15   11   11   15   14   14   13   14   13   10   11   10   12   12   10   14   21   25   12   14   23   13   13   14   12   10   15   14   10   11   14   13   13   13   12   15   15   13   10   10   13   10   15   10   11   13   12   11   14   12   15   10   10   11   14   15   14   11   15   10   12   15   10   12   11   10   15   11   13   15   11   24   10   21   11   22   13   12   24   11   15   13   13   14   12   15   12   12   14   14   10   14   13   13   11   15   14   11   11   15   21   15   13   15   15   15   14   14   21   15   12   13   10   14   11   23   11   11   14   12   13   15   10   10   15   11   14   14   12   25   15   15   11   12   12   13   14   13   14   12   14   10   10   14   13   12   12   12   12   13   10   10   10   25   15   10   13   10   15   12   12   12   15   14   13   12   15   11   11   13   23   14   10   24   10   12   11   24   12   10   14   15   11   13   13   10   10   11   11   15   11   10   12   10   11   12   22
  14   13   30   27   20   18   20   15   19   19   14   17   14   14   18   17   20   19   17   17   18   17   14   15   16   19   16   27   17   19   13   17   16   12   18   15   20   27   13   17   12   18   15   16   14   14   15   15   15   17   12   33   19   13   19   20   15   19   17   28   17   19   15   17   13   14   15   15   15   16   14   13   19   19   15   13   16   18   14   31   18   15   19   15   14   16   18   12   13   27   31   13   19   31   16   19   18   13   16   18   18   16   20   20   19   17   16   18   31   17   14   12   15   16   13   19   13   15   13   13   19   29   13   16   19   18   17   16   33   17   19   13   19   13   18   13   31   13   17   18   28   19   12   12   19   19   27   15   29   18   14   14   20   13   19   13   12   16   18   16   16   20   17   31   18   27   18   14   16   15   15   17   15   17   13   13   19   12   15   14   31   17   18   20   18   32   16   20   17   19   14   16   12   13   12   20   13   13   31   16   18   19   20   14   33   14   29   27   15   14   13   15   29   13   20   16   15   17   18   27   12   13   17   19   13   18   18   19   28   16   15   14   20   15   30   15   17   18   18   14   13   14   27   19   14   16   17   19   13   31   18   16   14   14   14   13   16   18   18   13   14   32   14   18   18   16   18   12   14   12   19   16   17   13   17   17   15   15   20   14   15   13   13   29   28   14   15   17   14   13   15   16   16   14   15   17   29   16   13   17   19   16   13   16   13   16   18   13   14   14   18   16   14   19   14   31   13   18   18   12   14   28   17   18   18   20   15   15   19   15   17   18   18   13   13   17   16   15   17   16   20   18   18   13   30   18   14   16   14   18   13   13   17   15   15   20   13   19   31   14   13   18   18   15   15   17   20   15   14   19   13   16   13   18   19   14   20   13   16   16   18   16   14   18   13   18   32   18   19   16   15   17   14   18   14   19   19   18   16   13   16   17   15   16   16   17   30   13   14   14   15   14   15   15   17   18   14   27   16   17   16   12   16   16   19   27   18   15   13   19   14   14   30   15   14   16   19   15   19   18   32   14   14   29   29   14   19   16   13   15   13   19   19   15   12   19   20   20   30   18   13   17   16   33   13   14   12   15   13   20   18   14   19   12   18   19   16   15   13   30   33   17   16   17   15   14   19   19   14   16   13   14   19   19   17   29   33   19   18   18
  14   15   16   11   14   14   14   15   16   11   15   28   14   14   14   15   15   15   17   17   13   17   14   17   15   15   16   23   15   13   16   12   14   16   15   11   13   26   17   13   13   17   28   12   15   13   16   11   14   13   13   12   12   16   15   11   14   10   16   25   11   12   12   17   23   15   14   15   15   11   11   25   11   24   14   16   15   12   16   27   24   17   17   15   14   16   11   26   13   23   25   15   14   15   16   17   16   14   14   14   17   27   16   13   14   16   11   14   23   17   13   24   15   14   14   28   13   12   16   13   14   12   16   14   11   12   12   16   13   11   12   12   15   14   11   11   12   15   11   16   17   14   12   14   15   12   15   12   26   15   15   15   11   17   11   23   17   12   11   14   15   15   17   27   17   13   13   13   17   14   13   15   15   12   13   14   10   15   12   10   11   15   14   16   17   12   15   13   15   14   15   17   10   12   14   27   12   14   16   15   12   13   17   12   12   11   11   13   16   12   11   16   27   14   28   11   27   13   13   14   15   10   17   16   14   11   12   16   14   15   23   17   12   14   13   16   11   24   14   13   24   25   11   13   14   11   11   13   17   17   25   15   13   24   15   15   15   16   16   11   15   11   14   24   14   11   14   14   26   15   15   12   13   11   14   17   12   17   17   11   13   13   15   14   14   11   12   15   12   15   26   15   10   12   16   11   15   16   25   11   16   12   10   15   14   11   12   15   26   12   15   14   12   12   11   16   11   14   15   11   15   14   12   15   16   15   12   10   11   12   13   28   13   15   15   12   14   13   28   16   14   13   16   16   11   12   13   11   13   23   13   16   24   17   14   14   14   10   15   12   15   11   12   15   11   13   14   12   13   16   28   12   17   11   17   11   16   15   17   14   11   13   11   12   15   13   12   16   17   16   11   12   27   11   14   11   14   17   12   11   28   11   11   15   13   24   11   14   13   17   26   16   12   15   15   14   25   11   17   15   11   13   13   16   17   13   12   15   14   13   16   17   13   11   26   15   14   14   25   11   13   13   14   14   11   17   13   12   13   12   16   15   15   16   12   28   13   17   17   12   14   16   15   14   14   11   15   17   11   16   14   11   11   13   11   14   13   25   17   14   12   17   12   10   16   11   15   24   12   27   16   17   16   14   16   15   14   15   12   24
  22    9   12   10   14   12   10   11   12   12   13   10   10   20   11    9   11   12   11   11   11   10   12   13   13   20   11   12   11   11   13   12   12   10   14    9   11   11    9   10   13   20   13   11   11    9   13    9   12    9   12   12   11   13   13    9    9   14   13   12   12    9   13   11   11   13   11   11   14   11   13    9   14   11   11   13   13   12   10   11   13   12    9   10   13   11   21   12    9   12    9   13   12   13   11    9   13   11   10   13   13   21   23   14    9   20   14   13   10   14   13   10   12   13    9    9   12   19   14    9   13   14    9   10   12    9   12   13   10   10   13    9   11   11   11   13   13   13   13   11   11   11   11   14   13   22   10   19   14    9   13   10   14    9    9   10   19   11    9   14   13    9   12    9   13    9   11   12   13   11    9   11   12   11   13   19   10   11   13   10   10   13   14   14   11   10   11   12   12   10   13   10   12   12   11    9   10   13   12   14   10   11   14   10   12   14   11   14   11   19   14   10   10   22   11    9    9    9   12   12   11    9   12   13   12   10   10   13   22    9   13   14   13   11   11   13   10   12   10   13   13   22   10   13   13   13   11   12   13   12   13   13   10    9   11   11   13   20   12    9   12   12    9    9   13   12   14    9   22    9   23   12   11    9    9   12   19   10   13   19   10   12   19   11    9   11   22    9   11   12   11   13   11   13   20   22    9   13   10    9   13   12   12   10   11   14   11   12   12   13   11   11   13   10   11   19   11   12   11    9   12   11   10   14   13    9   11   12   13    9   12   10   12   11   12    9    9   12   11    9    9   13   13   13   10   13   13   10    9   22   13   12   10   12   10   13   11   10   10   12   12   10    9   13   10   14   11   12   10   12   14   12   19    9   11    9   11   11   13   10   14   12    9    9   21   11   10   10   11   11   12    9   10   11   10   13   13   13   19    9   12   12   23    9   10   14   12    9   22    9   11    9   13    9   12   12   10   11   10   10   21   13   11   13   10   20   12   11   10    9   20    9    9   12   12   20   10    9   10   13   12   13   13    9   11   11   10   22   10   13   13    9   11   12   10   22   14   11   10   20   10   11   12   13    9   13    9   10   14   13   13   13   11   14   13   14   10   19   11   12   10   12   12   10   14   10    9   11   22   10   10   10   12   11   13   12   13   13    9   11
  15   12   11   13   24   16   16   25   14   16   11   11   15   17   10   25   14   16   12   15   16   15   11   26   16   14   28   16   10   15   15   11   16   11   25   15   12   13   13   14   15   11   16   16   13   11   16   11   12   11   11   11   16   13   10   11   16   14   26   11   13   11   16   27   16   11   25   16   11   17   24   15   13   10   13   15   17   27   16   11   16   14   12   11   28   14   15   13   15   16   15   23   15   15   14   12   16   12   25   16   13   16   15   13   11   13   13   16   11   15   14   11   17   12   14   12   24   16   10   16   12   17   26   13   17   12   11   11   11   15   16   24   11   11   16   13   13   15   14   11   12   12   13   15   14   16   13   15   14   11   28   12   15   14   14   16   17   13   13   12   16   11   16   12   11   14   12   14   16   13   13   27   17   15   14   24   14   12   11   15   15   15   14   13   13   11   16   15   16   17   13   13   24   12   11   12   11   27   12   16   11   15   17   13   14   23   11   13   11   16   12   16   12   13   15   16   13   16   16   11   15   11   12   13   14   16   14   12   17   16   15   15   13   11   16   14   13   11   15   13   13   16   13   14   15   12   14   11   12   13   16   25   10   11   27   13   23   12   14   13   11   12   24   14   16   14   14   16   26   11   15   13   16   16   13   12   13   11   15   11   13   14   11   16   28   11   15   15   13   11   11   13   12   17   26   11   15   11   13   16   15   15   16   12   14   14   13   13   11   13   16   15   14   16   28   12   23   12   11   16   13   10   11   17   15   16   16   16   14   16   15   28   24   15   13   12   13   15   12   11   14   12   11   17   14   12   13   14   14   14   14   16   28   11   13   11   16   17   13   15   15   17   16   11   26   17   12   12   23   16   14   14   15   13   17   13   15   13   15   25   16   12   13   17   16   14   13   16   16   14   11   16   13   12   14   26   12   15   11   10   14   15   17   13   14   14   16   14   11   16   24   23   13   17   10   14   16   24   14   11   14   14   14   15   16   16   12   13   11   11   25   12   16   14   13   13   15   14   12   11   14   12   13   11   14   16   11   13   10   23   17   12   13   17   25   15   26   17   11   15   26   11   14   14   16   15   13   12   14   17   13   16   13   15   14   16   11   12   16   13   10   14   15   14   16   15   11   13   23   13   13   12   13   14   10   13   13   12   16   12
  14   31   13   17   17   20   16   19   13   14   19   15   15   16   12   12   13   13   12   19   15   30   20   18   30   14   19   12   17   15   18   15   18   14   16   28   14   16   14   28   13   12   13   19   17   12   18   12   17   16   15   12   18   17   27   19   18   20   14   28   18   17   12   13   17   19   16   17   18   14   31   20   14   16   12   12   32   17   15   16   19   16   17   17   13   20   12   14   14   19   17   17   18   17   14   31   19   19   15   30   14   15   17   12   16   29   13   12   13   16   20   27   14   18   18   19   19   19   16   18   14   20   16   18   19   19   17   15   16   14   31   19   18   20   12   19   20   13   28   16   15   18   12   15   17   18   29   17   17   19   17   20   29   17   12   16   19   28   16   18   15   30   18   13   17   27   19   14   19   13   14   32   27   19   12   15   14   16   19   15   29   16   16   15   20   13   20   16   19   14   17   27   17   13   18   12   20   14   14   30   19   14   14   16   13   15   13   13   17   16   12   33   29   12   18   12   13   15   20   12   19   14   17   16   32   19   13   16   17   13   18   31   13   19   18   14   31   15   14   16   13   14   14   28   12   20   19   15   16   20   17   18   17   17   19   20   17   16   18   17   32   17   14   32   13   19   17   29   19   13   20   17   12   15   15   18   17   16   13   16   17   19   13   15   15   19   18   17   14   15   12   15   14   13   14   14   20   16   32   20   20   14   18   16   19   16   19   15   19   15   31   13   19   15   15   18   27   20   19   16   20   16   20   32   16   12   17   20   15   32   14   13   20   19   17   17   17   17   19   14   13   18   14   18   18   15   16   17   15   15   15   16   13   18   14   14   15   15   18   18   18   13   19   14   14   27   16   19   16   16   18   20   17   16   17   19   16   13   14   12   18   13   13   15   18   18   27   14   15   18   15   18   15   14   17   17   16   19   29   16   16   18   16   17   14   14   29   19   18   19   19   16   12   20   17   14   20   13   20   19   12   20   14   16   27   29   28   16   15   15   29   29   30   30   14   13   16   15   17   14   14   16   13   13   18   15   14   20   15   13   15   31   14   20   33   19   18   14   31   14   15   15   19   19   19   15   16   13   15   15   29   13   18   13   18   16   13   14   18   17   18   17   28   18   17   17   20   16   16   13   15   16   19   14   17   13   17   13   13   19
