spsp
10
2
500
13 17 27 29 27 22 25 15 16 32 
17 22 29 36 33 27 31 20 23 35 
10 10 
0.002 0.002 0.002 0.002 0.002 0.002 0.002 0.002 0.002 0.002 0.002 0.002 0.002 0.002 0.002 0.002 0.002 0.002 0.002 0.002 0.002 0.002 0.002 0.002 0.002 0.002 0.002 0.002 0.002 0.002 0.002 0.002 0.002 0.002 0.002 0.002 0.002 0.002 0.002 0.002 0.002 0.002 0.002 0.002 0.002 0.002 0.002 0.002 0.002 0.002 0.002 0.002 0.002 0.002 0.002 0.002 0.002 0.002 0.002 0.002 0.002 0.002 0.002 0.002 0.002 0.002 0.002 0.002 0.002 0.002 0.002 0.002 0.002 0.002 0.002 0.002 0.002 0.002 0.002 0.002 0.002 0.002 0.002 0.002 0.002 0.002 0.002 0.002 0.002 0.002 0.002 0.002 0.002 0.002 0.002 0.002 0.002 0.002 0.002 0.002 0.002 0.002 0.002 0.002 0.002 0.002 0.002 0.002 0.002 0.002 0.002 0.002 0.002 0.002 0.002 0.002 0.002 0.002 0.002 0.002 0.002 0.002 0.002 0.002 0.002 0.002 0.002 0.002 0.002 0.002 0.002 0.002 0.002 0.002 0.002 0.002 0.002 0.002 0.002 0.002 0.002 0.002 0.002 0.002 0.002 0.002 0.002 0.002 0.002 0.002 0.002 0.002 0.002 0.002 0.002 0.002 0.002 0.002 0.002 0.002 0.002 0.002 0.002 0.002 0.002 0.002 0.002 0.002 0.002 0.002 0.002 0.002 0.002 0.002 0.002 0.002 0.002 0.002 0.002 0.002 0.002 0.002 0.002 0.002 0.002 0.002 0.002 0.002 0.002 0.002 0.002 0.002 0.002 0.002 0.002 0.002 0.002 0.002 0.002 0.002 0.002 0.002 0.002 0.002 0.002 0.002 0.002 0.002 0.002 0.002 0.002 0.002 0.002 0.002 0.002 0.002 0.002 0.002 0.002 0.002 0.002 0.002 0.002 0.002 0.002 0.002 0.002 0.002 0.002 0.002 0.002 0.002 0.002 0.002 0.002 0.002 0.002 0.002 0.002 0.002 0.002 0.002 0.002 0.002 0.002 0.002 0.002 0.002 0.002 0.002 0.002 0.002 0.002 0.002 0.002 0.002 0.002 0.002 0.002 0.002 0.002 0.002 0.002 0.002 0.002 0.002 0.002 0.002 0.002 0.002 0.002 0.002 0.002 0.002 0.002 0.002 0.002 0.002 0.002 0.002 0.002 0.002 0.002 0.002 0.002 0.002 0.002 0.002 0.002 0.002 0.002 0.002 0.002 0.002 0.002 0.002 0.002 0.002 0.002 0.002 0.002 0.002 0.002 0.002 0.002 0.002 0.002 0.002 0.002 0.002 0.002 0.002 0.002 0.002 0.002 0.002 0.002 0.002 0.002 0.002 0.002 0.002 0.002 0.002 0.002 0.002 0.002 0.002 0.002 0.002 0.002 0.002 0.002 0.002 0.002 0.002 0.002 0.002 0.002 0.002 0.002 0.002 0.002 0.002 0.002 0.002 0.002 0.002 0.002 0.002 0.002 0.002 0.002 0.002 0.002 0.002 0.002 0.002 0.002 0.002 0.002 0.002 0.002 0.002 0.002 0.002 0.002 0.002 0.002 0.002 0.002 0.002 0.002 0.002 0.002 0.002 0.002 0.002 0.002 0.002 0.002 0.002 0.002 0.002 0.002 0.002 0.002 0.002 0.002 0.002 0.002 0.002 0.002 0.002 0.002 0.002 0.002 0.002 0.002 0.002 0.002 0.002 0.002 0.002 0.002 0.002 0.002 0.002 0.002 0.002 0.002 0.002 0.002 0.002 0.002 0.002 0.002 0.002 0.002 0.002 0.002 0.002 0.002 0.002 0.002 0.002 0.002 0.002 0.002 0.002 0.002 0.002 0.002 0.002 0.002 0.002 0.002 0.002 0.002 0.002 0.002 0.002 0.002 0.002 0.002 0.002 0.002 0.002 0.002 0.002 0.002 0.002 0.002 0.002 0.002 0.002 0.002 0.002 0.002 0.002 0.002 0.002 0.002 0.002 0.002 0.002 0.002 0.002 0.002 0.002 0.002 0.002 0.002 0.002 0.002 0.002 0.002 0.002 0.002 0.002 0.002 0.002 0.002 0.002 0.002 0.002 0.002 0.002 0.002 0.002 0.002 0.002 0.002 0.002 0.002 0.002 0.002 0.002 0.002 0.002 
  28   23   30   31   19   21   20   32   26   25
  46   32   50   43   37   50   35   47   35   36
   2    4   10    7    2    5   10    6    6    6
   5    3    9    6    2    4    5    6    5    9
  21   10    4    6   25    3   16   18   24   19
  13   15   15   15    8   13   15    8    3   11
  28   29   28   24   68   23   25   23   68   28   28   27   24   20   31   20   30   24   73   30   31   64   20   21   28   30   20   26   84   83   21   24   30   26   23   28   23   31   28   25   23   27   21   28   30   24   23   25   27   69   23   25   21   25   22   28   24   25   28   24   22   27   27   29   22   32   20   29   29   30   22   30   24   32   29   30   32   23   67   23   25   20   24   25   22   29   28   26   69   31   27   22   21   78   22   72   30   23   28   21   31   23   25   27   30   22   24   23   21   25   30   30   22   24   22   30   79   20   29   21   22   28   21   23   25   20   31   27   25   21   65   30   32   82   21   26   24   83   24   24   84   25   21   27   29   25   20   25   32   21   31   30   25   24   24   22   25   30   28   28   26   24   29   23   27   22   28   25   26   19   21   21   19   24   22   30   29   26   30   24   31   65   27   25   23   25   31   30   25   28   28   23   28   30   26   23   74   26   20   30   26   28   26   28   26   23   25   24   80   27   26   24   29   28   24   32   20   30   21   24   28   25   24   66   23   30   26   21   26   20   24   31   21   70   25   27   21   24   29   24   24   31   30   22   21   31   23   26   19   28   23   22   28   24   30   30   21   29   23   26   21   31   23   22   29   29   30   30   27   25   24   19   27   30   25   20   22   30   25   26   31   68   64   31   25   26   25   30   20   23   21   29   29   31   29   27   31   26   25   25   27   24   29   29   28   23   27   31   23   20   29   31   32   70   31   21   20   21   30   21   21   21   29   24   27   24   29   25   31   30   26   23   20   26   24   26   28   31   29   30   25   25   28   27   22   21   29   22   27   20   20   71   25   31   24   25   22   21   79   32   22   25   28   32   26   26   27   23   29   27   23   29   79   26   22   25   27   21   29   20   27   27   26   25   23   81   22   20   29   27   32   22   32   24   28   27   22   20   23   21   27   67   25   28   27   70   23   27   30   24   25   81   71   27   29   25   31   29   25   25   21   67   27   21   22   32   26   24   25   31   77   76   31   20   26   77   28   25   32   23   20   29   27   30   23   22   23   21   26   23   29   27   22   20   27   23   32   21   32   27   29   23   21   23   32   29   28   26   83   22   30   21   27   22   24   22   28   24   20   23   27   81   29   21   23   20   26   65   25   84   76   31   32   27   23   23   84   30   30   24
  15   15   14   21   14   12   25   11   13   14   12   24   12   11   10   14   13   10   13   15   11   13   15   13   25   13   14   15   11   10   13   15   12   11   11   10   11   13   11   15   10   11   15   11   10   12   12   15   23   14   11   13   12   15   14   13   13   11   24   11   15   12   12   11   11   11   10   12   10   11   14   14   12   12   11   12   13   15   14   12   11   10   12   12   13   14   12   15   24   12   13   11   21   12   15   11   10   12   13   10   12   13   14   13   13   11   15   10   13   12   13   11   22   14   24   15   13   15   11   12   11   13   21   12   13   13   10   13   13   15   13   11   13   14   23   11   25   12   22   25   12   24   12   15   14   12   12   12   14   11   14   12   15   11   14   14   15   14   12   13   11   12   10   13   12   15   22   12   12   13   10   10   22   12   10   21   13   11   12   25   21   12   10   13   10   14   14   14   11   12   14   13   12   10   13   24   15   13   15   13   10   14   12   12   24   21   12   10   15   11   11   10   10   25   14   15   14   14   11   13   11   10   10   13   10   14   12   11   21   15   14   10   14   10   22   10   14   11   12   15   14   10   13   11   15   10   12   14   14   14   11   12   10   10   11   10   10   10   12   15   14   11   14   15   13   10   15   10   14   13   13   15   12   11   11   13   11   10   15   13   13   12   24   11   13   15   13   11   13   12   12   11   11   11   13   23   14   13   12   11   14   14   14   13   21   13   10   15   24   10   12   23   12   25   10   25   10   14   11   11   12   10   12   10   24   10   10   13   22   12   12   13   14   12   15   14   13   14   13   15   25   15   10   14   13   12   14   15   11   11   10   14   10   14   11   13   10   14   13   23   13   11   11   13   11   12   10   10   14   15   15   11   13   15   13   12   13   15   11   11   12   22   13   10   13   14   13   15   15   15   25   14   15   21   25   25   12   15   13   14   14   14   15   14   10   11   15   11   13   13   10   14   10   11   12   12   14   10   10   11   14   11   10   10   24   14   15   15   10   14   15   13   14   10   11   11   15   13   12   13   14   12   10   23   11   12   13   14   23   11   12   12   15   12   15   14   12   14   15   14   13   13   15   24   14   13   15   15   14   14   12   10   15   12   13   10   12   12   15   23   13   13   24   13   12   15   15   11   14   11   10   11   12   13   24   15   14   12   13   14
   9    5    5    5    5    6    5    6    6    6    5    5    5    6    4    5    5    5    5    9    4   10    4   10    6    5    5    5   10    5   10    6    6    5    6    6    5    4    6    5    4    6    4    6    6    5    6    4    5    5    5    6    5    4    5    5    5    5    6    4    4    5    6    5    5    4    9    6    5    6    4    9    6    5    5    5    5    4    6    4    5    5    4    4    6    9    4    4   10    4    9    5    6    9    5    6    4   10    5    5    4   10    5    4    6    6    6    9    5    5    5    6    5    6    5    4    6    5    6    5    5   10    4    5    9    5    6    5    5    5    6    6    6    5    5    6    5    9    4    5    6    4    5    5    5    6    5    9    6    6    5    5    6    4    6    9    5    5    5    6    6    5    5    5    4    4    6    6   10    4    4    6    5    6    5    6    6    5    6    4    5    6    6    5    6    5    6    5    6    6    5    4    6    4   10    6    5   10    6    5    5    6    5    9    4    6    6    9    6    6    6    5    5    6    6    6    6    9    5    6    4    6    5    6    5    6    6    6    4    6    5    5    6    6    5   10    5    5    5    6    5   10    6    5    5    4    9    5    9    5    5    5    4    5    5    5    4    5    4    6    6    5    5    5    6    6    5    6    5    4    5    6    5    5    6    6    4    5    9    5    6    5    6    9   10   10    4    6    5    5    5    5    6    6    5    6    6    5    6    6    6    6    6    5    5    6    5    4    6    6    6    4    6    5    9    4    5    6    5    5    6   10    4    4    5    6    4    4    6    6    6    4    5    9    5    5    4    6    5    5    5    5    5    5    5    5    4    4    5    5    6    5    6    6    6    5    4    5    6    5    5    6    6   10    5    4    5    4    4    6    5    6    9    5    5    4    6    5    6    5    4    4    5    9    5    5    4    6    4    5    4    4    5    6    5    6    6    6    5    6    5    6    5    6    6    5    5    5    5    9    9    5    6    6    9    6   10    6    5    5    6    6    5    6    9    5    5    6    6    5    4    5    6    6    6    5    6    5    4    9    5    4   10    6    4    5    6    5    6    4    6    6    6    9    6    6    5    6    6    6    5    5   10    6    6    4   10    5    4    6    5    4    4    5    6    5    4    5    6    5    5    6    5    6    6    4    6    5    5   10    6    5   10    6    6    5    4    6    6    5
   7    7    6    7    8    7    8    8    7    8    9    9    9   13   15   15    7   13    7    7    7    7    9    6    7    9    8    9    7   14    6    6    6    8    7    7    6   15    8    7    9    9    6    8    8    7    7    9    8    8    9    9    9    7    9    6    9    6   14    6    9    9    8    9    7    8    9    8    7    7    8    7    8    7    8    9    6    9    7    6    6    7    7    7    7    8    6    7    9    9    7    6    9    8    6    7    8    9   13    8    9    6    7    8    9    9    9    9    8    9    8    9    8    8    7    9    7    6    8    9    9    8    9   14    7    9    8    9    8    8    9    7    7    9    9    7    9    6    8    7    9    9    7    8    8    6    8    9    8    9    8    7    7    9    7    9    6    9    7    7    9    7   14   13    7    7    8    9    8    7    8    7    8   14    6    8    9   14    6    9    6    9    6    8    9    9    9    6    9    9    9    9    8    7    8    9    7    8    6    8    6    8    9    8    6    8    8    8    8    7    8    8    7    7    9    7    7    8    8    8    9    7   14    6    7    7    7    7    7   14    9   15    9    7   14    8    8    8    6   13    8    9    8    6    7    8    8    8    9    7    7    8    7    9   13    7    7    8   15    7    8    7    9    8    7    7   13    7    7    9    8    8    7    9    7    8    7    7    8    9    9    6   15   14    7    8    7    9    8    8    8    9    8    9   15    6   13    6    8    8    8    6    8    7    7    6    6    8   15    8    9    9    8    8    8    7    7    9    6    8    7    8   14    6    7    9    8    9    9    9    6    8    6    7    9    8    8    8    8    7    7    6    8    6    7    7    8    7    7    9    9    7    6    6    6    9    6   15    7    9    7   13    9    8    6    7    9   13    7    9    8    9    6    9    7    6    7    7    7    8    6    9    7    6    9    7    6    9    6    7    9    6    7    7    6    9    8   13    9   14    7    7   15    9    9    8    6   15    9    7    8    6    9    8    6    7    9    8    8    7    9    9    8    7    6    9    8    9   14    6    9    7   13   14    7    9    9   13    8   14    8    7    7    8   15    8    7   15    6    7    7   13   15    6    6    6    9    8   15    7    7    8    8    7   15    8    8    8   14    6   14    9    7    8    7    8    7   15    9    8    6    9    6    7    8    8    8    8    8    8   15    7    7    9    8    6    6    9   14    9
  30   98   84   29   32   34   84   24   34   36   33   31   33   26   35   37   25   24   29   33   31   32   24   25   35   33   34   84   32   25   24   36   99   35   94   35   33   35   27   25   29   33   33   34   37   98   33   28   37   79   35   84   85   28   31   81   29   27   33   34   37   28   37   98   38   35   25   33   29   32   92   30   80   24   28   28   29   35   28   36   24   33   28   31   27   25   25   25   34   25   26   96   24   36   32   38   30   29   86   34   36   25   33   24   80   25   76   93   35   23   87   27   34   28   87   31   24   27   34  100   31   36   82   29   37   27   29   97   24   34   30   80   29   25   27   32   37   26   32   24   23   29   35   34   24   25   37   30   34   28   29   23   85   34   23   30   26   31   38   26   96   25   27   37   32   98   28   32   88   33   28   26   88   32   26   27   31   30   37   82   26   37   31   32   96   30   37   33   33   92   27   37   27   27   26   25   89   32   30   32   31   31   27   90   33   24   35   26   26   28   35   89   30   26   35   37   94   30   28   28   30   24   28   26   32   28   27   29   24   27   36   30   83   31   29   24   35   27   34   23   38   27   32   81   37   36   37   38   86   24   24   27   35   96   37   78   36   34   29   36   26   32   83   31   36   31   82   29   33   29   23   37   37   35   28   25   24   35   34   34   34   24   24   36   34   34   28   24   38   88   23   34   97   27   24   27   97   26   32   28   27   77   25   35   27   33   23   33   37   26   95   24   79   27   23   31   28   24   31   31   27   23   35   36   31   82   30   33   34   38   28   36   29   35   92   26   34   24   25   26   33   25   33   31   37   84   28   27   23   34   24   34   36   28   28   30   24   37   29   26   93   28   38   31   24   91   36   24   31   34   90   38   27   23   28   36   26   27   37   34   25   24   26   37   34   81   33   25   32   28   27   31   37   31   36   29   25   24   27   37   29   31   32   87   32   32   24   26   32   82   31   36   35   31   32   27   29   34   35   23   28   31   35   34   24   26   27   25   32   29   28   30   37   30   33   37   32   28  100   36   34   25   29   25   36   25   34   27   32   37   37   28   33   93   25   35   33   30   27   26   23   76   36   34   82   36   81   26   23   25   24   29   32   32   26   80   28   23   82   32   85   24   37   90   23   33   26   29   27   34   31   25   26   30   34   23   24   28   30   36
   5    5    4    7    3    5    3    4    7    4    5    4    4    5    4    4    7    3    7    3    3    4    5    4    7    4    5    3    3    3    4    3    5    4    7    5    3    4    7    5    5    4    3    4    7    4    4    4    5    4    4    3    4    4    4    4    5    4    4    4    4    4    5    3    4    7    5    7    8    4    5    4    4    4    5    3    8    5    5    4    5    5    5    4    5    4    5    3    5    4    4    4    5    4    5    5    5    4    4    3    4    5    8    4    5    4    4    4    4    3    5    4    5    4    4    3    5    8    4    4    5    4    5    3    8    5    5    4    4    4    3    4    4    5    4    4    4    4    5    4    7    4    3    4    5    4    4    4    4    4    5    4    4    4    5    3    4    4    5    4    4    7    4    4    4    4    4    4    5    7    8    5    4    5    5    4    4    4    5    5    4    5    4    5    4    4    5    4    4    5    7    3    4    4    4    4    3    4    5    4    7    4    5    5    5    5    8    8    7    4    4    4    3    3    4    5    5    3    5    5    4    5    4    4    4    4    3    5    5    7    4    5    3    5    5    4    4    4    5    8    5    4    5    5    5    4    5    4    4    5    7    4    5    4    5    4    4    5    4    4    5    3    4    4    4    4    3    3    4    4    4    5    5    4    4    4    8    4    4    4    3    7    4    4    5    4    5    4    4    3    4    3    4    5    4    5    4    4    5    7    5    5    4    3    5    7    4    4    4    4    8    4    8    4    5    7    4    5    4    5    5    7    3    7    4    3    4    4    4    4    5    4    5    4    4    4    4    7    5    4    5    4    4    4    4    4    4    4    3    7    4    5    4    5    7    3    5    4    4    5    3    4    4    4    5    4    5    4    4    3    4    4    4    4    4    4    3    7    3    4    4    4    4    3    4    5    4    4    4    4    4    5    5    4    5    4    7    5    3    5    5    4    4    3    5    4    4    5    4    4    5    4    4    5    8    5    5    4    7    4    4    5    4    3    4    7    4    5    4    4    5    5    5    4    4    7    3    5    4    7    4    4    4    5    7    4    3    5    4    8    5    4    5    3    5    5    4    4    3    4    5    4    4    4    4    5    4    5    3    3    4    3    7    3    5    5    4    4    4    4    7    3    5    4    4    4    7    3    5    3    3    4    4    5    7    5    4    4    7    5
  15   24   37   17   16   20   17   24   16   20   23   19   16   18   21   19   19   21   18   23   17   34   16   24   21   15   20   20   22   24   19   19   20   22   21   34   20   16   20   21   22   21   20   16   18   16   16   17   19   19   23   21   19   24   17   18   16   24   22   22   21   21   24   18   18   34   24   37   24   22   21   23   24   18   15   18   36   16   19   18   33   36   37   21   20   17   18   19   16   24   19   23   18   18   24   17   24   21   21   20   23   17   24   21   17   21   15   18   16   21   15   19   33   23   17   18   17   17   24   20   24   24   19   15   22   22   20   23   18   35   21   16   15   21   19   20   21   23   15   18   18   24   24   17   22   40   16   23   16   21   24   16   17   22   18   22   24   19   17   16   21   24   21   22   17   19   24   18   17   24   18   22   23   20   17   20   21   21   19   21   15   18   33   21   40   36   19   15   16   20   23   16   19   20   15   19   22   16   22   24   18   18   18   17   18   16   15   16   20   35   18   15   16   17   20   23   16   23   18   24   22   16   17   18   21   21   18   18   22   23   24   19   34   22   19   22   17   18   37   15   19   17   22   21   18   15   20   21   19   21   16   21   19   23   21   22   21   17   19   17   20   20   19   15   24   19   18   19   16   35   19   23   19   36   21   22   17   23   19   15   22   33   16   20   19   20   15   20   21   21   24   19   15   20   22   18   19   22   20   19   23   16   21   20   17   22   15   21   16   19   23   17   18   21   36   21   17   24   18   21   24   20   33   22   23   19   22   19   17   18   21   16   21   20   24   20   21   16   18   24   23   20   37   22   24   15   38   24   35   23   18   16   20   18   15   16   21   35   15   19   17   15   16   22   34   20   23   24   19   37   15   21   19   21   17   24   18   36   18   23   15   18   16   16   23   17   24   20   19   21   35   19   20   38   18   24   23   16   35   16   20   19   20   16   19   37   40   17   36   19   18   18   15   17   23   16   15   39   17   18   33   15   16   39   19   21   21   16   22   16   38   16   23   21   24   33   23   20   24   17   16   24   24   16   19   19   17   16   16   17   24   23   21   38   21   35   17   22   19   23   39   21   35   39   17   15   37   23   40   37   20   18   21   19   24   22   24   21   20   15   17   21   21   23   17   17   24   19   20   16   21   22   24   24   17   22   21   34   24   20
  18   26   18   25   20   61   24   17   19   21   26   24   23   19   19   67   26   22   27   25   24   25   21   22   23   27   63   27   19   25   20   25   27   24   71   26   25   23   19   27   20   17   17   26   24   19   24   27   25   17   24   69   26   26   24   25   20   20   62   19   25   26   57   26   19   27   20   20   19   24   68   23   26   20   17   20   61   21   20   27   21   26   22   22   25   27   18   21   70   57   24   22   22   19   27   23   27   23   23   63   22   23   26   21   24   17   25   19   24   22   26   20   26   23   17   23   20   21   17   19   19   24   27   21   25   25   27   24   27   27   22   25   21   20   22   26   22   27   27   22   17   20   17   60   19   23   23   69   19   20   66   27   22   24   24   22   18   19   18   67   20   19   21   67   18   26   27   20   20   24   23   20   18   18   23   26   26   25   20   22   23   27   21   19   22   27   19   17   70   25   25   21   27   20   21   27   25   18   25   23   66   18   18   21   18   22   23   66   18   17   23   24   21   21   27   18   25   24   20   23   27   22   19   23   25   27   70   18   26   27   22   18   26   19   27   61   19   21   17   24   20   17   27   58   27   27   19   25   22   21   24   22   22   19   23   21   22   18   20   23   23   66   24   26   59   20   24   24   21   17   20   24   20   19   18   21   27   27   23   19   24   26   18   22   26   23   57   58   18   27   20   18   23   19   59   17   21   27   26   24   20   20   23   22   22   25   23   20   71   17   26   27   20   18   23   27   25   17   17   22   62   23   22   21   25   24   19   22   72   26   19   57   21   23   18   19   18   63   19   19   22   21   20   27   18   19   22   21   24   20   23   26   26   17   19   22   23   26   68   17   17   21   27   62   25   26   55   25   65   25   22   24   24   22   59   27   24   27   20   26   24   18   18   24   23   24   22   24   22   23   70   24   24   19   66   24   20   24   24   26   25   23   21   23   17   17   22   26   21   26   21   23   18   18   21   27   21   22   17   24   22   17   26   24   21   24   22   20   25   19   27   27   20   25   27   24   19   18   21   26   22   17   21   24   18   25   18   26   22   55   27   17   20   27   19   27   21   23   22   19   23   18   18   19   18   23   23   21   26   20   27   22   18   23   19   19   71   25   27   24   21   20   21   24   20   27   24   18   26   21   18   17   21   21   19   26   68   27   17   21
  36   23   28   33   25   91   27   76   27   36   22   31   28   24   25   34   25   31   30   73   23   30   24   33   31   28   31   34   34   35   25   35   34   27   30   36   26   31   31   33   34   33   27   24   33   26   33   33   36   31   36   35   35   29   32   73   87   33   33   27   35   34   79   23   35   24   27   36   94   31   22   25   36   33   30   26   30   36   32   23   30   24   26   30   32   35   30   33   33   29   24   26   23   30   26   29   25   32   30   83   23   31   35   24   28   36   24   25   34   32   27   26   35   24   28   32   23   25   32   31   30   35   24   24   33   25   96   29   22   32   27   33   36   35   24   31   27   25   31   89   31   33   36   30   26   31   32   35   27   32   23   23   35   35   25   35   28   29   32   36   31   34   26   29   23   34   28   29   26   26   36   23   36   33   28   36   24   36   30   23   31   26   82   23   24   25   27   26   27   77   34   30   86   31   24   27   29   29   29   30   85   31   29   32   23   27   36   36   34   27   28   35   22   25   35   31   34   22   73   30   33   25   35   27   82   34   28   24   34   28   34   31   26   32   32   36   24   30   32   25   33   34   89   29   30   28   35   23   82   36   24   28   93   22   22   33   32   34   33   30   32   81   26   35   90   35   29   28   31   23   27   80   31   31   26   23   29   25   31   34   93   32   33   34   26   34   22   26   23   74   33   26   23   36   82   31   24   22   25   25   22   34   22   27   33   29   31   27   35   24   36   27   23   25   90   26   22   26   82   36   30   31   23   79   29   36   34   34   32   26   29   34   26   94   92   36   32   24   29   29   29   30   26   25   26   26   33   26   34   35   24   29   26   35   35   29   24   29   83   29   24   29   27   26   23   25   27   25   29   29   33   25   34   25   28   23   28   28   87   30   24   26   30   22   73   28   27   33   27   80   25   73   32   29   22   35   92   28   29   23   36   33   35   32   94   28   30   26   34   35   32   33   31   34   22   27   25   24   29   34   35   24   30   81   34   34   36   30   35   33   26   28   23   33   30   30   34   31   31   33   25   29   35   28   31   36   29   35   35   35   33   35   25   30   32   26   24   79   31   23   81   24   23   32   23   36   88   30   26   32   25   31   29   34   24   24   35   29   33   33   31   26   36   22   33   82   29   85   31   22   31   28   73   76   93   34   35   27   27   28
  22   18   27   25   28   21   26   27   24   26   29   26   26   24   25   19   26   29   27   27   19   26   22   21   25   59   19   19   26   27   24   22   20   22   25   18   19   21   26   25   21   26   23   26   19   20   19   26   26   21   28   22   74   21   22   26   27   24   24   26   27   20   28   27   19   20   23   23   26   20   20   26   22   26   27   24   22   21   19   26   22   24   23   24   25   23   23   26   25   25   28   60   29   18   27   26   23   26   20   28   65   27   22   26   29   19   25   21   25   22   18   24   18   27   21   25   20   19   29   27   21   73   21   22   27   28   29   27   24   23   21   64   19   23   20   23   26   20   25   24   28   21   18   74   19   26   25   27   20   71   20   27   27   25   22   25   23   68   71   28   18   29   20   23   25   28   22   69   24   19   23   25   29   20   59   28   28   25   26   18   21   20   26   19   22   69   20   19   62   25   27   23   24   23   19   28   27   25   26   21   27   19   29   28   76   20   27   19   58   18   19   25   22   26   27   24   18   18   21   25   19   19   21   68   19   19   20   20   63   19   23   25   20   20   19   24   18   26   27   25   20   26   28   23   20   25   23   29   25   22   19   21   23   24   27   25   22   22   26   28   21   22   63   22   23   76   20   29   69   27   25   27   18   27   29   26   62   25   27   28   28   59   21   22   26   19   25   27   18   25   23   20   24   25   19   25   24   21   19   67   22   26   25   24   19   27   24   24   65   26   25   24   19   26   27   22   28   63   18   72   25   19   24   18   74   25   21   21   27   23   21   74   18   21   25   19   19   26   23   21   22   71   18   21   27   27   20   24   29   22   24   25   27   72   27   25   21   24   19   21   26   20   22   21   19   24   58   20   71   24   24   18   19   21   61   27   21   28   21   25   22   26   21   26   27   18   72   20   25   24   23   23   21   21   18   73   24   27   28   21   22   22   18   23   27   22   19   22   23   25   21   58   19   25   19   18   18   25   19   23   21   20   66   22   24   21   21   25   28   22   28   25   29   21   20   21   25   19   23   22   24   18   70   19   23   25   69   25   76   76   22   26   22   25   28   23   22   26   76   21   25   24   19   61   20   18   29   19   21   22   26   19   19   64   21   24   18   27   21   18   22   29   26   23   18   24   26   68   28   29   23   26   18   18   23   62   23   26   29   27
  27   15   13   17   20   13   17   15   15   18   32   28   30   18   18   19   16   18   14   19   16   12   13   17   20   13   15   15   19   20   19   18   16   17   15   28   30   19   13   14   19   18   13   18   18   13   14   16   15   15   31   13   18   17   18   20   30   16   31   17   19   16   13   14   16   19   18   16   17   16   12   18   14   14   17   15   19   18   30   20   18   12   19   19   14   17   18   13   20   18   18   16   13   15   20   15   13   19   33   14   19   20   15   16   17   19   16   17   17   13   15   32   16   14   15   20   20   17   19   16   18   17   14   15   13   13   28   17   13   16   20   15   18   13   16   14   12   12   14   13   14   31   14   20   19   15   12   17   18   29   13   17   19   17   14   17   18   14   19   15   31   13   13   15   29   19   19   13   19   13   20   13   14   20   16   15   32   16   19   18   15   16   19   18   20   14   13   13   19   18   15   17   20   20   17   33   14   15   14   19   14   31   13   14   15   16   12   13   14   16   13   15   19   16   18   17   15   12   16   20   19   19   14   15   16   17   17   14   14   30   19   15   33   19   13   17   15   15   15   16   13   19   15   13   16   18   18   18   16   14   17   20   14   16   17   19   16   18   14   14   18   28   15   14   17   14   12   20   18   17   12   17   14   27   16   13   18   13   27   28   20   18   16   31   19   14   18   32   17   14   29   17   31   27   13   20   19   16   14   17   18   12   15   19   17   13   15   13   14   16   17   18   20   19   18   14   13   17   19   19   16   16   18   13   19   13   20   19   14   13   19   15   16   13   19   16   20   20   17   16   17   14   17   13   16   16   32   19   15   13   15   16   29   16   20   31   16   32   19   18   13   18   18   15   18   17   19   12   32   28   15   14   18   19   17   19   15   14   20   17   19   17   19   19   14   17   17   18   14   14   13   32   17   15   13   15   20   18   19   18   14   30   18   13   15   19   17   19   13   18   12   18   15   28   32   16   19   13   14   13   13   27   17   15   17   13   20   18   17   14   13   19   30   16   15   13   13   16   14   16   19   14   15   13   14   15   14   19   32   28   14   20   12   19   20   16   16   20   32   14   19   12   13   19   28   17   12   16   12   16   20   29   30   18   19   15   13   19   13   29   18   16   29   27   15   19   20   18   13   30   16   12   12   14   17   15   18   17   17   15
  21   20   14   15   22   21   20   23   17   16   19   22   15   37   19   16   18   17   21   20   22   34   19   18   18   18   21   14   20   17   19   14   22   18   21   18   14   19   22   20   16   20   15   16   20   14   23   21   22   14   17   21   20   19   22   19   23   21   19   19   20   16   22   19   18   17   17   35   17   18   14   33   20   22   20   38   20   23   20   15   19   15   17   22   32   20   20   18   15   16   21   23   22   38   19   35   18   22   15   23   16   14   15   22   23   17   22   14   23   16   20   21   15   22   31   22   14   14   18   19   17   18   22   21   23   19   22   16   18   18   21   23   18   14   17   18   15   17   21   14   32   20   18   18   22   20   19   21   17   18   18   22   15   21   35   20   18   17   15   18   19   14   18   15   22   35   17   18   20   17   22   16   14   21   35   21   16   20   20   19   17   22   14   31   35   15   21   20   19   20   22   16   17   18   22   20   20   20   31   22   20   23   19   16   19   21   18   18   16   23   20   17   20   15   34   22   15   21   19   18   19   18   19   23   18   19   18   22   19   22   23   19   19   21   21   19   19   16   23   37   22   14   16   31   22   15   21   16   18   18   20   14   19   14   20   35   16   20   22   33   18   20   22   22   21   22   23   21   32   17   15   20   35   16   17   20   21   17   20   22   20   14   31   22   21   14   14   22   17   32   22   19   19   21   20   33   17   17   15   16   17   33   16   16   21   18   21   18   20   21   15   19   21   19   17   20   15   21   15   15   20   17   16   22   17   22   33   23   17   21   21   20   18   21   18   14   16   18   14   17   17   18   16   23   23   20   20   15   17   22   20   14   32   16   38   17   21   33   19   15   18   16   16   15   14   15   17   18   23   23   18   18   15   19   17   35   21   15   22   17   22   17   36   36   15   17   23   21   15   21   32   20   15   18   16   15   23   18   16   22   16   18   16   19   19   16   21   38   20   17   22   17   15   22   36   19   22   17   21   32   19   18   21   20   16   18   21   15   21   18   19   17   16   36   16   18   18   18   14   18   20   20   18   17   22   14   17   21   16   21   19   21   22   18   20   22   16   20   20   15   17   15   21   37   16   19   20   22   17   19   36   34   17   17   22   15   22   22   33   15   16   19   15   17   22   18   22   20   18   15   19   19   23   17   33   16   22   18   23   14
  20   14   16   19   17   31   16   16   16   18   19   14   21   16   15   16   31   34   19   15   18   20   23   37   21   17   15   16   15   15   22   15   19   20   15   16   20   15   23   22   20   37   14   23   17   17   20   14   15   18   18   23   17   19   18   20   31   18   16   19   14   19   16   16   21   20   14   17   18   20   14   20   23   23   20   20   15   18   22   21   15   21   16   17   17   16   17   22   37   18   18   20   17   35   22   18   15   20   32   15   18   18   17   20   21   22   16   21   19   18   33   38   22   20   20   23   23   34   23   14   37   20   19   16   23   18   17   22   15   18   20   22   19   21   17   20   23   19   32   23   20   22   14   19   18   15   21   15   15   22   17   19   22   22   17   31   14   18   16   19   34   35   20   34   16   18   34   19   19   36   37   16   21   20   21   15   19   17   17   22   20   16   22   20   18   22   22   17   17   17   22   19   33   23   16   36   20   20   20   19   20   22   14   19   19   18   38   18   23   23   19   22   17   22   32   17   22   16   16   16   18   17   19   19   23   16   18   23   18   18   21   20   17   18   22   19   19   18   16   21   23   19   21   16   17   18   17   20   20   19   22   21   17   16   14   14   20   20   21   16   16   22   18   17   22   16   17   15   33   19   14   17   23   23   14   33   32   19   16   20   15   21   17   21   34   33   22   21   38   17   22   21   18   15   14   20   15   21   20   23   20   32   22   17   21   16   23   16   14   17   22   14   33   19   32   16   17   15   17   15   19   34   23   32   20   18   18   21   17   17   33   19   21   15   15   18   15   17   22   22   15   33   21   33   22   18   22   22   23   15   17   14   17   22   18   22   33   17   18   15   21   16   34   20   37   15   14   37   16   22   17   16   17   22   19   18   19   17   23   15   19   31   16   15   18   35   14   18   17   19   14   20   38   23   19   16   20   20   19   23   20   16   17   17   17   21   16   17   18   21   20   23   16   31   22   15   18   31   32   36   22   22   20   23   21   15   19   17   19   18   15   17   36   17   19   21   18   19   22   22   22   19   17   31   22   21   14   35   18   31   17   34   23   15   19   20   21   17   19   19   19   16   18   15   15   15   17   18   17   15   33   15   20   16   17   16   31   19   15   17   15   22   35   21   19   21   16   18   20   31   18   20   19   22   19   21   18   14   22   15
  22   22   17   23   17   23   20   17   15   21   18   22   19   21   34   16   21   18   16   15   14   20   31   16   16   22   18   15   19   17   16   23   22   19   19   21   23   34   20   15   21   20   15   18   23   20   16   19   15   19   16   16   22   15   31   18   23   20   19   20   16   20   19   21   19   17   16   16   19   21   18   17   35   16   23   32   17   19   19   34   33   23   19   14   21   16   37   17   19   19   16   19   21   20   34   17   20   20   16   22   20   20   23   21   18   17   18   17   22   16   17   16   23   22   15   15   19   16   22   23   21   19   14   22   21   19   15   35   34   16   22   18   17   15   19   21   17   20   23   15   23   23   22   18   22   17   19   16   16   18   16   21   16   19   15   17   18   17   16   15   15   19   17   22   20   22   20   17   32   15   18   15   21   20   16   23   15   21   21   19   17   19   17   20   23   20   15   20   20   18   22   16   15   23   16   15   16   16   19   17   21   31   19   18   14   21   22   17   16   20   17   19   14   16   18   20   33   14   16   32   17   17   15   17   14   16   23   21   22   17   19   14   23   16   20   18   16   22   23   19   17   16   36   16   18   19   16   19   21   16   21   22   15   18   14   14   21   19   21   23   22   19   15   22   21   36   22   14   17   20   22   15   20   23   15   23   17   23   19   21   21   20   18   19   20   17   17   16   15   15   15   17   18   21   16   23   20   37   23   19   15   17   19   23   21   21   23   21   20   20   17   19   35   19   23   22   17   32   23   22   19   19   18   33   16   19   38   14   21   21   18   38   16   21   21   18   15   22   17   22   18   14   16   20   16   21   18   20   37   20   18   21   18   17   18   17   16   19   14   21   22   22   15   15   15   22   18   14   20   15   22   17   18   15   22   17   20   22   15   16   23   22   16   21   21   17   21   17   21   21   15   15   18   20   37   18   23   18   16   17   16   17   19   15   15   35   21   38   18   16   17   18   34   22   14   15   15   23   22   23   22   17   17   22   15   14   14   21   20   19   20   19   18   16   22   36   17   21   17   14   21   21   15   17   14   15   18   36   19   20   23   16   21   23   17   34   19   15   22   21   22   22   21   22   16   18   20   16   20   32   16   23   20   22   21   23   18   15   32   19   20   15   23   17   20   19   18   16   21   18   22   23   18   15   19   15   19   16   19   34
   8   12    9   18    8   11    8    9   12   18   10   10   12    9    9    8   12   10   10    8   12   12    9    9   10    9   11    9    8   12    9   17   19   12    8   10    8   10   12   19   10   11   12    8   11    8    9   11   12    9    8   11   12   20   10    8   12   11   12    8    9   11   10   11    9    8   12    9   12    9    8   12   11   10   12    9   10    9   10    9   12   11   18   11   11   10   12   10   12    8   10   10   11   12   12   12    9    9    9    8    8   11    9   11   10    8   10   12   10    8    9   12    8    9   12   11   12    8   12   12    9    8   12   11    9    9    9   11    8   11    9    9   20    9   12   12   10   12    9   10   18   11    8    9    9    8    9   17    9   11   10    8   20   11    8   11   10   18   18   11   12    8   12   20   12    9   17   10    8    8    8    8   11    9   10   12    9   19   19   11   12   12   12   12    9    9   11   10    9   12   11    9    9    9   19   11    9   11   12   12   11   11   10   18   19    8   11   11   18   12    8   12   10   12   11    9   10   12   12   11   12   12   11   11   11   10   12    9    8    8   10   11   11   12   20   11    9   12   12   11    9   11   12    9   12   12   11   19   11    8   12   12   20   10   11    9    8   18    8   12    8    8   10   20    9    8    9   11   11    8   10    9   11    9   10   12   10   10   11   12   10   10   20   10   11   12   12   18    9   12   11    8   12   17   11    8    9   11    8    9   10   12   12    8   20    9   10   12   11    9    9   10   11   11   12   12   12    8   12   12    8   12   10   10    9   11   20    9   12   11   10   10   10   11    9   11   11   17   12    9   12   10   10   12    9   10   11   10    8    8   10   11   12   10   11   10   18    8   12   10   10   11   12   11   12   12   10    9   12   12   12   11   12    8    8    9   10   11   10   10    9   10   10    9    8   12    9   12   11   20   12   10    8   11    8    9   17    8   12    9    9   12   10   11   12   10   10   19   11    9    8   10   11    8   18   11   18    8    9   11   11   11   10    9   10   12   11   11    9    9    9   17   10    9    9    8   11   10   12   12   20   10   11    8    8    9    9    9    9   10   11    9    9   10   11   12   10   20    9   12   12   10    9   10   10   11    8   10    8   10    9   10   10   10    9    9   11   11   12   19    8    9    8   11   10    9    9    8   12   11   12   12    9   11    9   17   12   10   10    8
  19   14   17   15   19   17   15   19   16   15   17   16   16   17   14   17   19   15   20   14   16   19   15   15   19   20   18   13   15   13   17   14   13   13   13   19   19   17   30   13   16   12   18   18   19   20   13   17   15   17   15   16   17   20   17   13   19   12   17   13   14   19   16   17   13   18   19   17   13   13   13   16   14   15   18   17   15   14   14   20   18   16   14   14   19   17   14   13   17   16   19   15   14   18   30   19   32   19   17   14   19   14   15   20   12   30   19   17   18   18   29   16   16   14   13   18   13   19   20   20   16   17   14   16   17   15   16   19   12   19   12   19   17   13   13   18   18   16   28   17   16   12   19   19   19   13   17   15   17   14   15   19   18   15   17   14   20   19   12   12   18   17   18   15   20   12   17   17   14   17   31   16   16   15   19   19   20   15   15   19   15   12   16   18   27   13   28   18   19   12   13   19   15   13   16   29   20   17   16   18   16   15   15   17   16   14   16   14   17   16   13   19   16   14   19   29   16   32   13   33   18   17   15   14   13   12   14   18   12   12   18   14   32   13   17   13   16   17   18   18   15   18   17   18   19   17   13   15   14   14   16   18   18   14   18   17   19   18   16   15   12   17   14   16   15   16   19   19   14   31   19   12   15   13   14   13   14   16   15   13   18   16   16   19   18   28   16   18   27   14   14   31   18   18   19   15   13   18   15   18   18   16   13   18   14   17   13   15   19   13   18   14   14   17   13   17   13   18   16   18   13   18   17   29   12   19   18   15   19   18   14   17   13   17   14   16   19   16   12   19   17   27   13   12   15   15   28   16   19   18   16   17   32   14   13   27   16   19   19   18   14   15   17   19   13   27   16   14   15   16   27   19   17   16   17   17   18   13   19   19   29   18   19   14   14   13   15   18   15   14   16   13   19   18   14   32   19   17   27   17   15   19   13   13   30   20   18   16   17   20   30   16   16   32   13   15   19   16   17   15   17   16   13   13   19   18   17   27   18   32   16   28   13   17   15   15   31   19   19   15   32   20   19   18   17   20   16   30   13   16   14   15   19   12   17   19   14   14   13   18   19   31   31   14   19   13   13   16   14   18   27   14   16   15   16   14   19   32   20   18   28   15   14   18   15   17   14   13   16   13   15   15   19   18   17   18   17   20   30   14
  18   17   37   19   17   23   20   14   15   23   16   14   34   21   35   15   31   17   16   17   21   23   35   15   16   14   36   15   14   20   35   16   17   22   17   22   20   15   22   23   21   16   19   19   16   21   18   21   16   22   18   17   22   31   20   15   33   14   35   21   14   34   20   22   23   16   16   15   16   22   15   15   21   23   20   19   15   20   16   18   15   14   20   18   19   16   21   15   16   22   20   17   17   19   21   14   16   16   16   20   17   20   17   15   15   19   21   20   19   15   22   37   17   16   20   14   18   16   15   20   15   17   21   22   16   36   19   35   15   14   17   36   17   33   21   22   20   18   19   21   19   31   17   16   22   18   23   16   22   16   16   20   20   22   23   21   21   15   18   18   18   18   20   37   18   18   21   19   21   17   23   33   23   21   32   21   19   18   21   32   19   16   33   31   21   16   36   15   17   22   21   16   22   21   20   16   17   15   19   16   23   22   14   18   20   34   15   34   23   31   17   15   15   21   16   18   21   20   20   20   19   16   16   21   16   18   19   21   21   17   19   18   15   16   23   17   16   18   18   21   14   20   21   14   19   17   19   23   17   23   17   33   15   19   21   22   20   23   14   18   21   17   36   21   16   21   34   17   21   18   33   16   21   19   15   21   21   20   17   22   17   19   21   17   20   22   15   22   16   20   36   22   19   17   14   15   17   16   18   21   16   35   21   18   17   20   35   17   14   22   19   17   22   34   20   20   20   20   22   36   18   14   19   33   21   16   22   14   21   16   17   21   22   15   22   22   21   20   22   17   23   19   31   23   32   20   36   20   20   15   38   19   17   15   23   37   20   19   34   17   20   21   20   22   19   16   20   14   20   22   22   21   15   16   23   21   17   15   20   15   18   17   19   15   22   19   19   18   19   20   20   20   18   16   17   23   17   22   18   23   16   35   22   22   21   21   21   15   32   19   20   17   17   19   20   20   16   33   22   14   21   18   17   23   21   17   21   18   18   23   18   14   16   21   23   18   18   21   16   23   15   21   21   20   31   19   18   20   18   21   16   19   33   22   19   20   20   16   35   19   21   20   17   23   34   21   15   22   17   21   20   15   18   19   14   16   16   32   21   16   16   31   17   31   19   31   19   19   18   18   31   34   15   35   19   16   23   19   18   36
   8   12    9   11   10   10   10   12    9   17   12   11    9   20   12   12   12   11    9   11   12   11   11   20    9    8   12    8   20    9   10   10   10   10   10   10   12   10   10   19   12   10    8   11    8   11    9   10    8    8   11   12    8    9    8   11    8   11    8    9    8   10   10    9    9   18   11   18   10   11    9    8   10   12   11   12    8   11    8   18   11   11   12   11    9    8    9   11    8    8   11   11    9    9    9   12    9    9   12    9   11   10    8   12   19   19   12    8   12   11   12   12    8   10   18   12    8    9   18   11   11    9   12   11   18   10   11   10    8   10   12   10    8   10   11    9    8   10   19   12   12   18    9    8    9   10    8    9   20   10   11   12   20   12   12   11   11   11   20   12   10   17   12   11    9   10    8   17   10    8   18    9   11   12   12    8   10    8   20    9   12   12   11   11   12   11   10   10    8   11   11   11    9   12    9   12   10    9   10   10   12    8   12   12    8   12    8   10    9    8   11    9    8   10   10   20   12   12   10   12   18   10   10   12   18    8    8   12   11   10   10    8    8    8   11   11   10    8   12    9   19   10    9   19   19    9    8   10   12   11   20   12   11    8   12   12   19   12   10    9   10   10   11    9    8    8    9    9   11   10   11   11   11   20    9   12    9    9   12   12   11    8    8   12   10    8   12   10   20   12   10    9    9   12   12   10    9    9    8   11   11   10   10   11   17    9   11   10   10   10   19   10   12   11   10   11   12   18   11   12   12    9   11   12   11    9    9    9   12    9   10   11   12   11    9   10    9    9    9    8   12   19   10    8    9   12   12   19   12    9    9    8   12   12   10   18   10   11   19    8   19    9   12   11   10    8   10   12   11   11   10   10   10   11    8    8   17    9    8   10   11   11    8    9   12    8   20    9    8   10   10   11   10   20   12    9   17    8   10    9   11   18    8   11    9   10    8   11   10   18   10   12    9   20    9   12   17   17   10   11   10   19   10   11    8   11   11    9   10   10   10   11   20   17   12    8   11    9   11   11    9   12   12   12   17   18    9   10   19   10    9    9    8   11    9   11    9   12   10   11    9   11    8    9   11    8   11   10   12   12    8    8    8   11   10   11   11    9   11    9   10   19   11   11    8   10    8   10   10   17    8   11   18    9   12    9    9    9   10   11
   3    5    4    4    3    4    5    4    4    4    7    4    5    3    3    5    4    4    3    4    4    5    7    5    4    4    4    5    7    5    4    4    4    4    3    4    4    3    4    5    4    3    4    5    4    3    5    4    7    8    4    4    8    5    7    7    3    4    4    4    4    4    3    4    3    4    5    4    5    4    3    5    4    4    3    4    4    4    4    4    4    4    8    4    5    4    5    5    5    4    4    4    4    4    3    4    4    4    4    5    5    3    4    7    4    3    4    3    3    5    4    4    5    5    5    5    4    5    4    8    4    4    8    4    4    5    4    4    4    4    4    5    5    5    4    4    4    5    5    5    5    4    3    3    4    5    4    3    3    4    5    4    5    5    3    4    3    3    5    4    7    4    3    3    4    3    4    3    7    4    3    7    4    3    4    5    4    3    5    4    4    4    7    4    3    5    7    5    4    3    4    4    3    5    4    5    4    4    3    3    4    4    5    4    5    3    5    4    3    3    3    5    4    7    5    4    7    3    4    5    3    4    3    4    4    4    5    8    4    4    5    4    3    4    4    4    4    5    8    5    3    4    3    4    5    3    5    4    4    3    4    4    7    4    3    4    5    8    4    5    4    5    4    4    3    8    4    4    4    3    4    3    5    4    4    4    5    4    4    7    4    5    4    4    3    4    5    4    8    5    5    3    3    5    5    4    4    5    4    4    4    4    4    5    4    4    5    5    5    5    5    4    4    4    3    4    5    4    3    3    5    5    4    7    4    4    4    5    4    4    8    5    4    4    5    4    5    4    5    4    4    3    4    4    4    5    4    4    5    5    3    5    5    4    5    4    4    5    3    3    4    7    4    4    4    5    4    8    4    5    5    4    3    3    4    3    4    8    4    4    4    4    5    4    4    3    5    5    3    5    4    4    3    5    4    3    4    4    4    5    4    4    3    3    5    8    5    4    4    7    5    4    4    7    4    4    4    8    4    4    5    7    5    4    4    4    5    4    8    5    7    3    4    8    5    4    4    8    4    4    4    5    4    4    7    5    5    7    8    3    5    5    5    3    5    5    4    3    4    4    3    3    4    7    7    4    4    4    4    4    7    7    5    5    4    5    4    4    4    4    5    4    4    4    4    5    3    5    5    5    4    4    5    8    4    3    4    4    4    4
  15   16   14   12   16   27   12   15   12   14   15   16   11   13   17   11   15   14   14   24   24   13   11   11   26   12   14   13   15   11   13   25   12   15   12   16   13   13   12   12   14   17   11   15   16   13   12   12   14   14   10   11   16   15   11   16   14   12   15   12   15   16   27   12   11   15   13   12   14   11   26   15   14   13   15   13   15   14   13   11   11   14   14   17   11   12   12   27   15   15   28   12   12   11   17   11   11   16   12   11   15   12   16   16   16   15   16   17   12   16   12   12   17   13   14   14   13   13   26   11   17   13   12   11   13   14   15   12   23   11   14   16   25   13   11   12   15   25   12   12   16   12   11   13   11   12   14   15   15   14   13   11   11   16   15   12   12   12   12   11   12   14   15   27   11   15   24   13   11   12   15   25   15   14   17   14   13   13   11   16   17   17   17   11   15   14   16   28   17   15   27   13   12   16   17   17   11   13   11   15   17   16   23   11   15   12   10   13   11   13   13   12   13   14   13   15   16   11   13   14   13   17   11   11   14   14   12   11   23   25   24   13   15   27   12   28   13   14   26   13   27   26   13   14   12   15   11   13   13   14   13   15   12   16   13   11   11   15   11   12   12   12   14   15   11   15   12   16   17   15   13   15   13   13   14   11   11   11   13   12   15   15   11   11   17   13   23   25   16   13   12   11   13   16   13   16   12   14   14   13   13   12   15   13   12   13   12   25   13   23   12   11   11   14   14   12   16   11   13   12   15   11   13   15   13   11   11   27   12   13   12   15   14   11   24   14   14   14   14   14   16   11   17   12   17   11   13   13   27   12   11   17   11   14   13   15   17   13   13   17   14   14   15   24   16   16   15   14   14   13   16   15   16   15   14   13   11   11   13   13   12   16   16   13   23   11   26   17   16   13   16   14   15   26   13   10   16   15   13   15   11   11   24   14   12   17   15   17   26   13   12   13   14   16   15   14   24   12   14   13   14   16   17   16   12   16   24   14   15   11   15   13   11   27   17   11   14   12   25   14   13   16   11   14   13   12   15   11   13   12   11   12   11   14   11   12   11   16   11   15   11   17   13   13   14   11   24   15   11   12   14   11   13   11   16   25   12   13   11   11   12   12   14   12   14   14   15   11   14   13   11   15   12   17   13   12   11   12   16   24
