spsp
10
2
500
15 15 30 34 11 22 30 32 25 12 
20 23 38 42 16 28 38 38 29 15 
10 10 
0.002 0.002 0.002 0.002 0.002 0.002 0.002 0.002 0.002 0.002 0.002 0.002 0.002 0.002 0.002 0.002 0.002 0.002 0.002 0.002 0.002 0.002 0.002 0.002 0.002 0.002 0.002 0.002 0.002 0.002 0.002 0.002 0.002 0.002 0.002 0.002 0.002 0.002 0.002 0.002 0.002 0.002 0.002 0.002 0.002 0.002 0.002 0.002 0.002 0.002 0.002 0.002 0.002 0.002 0.002 0.002 0.002 0.002 0.002 0.002 0.002 0.002 0.002 0.002 0.002 0.002 0.002 0.002 0.002 0.002 0.002 0.002 0.002 0.002 0.002 0.002 0.002 0.002 0.002 0.002 0.002 0.002 0.002 0.002 0.002 0.002 0.002 0.002 0.002 0.002 0.002 0.002 0.002 0.002 0.002 0.002 0.002 0.002 0.002 0.002 0.002 0.002 0.002 0.002 0.002 0.002 0.002 0.002 0.002 0.002 0.002 0.002 0.002 0.002 0.002 0.002 0.002 0.002 0.002 0.002 0.002 0.002 0.002 0.002 0.002 0.002 0.002 0.002 0.002 0.002 0.002 0.002 0.002 0.002 0.002 0.002 0.002 0.002 0.002 0.002 0.002 0.002 0.002 0.002 0.002 0.002 0.002 0.002 0.002 0.002 0.002 0.002 0.002 0.002 0.002 0.002 0.002 0.002 0.002 0.002 0.002 0.002 0.002 0.002 0.002 0.002 0.002 0.002 0.002 0.002 0.002 0.002 0.002 0.002 0.002 0.002 0.002 0.002 0.002 0.002 0.002 0.002 0.002 0.002 0.002 0.002 0.002 0.002 0.002 0.002 0.002 0.002 0.002 0.002 0.002 0.002 0.002 0.002 0.002 0.002 0.002 0.002 0.002 0.002 0.002 0.002 0.002 0.002 0.002 0.002 0.002 0.002 0.002 0.002 0.002 0.002 0.002 0.002 0.002 0.002 0.002 0.002 0.002 0.002 0.002 0.002 0.002 0.002 0.002 0.002 0.002 0.002 0.002 0.002 0.002 0.002 0.002 0.002 0.002 0.002 0.002 0.002 0.002 0.002 0.002 0.002 0.002 0.002 0.002 0.002 0.002 0.002 0.002 0.002 0.002 0.002 0.002 0.002 0.002 0.002 0.002 0.002 0.002 0.002 0.002 0.002 0.002 0.002 0.002 0.002 0.002 0.002 0.002 0.002 0.002 0.002 0.002 0.002 0.002 0.002 0.002 0.002 0.002 0.002 0.002 0.002 0.002 0.002 0.002 0.002 0.002 0.002 0.002 0.002 0.002 0.002 0.002 0.002 0.002 0.002 0.002 0.002 0.002 0.002 0.002 0.002 0.002 0.002 0.002 0.002 0.002 0.002 0.002 0.002 0.002 0.002 0.002 0.002 0.002 0.002 0.002 0.002 0.002 0.002 0.002 0.002 0.002 0.002 0.002 0.002 0.002 0.002 0.002 0.002 0.002 0.002 0.002 0.002 0.002 0.002 0.002 0.002 0.002 0.002 0.002 0.002 0.002 0.002 0.002 0.002 0.002 0.002 0.002 0.002 0.002 0.002 0.002 0.002 0.002 0.002 0.002 0.002 0.002 0.002 0.002 0.002 0.002 0.002 0.002 0.002 0.002 0.002 0.002 0.002 0.002 0.002 0.002 0.002 0.002 0.002 0.002 0.002 0.002 0.002 0.002 0.002 0.002 0.002 0.002 0.002 0.002 0.002 0.002 0.002 0.002 0.002 0.002 0.002 0.002 0.002 0.002 0.002 0.002 0.002 0.002 0.002 0.002 0.002 0.002 0.002 0.002 0.002 0.002 0.002 0.002 0.002 0.002 0.002 0.002 0.002 0.002 0.002 0.002 0.002 0.002 0.002 0.002 0.002 0.002 0.002 0.002 0.002 0.002 0.002 0.002 0.002 0.002 0.002 0.002 0.002 0.002 0.002 0.002 0.002 0.002 0.002 0.002 0.002 0.002 0.002 0.002 0.002 0.002 0.002 0.002 0.002 0.002 0.002 0.002 0.002 0.002 0.002 0.002 0.002 0.002 0.002 0.002 0.002 0.002 0.002 0.002 0.002 0.002 0.002 0.002 0.002 0.002 0.002 0.002 0.002 0.002 0.002 0.002 0.002 0.002 0.002 0.002 0.002 0.002 0.002 0.002 0.002 0.002 0.002 0.002 0.002 0.002 0.002 0.002 0.002 
  30   21   32   29   27   28   28   29   28   18
  52   53   31   28   38   28   28   40   45   36
  10    6    6   10    8    2    4    9    8    6
   7    3    5    9    7    2    5    6    7    7
   5   25   21   18   20    9   24    7    9   25
   4   15   14   15    5   13    7   11    5    5
   6    7    8    5    6    6    6   11    6    6    7    7   11    7    7    5    7   11    6    6    7    7    7    7    7    5    8    7    8    6    8    7    8    6    7    8    6    5    7    5    7    7    5    5    6    5   13    6    8    5    6    6    5   13    5    6    5    6    7    6    6    6    6    7    5   12    6    6    7    7    6    7    8    7    7    6    6    6    6    6    8    6   13    5    6    6    7    5    6    7    6    5   12    7    6   12    6    7    6    8    8   12    6    7    7    7    7    8    6    6    7    6   12    8    7    6    5    6   12    6    7    5    5    7    5    7   12    6    7    5    6    7    6    6    7    6    8    5    6    6   13    7    6    8    8    7    7    7    5   11    7    7    6    8    8    6    6    5    6    7    6    6    8    6    5   13    6    5    6    6    5    6    7    5    6    7    7    8    6    7    6    6    6    7    8    8    8    7    7    5    6    8    7    5    6   11    6    7    7    5    7    5    7    7    8    7    6    7    7    7    7    8    7    5    6    7    6    6    7    7    7    6    5   12    7    7    7    8    5    5    6    7    7   13    5    5    7    6    7    7    5    6    7    6    6    6    7    5    6    6    6    6    6    7    6    8    7    8    6    8    8    5    6    7    6    5    5    6    6    5    7   12    7    8    8    8    6    6    8    8    7    7    7    7    8    7   12    5    6    6    7    7    5    6    6    6    7    7    6    6    6    8    6    7    6   11    5    7    5   12    5    8   13    7    6    5   11    6    7    8    8    6    6    6    5   12    8    6    7    5    6    7    6    8    6   11    7    6    6    6    5    5    5    6    6    5   11    5    5    7    5    7   12    7    6    5    7    7    7    6    7    5    6    7    5    6    7    5    5    8    5    5    7    7    7    6    8    5    6    7    6    5    6    7    7    5    5    6    5    5    7    7   12    7    7    8    6    6    6    5    6    7    6    7    5    5    7    7    7    5    5    6    6    6    7    6    5   12    6    7   11    6    7    8    7    6    7    6    6    7    6    6    6    7    6    5    6    8   12    7    7    5    6    5    6    7    7    5   12    5    7    7    7    6    6    8    8    8    7    6    6    7    7    6    7    7    8    7   12    8    6   11    7    5    6    7    8    7    8    8    6    7    5    6    6    5   13    7    7    7    6    6    8    7    7   11   11    7    8    7
  30   26   28   32   34   94   36   30   36   25   30   34   38   24   34   34   28   90   35   26   32   26   33   24   96   37   27   37   95   31   34   33   29   29   35   29   23   26   24   31   31   24   27   26   35   35   35   88   29   33   94   38   34   36   30   26   24   23   25   95   35   37   36   33   36   26   23   23   25   29   37   24   24   31   96   24   29   31   32   36   34   31   28   27   32   24   28   95   29   26   27   27   36   31   32   23   27   26   26   26   27   38   35   78   32   33   27   27   93   29   28   88   28   31   31   34   87   88   31   34   31   30   36   89   23   27   23   27   97   26   33   29   26   32   31   37   24   23   33   25   29   35   29   27   31   84   85   27   35   37   32   33   26   26   35   37   31   31   37   29   27   35   34   33   23   99   34   24   27   27   33   29   35   24   29   29   88   34   27   98   36   37   29   36   28   30   24   24   33   36   24   33   99   30   24   25   28   33   34   27   78   25   79   28   37   24   26   37   37   24   36   34   31   33   33   96   33   33   32   26   36   27   30   90   33   38   37   37   25   33   35   26   25   28   37   77   33   27   37  100   25   37   26   30   25   26   31   38   35   34   31   26   27   32   30   33   38   26   23   26   36   32   29   36   34   37   26   33   25   82   28   32   29   96   29   23   24   29   92   34   37   26   27   29   23   32   31   26   37   34   30   24   34   31   30   35   36   28   38   35   37   25   36   24   38   37   28   24   88   90   37   32   34   31   31   33   33   32   32   28   28   26   34   30   23   78   33   36   38   26   27   35   25   31   28   35   24   24   34   25   26   26   33   30   26   28   36   95   37   36   35   30   30   33   24   35   29   76   29   33   30   35   76   31   36   37   33   33   97   31   34   98   36   26   26   29   25   35   26   92   30   29   36   32   38   28   24   30   25   28   26   38   29   30   25   35   26   25   31   33   23   33   35   28   36   29   33   32   33   89   33   29   78   27   34   34   37   31   33   28   25   32   26   33   34   30   25   24   27   27   37   29   28   30   26   95   30   30   27   36   35   29   28   35   28   36   24   34   35   23   32   79   28   32   92   24   38   97   32   35   30   82   23   35   36   26   25   28   32   24   31   37   25   78   27   28   24   30   28   28   36   24   30   33   27   29   30   32   33   34   24   33   27   35   24   36   27   35   26   33
  31   27   23   25   74   26   31   20   80   32   29   82   20   30   29   29   29   29   26   22   24   26   28   29   24   20   20   27   28   29   22   24   28   28   23   29   23   23   25   21   23   20   29   22   30   28   84   24   22   27   30   23   29   25   26   27   31   24   71   32   22   22   21   31   28   24   28   20   23   82   31   26   27   80   20   20   26   21   25   31   20   25   28   21   29   22   32   31   30   24   26   68   20   27   65   27   27   30   23   24   28   29   27   27   77   30   27   27   23   25   28   23   22   26   29   23   27   24   29   73   76   31   30   19   24   29   32   28   23   31   22   21   24   22   20   73   28   26   23   23   27   32   23   24   22   26   22   27   25   29   20   25   20   24   29   32   29   28   23   21   20   29   20   22   77   28   27   26   20   30   21   23   32   23   80   31   29   20   24   23   24   31   24   22   27   75   31   27   23   21   27   22   30   20   76   27   28   22   28   24   20   31   30   28   69   27   31   24   21   32   22   20   31   27   30   22   26   28   28   30   22   83   32   20   75   24   20   25   26   20   24   30   28   20   27   29   27   30   32   31   22   29   30   25   21   32   25   25   23   31   28   20   29   83   26   23   24   30   23   28   29   27   23   24   23   21   24   25   29   27   24   75   22   30   68   27   26   25   29   28   20   24   22   21   29   32   28   30   20   31   25   24   27   32   24   83   28   26   31   26   23   25   23   26   21   31   31   30   21   22   22   67   25   27   20   28   20   29   23   23   24   28   26   26   20   21   28   23   29   25   21   28   30   81   23   28   24   27   30   29   25   29   29   29   23   30   23   25   31   20   28   20   21   23   27   24   20   21   23   23   22   73   28   25   20   83   28   25   26   21   26   24   24   24   69   26   21   64   24   24   29   28   20   25   28   24   84   24   24   28   21   27   25   32   22   84   25   32   30   25   28   22   29   25   20   21   31   70   72   75   24   80   30   23   31   25   30   28   20   27   32   21   23   72   19   25   22   27   22   23   20   28   32   20   24   23   78   24   28   29   20   65   22   20   24   28   25   28   23   26   28   31   30   25   25   22   23   20   24   23   31   29   29   22   31   25   26   26   26   26   27   30   22   23   30   29   25   23   25   29   29   68   24   30   26   20   22   20   26   25   28   22   22   25   22   30   31   23   29   24
  18   19   27   26   27   20   19   19   22   24   55   23   19   20   26   20   23   21   25   24   25   19   72   67   22   25   20   20   60   19   22   68   23   18   20   26   20   23   18   21   23   64   27   21   24   25   62   20   27   21   27   17   67   20   26   17   25   26   27   26   25   25   19   26   24   25   27   19   25   24   24   26   23   71   62   23   26   20   21   26   21   21   24   24   55   19   59   22   25   59   21   21   26   26   20   26   26   24   24   27   19   25   21   25   26   21   22   21   58   27   25   63   23   26   24   17   24   22   23   24   25   20   19   27   19   17   19   21   19   23   20   23   25   58   26   18   25   20   23   24   55   64   19   25   20   17   21   26   69   20   25   27   21   23   24   18   20   21   19   18   21   17   20   26   19   19   20   25   24   22   67   19   21   26   22   19   17   20   72   25   24   19   18   24   19   26   23   18   17   26   20   68   18   17   22   17   19   17   26   27   17   26   58   22   22   22   17   25   20   21   26   21   23   18   67   27   21   21   24   62   18   17   18   20   17   27   27   25   27   59   24   57   21   17   20   23   19   26   20   21   24   23   19   27   20   25   25   17   27   23   24   26   26   22   18   26   26   23   19   23   17   21   20   19   18   22   22   18   63   26   23   22   19   23   27   27   26   18   19   25   19   17   60   21   24   22   22   24   26   23   21   25   18   27   17   26   20   22   23   23   25   20   18   23   24   25   69   27   24   27   18   66   19   26   27   22   24   23   23   21   19   27   27   27   22   59   58   27   55   26   21   18   26   19   25   18   19   18   25   19   17   25   26   23   25   21   25   27   23   21   21   21   20   21   27   23   18   19   20   17   17   26   56   27   21   27   19   25   24   20   22   25   18   19   23   19   23   24   68   23   23   23   18   18   24   26   20   27   27   19   27   18   19   19   20   19   25   25   25   25   18   18   19   17   22   19   17   18   21   17   27   26   24   18   23   25   20   25   20   23   27   26   25   19   23   25   22   25   21   21   23   25   18   26   22   21   25   26   22   24   27   20   17   22   27   24   23   20   23   27   68   26   24   20   23   67   27   25   23   23   19   17   19   20   26   20   25   17   18   22   18   27   20   19   21   24   27   19   21   56   27   17   68   20   17   22   21   21   23   69   27   17   17   19   21   27   20   18   23   19
  24   27   29   24   27   19   28   28   30   19   72   25   20   30   23   29   28   23   25   25   22   24   26   30   28   24   19   20   68   26   22   30   19   21   27   26   23   21   21   23   29   69   24   26   26   21   26   24   80   23   26   79   26   22   79   29   24   26   22   30   19   30   23   25   21   25   28   30   23   30   19   27   28   27   30   20   21   26   19   25   24   25   28   22   20   21   19   22   28   28   27   19   26   26   78   26   24   24   25   29   24   22   26   29   76   21   28   24   23   21   29   63   22   25   23   25   27   25   29   22   30   28   20   23   21   24   24   22   23   26   28   21   80   62   76   29   26   21   24   64   22   61   20   29   20   19   19   28   23   20   28   28   30   21   19   74   24   20   20   26   61   28   25   27   22   29   19   28   66   24   27   30   24   28   23   20   30   19   25   67   20   25   19   26   25   22   21   26   24   26   25   24   24   29   30   26   30   19   25   29   78   20   26   22   20   22   29   29   23   26   29   72   21   28   25   29   67   23   20   21   27   23   21   21   24   24   27   22   28   70   21   27   23   25   30   25   20   25   26   71   28   24   22   21   26   27   23   23   28   20   29   22   19   19   75   23   22   21   19   22   24   28   20   26   24   20   19   27   26   66   67   25   22   21   30   22   20   25   30   24   29   24   19   26   25   30   22   21   80   19   29   27   26   26   24   28   24   28   26   28   30   76   30   79   29   20   29   30   19   26   24   23   20   28   19   30   28   25   20   29   19   19   25   25   19   28   22   20   27   20   19   24   25   74   25   21   22   21   29   27   22   25   27   28   28   30   28   26   28   23   29   23   27   24   24   67   28   28   27   23   22   74   29   22   27   20   21   27   28   25   27   25   20   25   21   29   27   28   22   30   26   19   30   22   23   65   20   21   26   23   22   27   27   22   27   23   23   19   21   30   24   20   27   21   23   78   19   30   22   19   77   30   30   30   29   25   20   26   25   23   19   20   20   19   28   25   19   29   29   19   27   22   25   29   23   26   24   77   22   26   19   27   68   21   23   27   21   21   24   21   27   25   21   23   27   24   22   24   25   26   22   30   72   30   23   28   26   70   25   25   30   20   27   23   22   25   30   25   25   19   28   25   28   19   24   23   28   27   26   20   21   80   72   29   74   29   23   26   63   20
  13   14   10   11   14   10   13   13   10   13   13   14   12   10    9   12   13   11   21   10   13   23   12    9   11   14   11   11   13    9   11   12   13   13   13   12   11   13   11   11   13    9   10    9    9   11   13   11   21   12   13    9    9   14   13   12   10   13   11   14   12   13   11   11   10   11   11   13   13   12   14   13   11   12    9    9   12   19   13   10   13   10   22   11   13    9   12   11   10    9    9   10   13   13   13    9   11   12   13   10    9   10   11    9   12    9   13   22   13   10   14   13   11   10   10    9   11   10   13   11   10   12   11   12   13   11   10   11   11   14   12   11   21   14   10   11    9    9    9   14   20   12   11   11    9   20   10   10   10   10   12   23   11   20    9   10   10   10    9    9   13   10   14   11   10   11    9   10   11   10   12    9   13   12   19    9   10   11    9    9   12   10   14   13   13   20   11    9   10    9   12   22   11   13   12    9   12   14   12   11   10   13   12   13   12   13   13   10   13   13    9   11   20    9   11    9   13   12   13   13   12   12   11   10   13   20   10   12   11   13   14   12   22   12    9   13   12   10   13   12   14   12   11   10   10   11   22   11   12   22   11   10    9    9   13   10   10   21   13   11   12   12    9   12    9   12   12   10   12   10   19   13    9   14   10   19   13   12   11   14   12    9    9    9   13   12   12   10   13   13   22   22   11   12   13   12   13   13   10   13   10   11   10   14   13   10   10   13   20   11   20   13   12   12   21   14   10    9   11    9   10   13   11   22   11    9   12    9   12   13   12   22   10   10   10   14   14   19   13   11   13    9   12   13   22   12   22   11    9    9   13   14   11   10   13   13   12   10   13   13   20    9   11   10   19   12   12   14   13   13   10   11   14   10   12   13    9   14   13    9   10   13   11   13   13   10   10   11   12   22   22   14    9   12   10   11   13   12   14   12   11   10   20    9   13   14   10    9   13   11    9   12   11    9   20   12   10   11   13   23   11    9   13   13   10   14   13   12    9   10    9   10    9   11   11   12   11    9   11   11   22   11    9   13   13    9    9   10    9   12   10   11   13   11   14   10   14   11   12    9   14   11   11    9   12   12   13   11    9    9   10   19   10   11   11   10   10   10   14   14   13    9   22   13   12   10   11   11   13   10   20   22   10   21   12   13   10   21   12   11
  25   33   35   26   23   88   28   27   34   31   24   33   30   35   34   28   29   27   30   32   35   30   29   32   23   77   36   91   24   25   31   22   35   27   35   84   28   31   33   29   80   24   25   32   24   35   31   23   24   24   28   27   25   30   34   31   23   33   24   29   36   32   32   36   23   32   26   36   26   29   25   24   24   23   35   34   26   34   32   33   34   32   30   77   36   30   33   34   23   25   36   32   26   29   32   36   26   26   32   23   27   25   36   25   30   73   31   25   35   30   35   30   36   27   36   32   36   79   26   25   31   24   35   33   29   34   73   26   32   29   33   32   27   33   28   24   86   28   36   27   25   33   33   33   29   23   22   30   80   28   26   83   31   31   33   29   25   24   34   33   29   27   27   77   31   29   24   22   27   30   22   33   23   33   32   92   27   33   34   93   24   31   28   79   30   27   30   23   34   32   26   24   28   26   36   27   35   82   33   33   84   35   30   35   26   23   22   23   34   91   33   32   34   35   79   23   32   31   36   35   85   95   84   31   32   27   34   32   35   25   31   35   24   90   23   33   29   25   28   24   33   31   24   30   24   23   81   26   23   27   28   33   36   23   23   25   33   36   24   93   34   36   35   28   24   28   23   36   32   23   25   36   33   28   93   35   93   33   25   24   34   84   77   32   23   33   25   27   26   32   94   34   23   79   84   29   31   32   74   35   32   31   23   89   35   34   32   33   28   26   31   36   35   34   25   24   35   86   30   30   35   29   30   36   36   86   34   31   24   35   32   31   35   36   31   35   25   24   33   29   24   28   26   35   33   30   31   35   33   31   28   23   34   24   29   26   27   34   26   34   22   28   35   22   33   36   30   23   30   22   31   31   34   28   94   36   24   25   30   28   30   25   28   31   34   33   73   34   34   34   32   25   30   34   32   92   31   35   23   33   30   31   33   83   24   23   25   25   34   32   28   91   35   30   34   25   29   27   33   27   96   85   85   23   35   36   28   24   29   33   26   35   34   34   23   30   34   31   30   30   34   83   33   31   26   36   31   32   32   25   34   33   29   30   36   84   34   22   81   31   28   27   33   23   77   30   24   24   31   28   31   31   26   26   32   25   33   28   25   28   27   24   32   36   76   36   23   32   75   33   89   32   28   27   30   27   30   36   28   26
   7    8    9   10   10   16    7   10    9    7   11    9    7    9    7    8    7   16   16    7   10   17   10   11    8   10   15   17    7    9   11    8    9    8   10    9    9   10   17    8    8   10    9   10   11   17   15    8    9   10   10    7    9    7    8   10   16    7    7   16    9    9    9    8   10    8   15   11   11    8   10    9    7    9   11    9    9    8    8   16    7   10    9   11    9    9    7    7   11   18    8    7   11    8    8    9   10    7   11   11   11    8    8    7    8    8   10   11   10   11    9   11   17   10    9   16    9   11    9    8   11    9    8    8   15    8    8   11   17    7   17    8    9    8    9    9    8    7    9    7    9    9   10    8    8    8   10   10    9    9    8    8   10   10    7    8   10   11    8    8   18    7    8   10   11   16    7   11   10   11    9   18   11    9    9    9    7    8    8    9   15    8   10   10    8   10   10   10    8   10   15    7    7   10    8   17   16   17    7    8   10    9    9   10    9   10    8   10   10   10   15   10   11   16    9   16   11   18    7   10    8    9   10    7    9    8   10   11   15    9    9   10   10   11   10   10    7    8    9    8    9    8    7    8    8    7   10   16   15   11    9    8    8    7   10   11   10    7   15    7    9    8   10    9   15    7   17   10   18    8    8    9    8    9    9   10   10    9    7    8   17    7    7   10   11   10   11    8   18    7    8    8    9   10   10   18   10   11    9    7    7    8    8   10   10    7   10   10    8    7   16    8    9    7    9   11    7    8    7    8    9    8    8   17    8    9    7    7   18   10   10   10   16    8    8   16   10   16    7    7   10    9   10   16   11    8   10    8    9   10   10    7    9    7   11   10    8    8   10    8    8    9   11    7    8   10    8    8   17    7    7    9    8   15   11   11   10    8   10    9    9    9   10    8    9   10   17    7    9   10    9    9   11   17   10   10   16    9   15    9   11    8   10    7    9    7   15   10    7   17    9    8    9    9    7    8    8   18    8    7    8    8    7    8    8   10    9    9   16    8   10    9    9    9    9   10   11    8    8   10    8    8   11   10    9   15   11   16   10    7   10   10   16   17   11    8    9   10   11   10   11    7    8    8    9   10    9    7    7    8    7    9    7    9    8    7   17    9    8    8   10   11    8    7    7    9    9    8   10   11    8   11    9   11    8    7   10    8    8    8
  12    9   14   11   12   11    9   10   13   14   14   22    9   13   11   14    9    9   10   12   23    9   10   12   11   11   10    9   19   13   19   13    9   11   19   23    9   11   13   13   13   11   12   14   10   13   11   12   12   13   10   14   13   12    9   13   12   13   10   22   13   11   10   10   13   14   12   11    9   21   20   13   13   10    9   13   10    9   19   13    9   12   11    9   10   14    9   13   12    9    9   12   11   13   13   11   21   10   13   11   13   19    9   10   13   10   20   12   12    9    9   12   10   10   14   19    9    9   13    9   10    9   11   13    9   13    9   14   14   12   10   10   12   12   11    9   10   13   12   11    9   10   10   13    9   12   10    9   10   10   14    9   10   10   13   10   12   12   20   11    9   12   13   13   19   11   14    9   10    9   12   14   11   12    9   12   13   14   22   12   11   12   11   11   13   12   12   11   10   10   13   14   10   13   14   14   11   10   11   10   10   12   13   22   13   14   21   19   13    9   14   13   11   13   12   14   13   12   11   12   10    9   14   10   14   14   13   11   10    9   13   14   11    9   11   12   13   11   10   13   11    9   14   10   11    9   11    9   11    9   11   11   12   11   22   14    9   11    9   11   12   12   10   11    9   12   20    9   12   10   11   12   10   14   10    9   10   14   12    9   12   10    9   10   10   12   14   11   10   12   11   13   12   10   12   11   19   11   11   13   13    9   10   14   11   13   23   12   20   12   10   22   12   11   12    9   13   14   11   13   21   11   10   11    9   11   12   11   22   11   13   19   14   11   14   14   13   20   13   10   14   12   13   12   10   12   14   13    9   12   12    9   13   11   21   22   12   13   13   11    9   20   10   22   11    9   10   10   14   13   13   11   10   11   13   11   12   11   19   14   13   13   12   13   10   11   12   12   10   11   12   10   12   22    9    9    9   11   13   13   13   11   10   12   10   13    9   11   11   11   12   14   10   13   10   14   12   10   11   14   13   10   12    9   10   10   10   10   14   14   12    9   12   13   12   13   19    9   12   13   12    9   11   10   11    9   13   13   12   14   11   10   12   12   12   13    9    9   13   12   10   13   10   12    9   12   12   12   11   21   10   13    9   11    9   20   11   13    9   10   13   22   12   10   13   11   14   11   12   10   21   23   19   11   12   14    9   12   12   10
  28   89   24   34   38   28   36   28   31   38   28   34   26   27   94   38   31   33   35   33   24   32   38   36   24   32   96   36   33   27   34   27   27   38   34   32   36   27   25   37   38   24   24   25   36   24   30   36   25   24   35   25   26   28   28   32   27   28   35   38   27   26   81   31   36   24   34   35   32   34  100   30   31   36   25   25   29   38   33   32   29   25   37   37   25   35   32   35   27   30   32   28   82   31   32   31   36   35   34   33   25   26   37   36   37   31   25   35   25   31   33   34   92   27   38   30   32   31   35   36   23   26   37   30   36   36   29   27   35   36   36   23   38   38   33   29   24   93   30   26  100   31   36   25   27   26   35   37   25   29   33   23   33   25   38  100   26   76   34   35   94   37   31   24   35   24   24   35   35   33   36   32   30   27   35   35   31   37   81   81   30   34   23   32   37   33   34   38   36   29   33   23   26   34   23   28   25   35   25   28   29   24   34   23   25   37   37   26   23   30   30   26   28   24   24   33   32   35   34   27   86   82   34   36   27   23   35   30  100   36   24   26   25   29   35   37   23   30   27   28   25   32   32   34   34   33   24   31   34   36   27   37   37   34   27   23   33   24   32   35  100   76   31   90   37   36   29   38   31   33   29   92   26   36   35   26   31   24   31   99   25   26   28   28   33   33   36   80   32   34   33   97   31   29   33   30   33   25   29   27   28   77   24   26   38   35   28   36   25   24   32   33   35   35   34   34   31   26   24   37   35   25   88   36   25   27   33   23   38   36   24   29   26   83   25   34   23   97   30   28   23   31   34   37   32   28   25   30   28   98   26   30   36   26   37   33   34   27   26   28   38   27   36   34   79   33   33   98   28   33   25   88   37   34   35   88   30   30   32   25   35   31   36   84   24   31   35   24   30   24   30   30   82   80   33   38   23   36   31   30   33   29   28   27   30   31   26   27   35   23   29   24   36   24   29   81   33   35  100   26   33   26   33   27   27   92   31   28   33   36   24   28   92   30   31   37   27   27   28   25   25   34   31   27   29   36   32   88   24   37   29   30   29   82   24   38   28   34   33   32   31   38   25   32   38   37   29   33   24   26   37   29   26   24   35   27   36   30   33   29   27   34   23   27   32   37   25   31   89   34   23   36   35   31   23   33   32   29   25   24
   4    6    5    5    6    5    5    6    4    6    6   10    6    6    6    6    5    5    5    4    6    9    5   10    6   10    6    6    4    5    5    5    5    5    5    6    9    5    6    4   10    5    4    5    5    6    6    5    6    4    9    6    6    5    5    5    4    6    6    6    4    6    4    5    6   10    6    5    6    6    5    5    5    6    5    6    5    6    5    6    5    5    5    6    9    6    6    4    5    6    4    4    5    6    4    6    5    4    6    6    6    6    5    5    6   10    5    5    5    6    6    4    4    6    5    5    5    5    6    5    5    9    6    6    6    5    6    5    6    6    5    5    6    5    5    5   10    6    4    5    6    9    6    4    5    4    5    6    5    6    4    5    4    4    6    6    5    4    6    6    5    5    4    5    6    4    5    4    4    5    5    6    5    5   10    6    4    6    4    4    5    6    6    6    6    6    6    6    6    6    5    4    5    5    6    6    6    4    5    6    5    6   10    6    4    6   10    9    5    5    6    4    5    5    6    5    9    4    6    5    4   10    5    9    4    4    4    6    6    5    6    5    4    6    4    5    5    9    5    6   10    6    4    5    6    6    5    4    6    5    6    9    6    6    5    5    4    5    4    4    5    5    4    6    6    9    9    5    6    5    9    5    6    5    6    6    5    4    6    5   10    5    4    6    5    5    4    6    4    5    5    6    5   10    5   10    4    5    4    6    6    5    5    9    5    4    6    6    4    5    5    4    4    5    6    6    4    4    6    6    5    5    6    5    4    4    6    5    6    4   10    9   10    4    5    6    5    5    5    5    5    9    5    6    6    5   10    5   10    5    6    6   10    5    5    4    5    9    5    4    5   10    6    5    5    4    6    6    5    5    5    5   10    6    5    5    6    5    9    5    6    6    4    5    4    6    5    5    6    6    4    6    5    6    5    6    9    4    4    4    6    5    5    5    5    5    6    6    5    6    6    4    5    6    5    4    6    6    6    5    6    5    6    5    5    9    4    9    4    6    5    6   10    6    5    6    6    6    4    6    6    6    4    4    6    6    4    6    6    4    6    6    5    4    5    6    6    4    5    5    6    5    5    4    6    6    6    5    6    4    6    5    4    6   10    6    4    6    5   10    6    6    6    4    6    9    6    5    6    9    6    5    6    9   10    6    6    5    5    6
  22   14   15   14   22   17   14   17   17   18   19   19   19   23   20   16   36   16   15   20   17   17   19   15   23   18   22   20   19   19   15   22   17   19   22   17   17   16   15   14   34   22   14   15   34   18   36   16   17   17   22   22   18   18   14   36   14   17   15   33   21   22   22   15   14   36   20   23   15   35   16   19   20   16   22   20   15   17   18   18   16   36   19   16   16   14   20   21   14   33   16   19   35   17   18   18   33   36   19   22   17   22   17   22   35   16   20   17   19   17   22   22   17   20   15   16   17   20   19   21   23   17   20   18   22   16   31   22   18   15   17   21   14   20   15   15   17   21   23   16   17   18   15   14   20   16   16   15   20   18   18   18   17   20   17   21   19   16   21   14   17   15   20   16   17   21   14   20   22   21   23   22   31   19   17   21   22   20   18   21   36   15   14   20   16   21   22   16   22   18   19   37   32   20   16   22   36   19   22   17   19   20   32   22   21   16   18   15   15   20   35   18   23   14   15   16   32   18   37   18   22   17   16   15   35   21   22   18   21   15   18   21   20   16   15   23   17   20   17   17   21   15   14   18   22   19   17   17   15   15   14   17   15   19   20   20   18   16   17   19   22   16   17   23   16   17   18   32   17   21   22   14   19   20   22   15   15   22   22   32   19   18   14   17   19   22   20   23   21   22   22   18   21   16   22   37   18   17   19   23   20   18   18   21   15   19   21   19   19   15   21   37   18   19   21   36   16   14   16   20   14   32   19   17   23   14   33   20   19   23   16   16   19   22   38   22   21   19   17   21   20   32   21   22   19   33   32   17   33   18   22   16   19   16   22   18   18   21   16   22   32   19   15   20   19   17   16   37   16   21   35   15   22   14   18   16   17   17   23   17   19   19   17   15   15   19   19   22   17   15   15   31   17   14   21   16   22   15   21   17   21   21   14   15   21   19   19   32   31   20   23   16   15   22   21   16   22   19   17   36   16   16   20   31   20   18   20   19   19   18   38   17   19   21   36   22   19   18   20   20   20   19   20   14   22   18   35   22   35   23   19   15   22   20   14   35   20   37   17   22   20   18   22   20   20   23   18   14   17   22   22   18   14   37   19   15   15   21   19   17   15   17   19   22   16   23   19   23   37   18   22   15   22   16   18   17   17   14   22   21
  20   20   20   20   21   20   17   31   17   13   19   21   20   21   15   20   18   18   31   16   14   16   15   13   19   19   20   19   16   19   20   16   19   16   19   18   30   14   18   14   16   20   14   14   18   14   17   20   15   21   21   14   21   21   20   19   21   17   21   13   17   15   29   19   15   31   19   15   21   21   19   35   17   20   30   20   17   16   16   17   18   20   13   21   33   17   21   18   21   15   13   16   19   15   15   19   17   18   14   20   21   17   15   16   21   18   21   21   17   21   21   34   21   19   21   16   14   29   14   16   21   19   15   18   14   15   16   17   19   18   20   15   16   18   21   21   21   16   19   13   19   21   33   13   18   14   29   20   21   13   20   18   20   14   16   18   14   16   13   20   18   18   14   20   14   32   20   18   21   19   19   19   19   16   16   21   13   16   18   17   19   15   14   18   15   33   13   16   18   17   33   17   15   14   14   16   18   16   20   19   33   16   30   16   21   21   30   19   16   15   17   15   14   19   17   19   15   13   16   34   14   20   17   19   15   21   20   19   17   20   20   16   17   14   14   15   15   19   30   13   18   20   17   15   29   15   20   21   18   15   17   20   17   16   18   18   13   18   15   13   16   19   21   19   18   16   13   15   13   14   33   16   19   18   34   31   14   17   17   15   29   21   21   18   19   18   14   16   32   15   33   20   17   14   15   20   16   15   18   33   14   15   19   13   14   34   20   17   20   19   14   19   18   19   14   31   19   21   20   16   19   19   17   15   29   16   18   21   32   19   13   21   16   20   20   14   16   20   16   17   17   14   14   16   17   16   14   17   14   20   20   21   13   14   18   16   17   19   31   17   13   17   15   15   21   19   15   18   18   29   19   20   16   15   15   21   21   14   32   19   17   13   18   17   20   15   21   19   21   18   13   35   21   14   16   18   19   15   19   21   14   35   15   19   18   17   18   18   15   21   17   14   21   17   33   18   20   21   16   29   17   15   16   20   31   19   19   21   17   19   13   19   31   21   18   21   15   16   21   21   18   14   17   21   15   21   19   19   18   16   32   30   13   21   21   17   21   16   19   20   29   15   21   17   18   16   18   19   16   15   17   30   14   21   17   20   17   31   21   18   13   18   15   16   13   19   15   18   16   35   16   18   21   21   16   19   21   20   17   14
  22   21   18   23   17   15   16   20   15   33   21   20   18   16   21   18   19   14   19   19   21   15   21   17   35   22   16   14   34   17   35   18   16   18   16   16   14   15   19   19   37   19   18   21   21   15   22   20   23   14   21   14   20   16   18   14   16   23   21   18   18   23   20   18   17   21   16   21   19   19   16   22   15   21   19   21   18   22   19   22   15   19   20   16   36   15   22   19   19   18   23   14   17   19   22   20   22   20   20   18   20   19   18   19   22   20   18   15   20   35   22   21   16   18   23   20   17   21   21   32   17   22   37   18   15   19   36   21   14   15   17   33   31   33   33   21   35   18   16   17   17   18   19   20   22   19   19   18   31   20   16   17   16   18   18   17   21   15   19   17   17   20   15   20   15   21   17   36   19   36   23   19   15   22   22   19   15   15   16   22   17   15   18   14   15   21   14   16   22   18   35   15   16   19   17   20   23   18   19   33   15   14   18   22   21   17   14   15   18   22   36   18   19   18   15   17   22   18   16   18   18   22   15   15   19   21   16   20   17   19   22   15   36   15   19   22   21   16   16   20   21   15   33   14   23   21   20   19   17   14   20   35   19   18   22   21   20   16   20   16   18   18   17   22   15   21   15   33   22   22   23   17   15   19   19   18   18   31   20   18   23   18   20   38   14   18   18   19   20   20   17   14   34   16   21   21   37   17   15   15   17   19   20   23   17   19   19   14   20   20   16   17   18   22   17   22   22   22   17   37   14   18   21   19   20   36   20   22   14   14   34   15   16   23   16   14   23   22   15   16   15   18   22   21   20   20   18   17   20   15   22   17   21   20   17   21   17   16   17   18   20   34   18   17   21   16   21   15   21   17   15   19   19   16   21   14   16   19   22   18   19   17   15   23   19   17   15   19   21   21   17   21   38   17   23   16   19   16   15   14   22   22   22   20   22   32   21   18   14   34   20   23   15   17   17   16   22   17   16   33   22   17   21   33   23   17   16   17   19   19   16   20   19   32   16   20   22   15   15   23   20   22   19   19   36   20   32   17   16   19   23   21   23   21   14   22   15   19   18   16   20   22   19   22   19   18   14   23   15   15   22   36   21   23   17   16   14   19   16   17   17   19   17   18   19   19   15   16   22   16   38   23   15   15   20   31   22   22   14   22
   6   13    6    7    7    5    6    6    6    7    7    8    6    6    7    7    6    7    5    6    8    6    6   13    6    8   12    8    6   12    7    7    6    5    6    8    6    7    8    8    6    5    6    6    8    5    6    7    7    7    8   12    6    7    6    6    7    6    8    6    6   11    7    7    7    6    7    6    6    6    7    7    7    7    7    6    7    6    8    5    7    7    6    7    7    6    8    8    6    6    6   11    8    7    5   12    8    6    6    6    7    5    7    7    6    6    7   13   12    7    5    6    7    8    7    6    6    5    6    5   11    6    7    8    6    8    7    6    6    6    7    7    6    5    7    6    8    6    5    6    6    6    6    6    5    5    6    5    6    5    7    8    8    6    8    8   12    7    6    7    7    6    7    8    8    6    7    6    6    7   11    6    7    7    6    7    8    8    8    7    8   12    6   11    5    8    6    7    6    8    7    5    6    6    5    7    7    5    8   11    7   11    8    6    6    7    8    7    6    8    5    7    7    5    7   12    8    5    8    7    7    6    7    5    7    7   12    6    7    6    5    6    6    7    8    5    8   13    6    6    5   11    5    7    7    5    8    5    7    8    5    5   12    7    6    5    7    6   11    8    7    5    6    7   13    5    6    6    8   11   11    7    6    7    7    7    7    8    6    5    7   11    5    8    7    6    8    8    6    7    6    8    7    6    7    7    8    6    8    7    7    8    7   12    6    6    7   12    6    6    8    7    6    7    6    5   12    8    6    5    8    8    5   12    7    8    7    6    7    7    5    7    5   12    6    7    8    6    5    7    7    6    5    8    8    5    5    5   13    8   13    6    7   11    6    5    7    7    7    7    6    7    6    7   13    5    7    6    6   11    6    5    8    6    8    8    6    8    7    8    7    6    7    6    7    6    8    6    6    7    6    8   11    7    7    7   11    7    6    6    8    5    7   12    5    8    6    7    6    8    7    7    6   12    6   12    6    7    7    5    6    7    7    6    6    6    6    7    6   13    8    5   13    7    7    8    7    6    6    7    7    7    5    7    7    6    7    6    8    6    7    6    7    6    8    7    8    6   11    6    6    7   11    8    6   11    7    7   13    5    7   11    7    8    6    8    8    6    6    6    6    6    8    7    6    7    6    6    6    7    6    6    8    5    6    7   12    7    5    6
  30   17   17   17   17   32   14   16   19   15   13   16   15   17   13   12   13   17   15   15   27   14   12   19   15   16   19   16   18   15   30   19   14   16   18   19   29   20   32   17   17   20   20   28   13   14   14   19   13   17   18   18   14   30   18   27   18   14   13   17   13   32   16   17   19   13   13   27   16   14   19   16   14   15   15   14   19   13   13   20   15   15   13   28   29   14   20   14   19   27   17   14   27   29   15   17   18   32   28   18   17   27   13   17   19   30   14   28   16   15   15   28   20   17   29   14   14   13   30   16   19   19   12   18   14   14   16   13   17   18   20   15   31   13   20   17   13   17   17   13   18   32   17   28   13   15   19   20   14   13   17   16   18   18   32   17   18   18   17   12   19   16   17   18   18   20   14   20   15   19   14   13   19   14   17   19   14   17   28   14   15   15   18   13   19   19   13   31   20   18   19   14   20   19   19   12   18   16   20   18   18   16   15   15   30   12   20   20   14   18   12   18   17   29   19   13   16   13   31   14   13   19   16   13   15   17   16   20   18   12   29   17   14   19   17   30   19   19   13   31   18   16   15   17   19   18   15   13   14   13   27   12   18   15   14   16   12   17   19   17   14   13   17   13   18   14   15   19   15   20   17   13   16   20   13   18   16   20   27   17   15   15   17   14   14   14   17   31   17   14   12   19   14   19   13   16   15   17   17   18   20   18   17   14   13   15   15   13   19   17   15   17   13   20   16   16   19   16   17   16   14   19   18   16   32   19   20   17   14   15   17   19   14   13   30   14   14   33   13   17   17   27   28   30   15   15   16   15   15   14   16   32   19   18   12   20   16   15   19   13   14   18   12   17   12   14   19   19   20   14   14   18   16   13   15   17   15   15   14   20   13   33   18   15   19   13   29   15   19   29   15   15   18   12   27   15   13   17   19   14   15   16   17   13   17   13   13   17   19   16   15   20   19   18   15   17   19   19   14   15   17   14   18   17   16   17   19   14   13   15   19   12   15   18   20   12   13   15   17   16   27   13   17   18   12   20   12   13   17   15   28   13   18   19   13   13   15   17   15   20   18   15   14   15   30   13   17   20   12   19   15   19   30   15   20   13   13   14   20   18   14   30   15   16   18   16   27   18   15   17   13   33   33   33   15   18   12   15   16   15
   8   15    8    8    9   11    7   11    7   15   11    8    7   10   10   11    7    7   10   11    9    9   15    8    9    9    9    9   10    9   10   11    7   11    7    7   10   10   10    7   11    9    8   10   11    9    8   16   10   11   16    8   11   10   10    9    9    9    8    8    8    8    8    8   11   10    9   10    9    8    8    9    7   10    8    8    7   11    9    8    7   11    9   10   15    9    8    8   10   15   11    8    7    9    8    7   10    7    9    8    9    7    7    7   10   11    8   16    8   16   16    7   15   11   10   10   10    8   10   11    9   11    7    8   11   10    9    7   11   10    8    7    9    9    9   15    7   10   10    8   10    9    9   10   11    8   10   15    9    8   11    9   11    7    7   11    9    8   10   16    8    7    9    7   15    7   15   10    7    7   11    7   10    8    7    9    7    8    8    7    8    8   10   11   10   11   10    8    8    7    8    8   11    7   17    9   10   11   16    7    7    8    7   11    9    8   18    8    7    9    8    9    7    8   15    9    8   10   10    8    9    9   18    7   10    7   11   16    8   10    9   16    9    8   15    9    8   11   11   10    9   11    8    9   10   17    8    8    7    7   10    7    7   10   10    8   10    8    8   11    7   10    9   10    8    7    7    7   10   10    7   11   10   10    8   10   10   10    9   10   10   18    8    7    8   11    8    9   11    8   10    8    9   10    7    8    8   11    9    9    7    9    8    7    8   10    7   11   10    8    8    8   16    8    9    7   17    8    8    8    8   11   10    9    9    7    9   10   10    7    9   11    8    8   18    7    7   10    8   16    9    7   10   10   11    8    8   11    7    8   16    8    8   10    9   10   10    9   10    8   17   10    8    9    9    7    8    9    9    9    8    9    8   10    7    8    9   11    9    9    7   10   17   17   10    9    7    7   11    7   11    9    9    9    9    9   10    8    9    9    8    7   10    8    8   10    8   11    8    8    7   16    9   10   11   10    8   10   10    7    7   10   10   10    8   17    7    7   17    9   17    8   11   16    8    9   10   11    8    7   10   10    8    9    8   10   10    9   11   18   15   18   16    8   10   16    9   10   10    8    8    9    8   16   11   10   10    7    7   10   10    8    7   10   11   10   17    9    8   11   10    8    7    8    9   10   10   11    9    8   10    9   10   11    9   11   10   10    8    9
  14   14   14   11   25   16   14   12   25   12   15   16   12   15   24   11   15   15   15   16   24   13   12   10   13   15   13   23   14   25   17   28   14   16   13   12   15   15   24   12   12   11   26   13   14   11   12   14   15   14   16   13   13   16   16   14   11   28   11   11   17   13   12   15   13   14   13   14   26   13   12   15   14   15   15   13   12   15   14   11   15   14   13   12   23   13   13   14   11   13   12   17   16   14   15   23   14   12   12   11   13   23   15   17   15   12   15   13   13   23   26   12   16   14   10   17   13   11   12   13   12   27   10   15   12   28   11   17   14   16   11   14   13   13   26   14   12   16   14   12   11   11   17   13   14   14   11   13   15   13   11   15   12   25   14   10   11   27   16   14   14   11   16   16   16   14   12   13   26   12   13   16   11   14   14   16   15   13   16   17   15   12   17   16   28   12   11   13   13   16   12   14   17   13   17   13   13   16   14   13   12   13   14   16   17   13   11   11   13   14   14   13   14   11   14   16   13   27   10   11   16   17   13   11   11   16   17   28   10   15   15   11   16   13   15   14   11   14   16   27   13   27   12   11   16   14   11   16   16   12   15   17   12   15   11   13   12   17   12   15   11   12   14   17   11   17   12   14   17   15   12   13   13   16   16   11   12   12   25   16   23   16   13   14   16   16   16   13   17   24   12   14   24   14   14   12   10   16   16   14   14   13   12   13   12   12   17   10   17   16   14   11   16   26   11   15   13   12   14   13   15   13   15   11   13   11   15   12   11   17   12   14   14   16   16   11   23   13   15   15   14   15   12   13   13   11   12   13   14   13   15   17   17   15   17   14   12   16   15   13   14   15   15   15   12   14   16   16   11   14   12   11   10   16   13   15   15   26   11   16   12   17   16   11   24   10   14   14   12   15   11   12   15   14   12   11   13   12   23   13   12   14   24   16   14   13   15   15   16   16   28   14   16   15   26   10   11   11   16   10   13   13   14   15   16   25   12   15   16   13   11   17   13   12   15   25   25   27   14   17   11   17   11   11   15   14   11   27   15   13   16   23   15   16   15   16   14   14   16   15   13   23   15   12   14   14   27   17   12   15   14   14   17   17   25   13   13   25   14   16   15   16   14   16   27   15   11   13   17   15   12   13   13   27   12   23   13   14   11   14
   5    5   11    7    8    7    7    8    6    8    7    6    5    8    7    7    6    6    5    8    7    6    7    6   12    6    7    7    5    6    6    6    8    6    6    8    6    5    7    7    6   11    8    8    6    6    7    8    8    8    7   13   12    6    6    7    7    7    6    7    7    5    8    8    6    6    5    7    8    5    6   12    5   11   11    6    6    6   11    6    6   11    7    5   11    7    7    5    5    6    6    5    8    7   11    8    6    8    5    7    5    7   12    7    6    6    6   11    7    6   11    7    7    7    8    6    6    5    5    5   11    7    7   12    7    8    5    5    6    6    5   12    8    6    6    7    6    7    6    6    6    5    7    7    6    7    7    6    7    5    7    7    8    7    5    7    5    6    8    5    5    6    6    8    5    6   11    7    6    7    7    6    6    7    8    7    5    6    6    7    7    7    7    7    6    6   11    8    6    6    7    7    5    7   13    5    6    7   11   12    7    7    8    7    5    6    5    8    5    8    6    8    6    8    8    7    8    8    7    6    7    6    7   11    6    7   13    7   12    5    7    8   12    7    5    6    5    8    6    6    7    5    7   13   11    7    6    5    6    6    8    5    5    6    7    6    6    7    6    7    7    5    7    6    6    8    7   12    7    5    8    7    7    6    8    6    7    6    6    6    7    6    8    6    8   11    7    8    8    7    8    7    5    6    6    7   11    6    6    7    6    6    5    6    7    6    6    8    8    5    6    5    5    6    6   13    7    5    8    8    7    6   12    6   11    5   12    7    8    6    6    7    6    6    6    5    8    7    7    5   12    7    5    5    8    6   12    6    7   11    6    6    8    8    6    6    6    7    8    7    6    6    6    6    7    7    8    6    6    8    7    5    7    5    7    6    7    5   12   12    6    7    7    6    6    6   11    8    6    8    7    7   12    8    8    7    7    5    6    8    7    6    6    7    6    8    5    6    7    7    5    6    7    8    5    8    6    7    5    7    5    7    7    7   11    7   12    6    5    6    6    6    8   12   12    6    6    7    5    6   12    6    7    8    7    8    6    7   12   13    5    8    7    6    6    7    6    6    6    6    6    7    7    5    6    5    6    6    8    6    8    7    7    6    6    8    7    6    7    8    6    7    7    7    5    6    6    5    6    6    7    6    8    7    8    6    7    7    5    8
   8   12    6    7    8    6    8    6    8    6    8    6    6    6    6   11    5    7    8   12    7    5    8    6    6    6    7    8    7    7    6    8    5    7    6    7    8    8    8    5    6   11    5    6    7    6    7    6    5    7    7    5    7    8    5    6    8    7    8    8    7    7    6    5    6    6   13    8    7    5    6    8    7    5    6    6    8    7    6    7    6    8    6    8    6    7   11    7    7    6   12    5    6    7    5    6    7    7    6    5    7    5    5    6    8   11    7   12    6    6    6    8    8    5    8    5    6    7    5    6    6   13    8    7    6    6   13   11    8    5   12    7    7    7    7    7    7   11    8    6    8    6    5    7    7   13    6    8    6   11    6    6    7    7    8    6    8    7    7    6    7    8    7    5    6   11    6    6    6    6    6    7    6    7    8    5   11    7    7   13    7   12   11    5    7    5    6    8    7   13    8    7   12    8    6    7    6    6   12    6    7    7   12    8    6    6    6    5   12    8    5    7    7    6   12    6    5   11    6    6    6    8    8    7    8    6    5    8   11    5    6    7    5    6   12    6    7    7    5    7    7   12    6    6    8    5    5    5    7    6    8   11    8    8    7    6    7   11    5   11    7    7    7    6    8    8    5    6    8    7    6    6    6    6    6    5    5    6    5    6    6    6   13    6    7    6    7    5    7    6    8    7    8   12    6    6    6    5    5    6    8    8    5    5    7    7    7    5    5    6    6    8   11    8    5    5    6    6    7    7    8    8    6   12    7    7    8    6    7    6   13    7    7    7    7    6    6    7    6    7    7    7    8    7   13    5    7    6    6    7    7    7    8    5    6    6   13    6   12    6   11    6   13   13    6    6   12    6    7    6    7    5    7    7    5    8    7    7    5    6    5    7    6    7    6    8    6    7    5    6    5    8    6    6    7    6    5    5    7    7   11    6    5    6    7    5    5    5    6   11    6    5    5    6    8    7    8    6   11   11    6   11    7    6    7   11   13    6    7    5   11    7   11    7    7    8    6    6    6    5    7    7    7    5    6    5    7    7    8    5    7    8    5    5    5    5    6    5    8    6    5    8    6   12    7    6    6    7    8    6    6    7    5    7    6    8    5    7    7    6    5    6    5    6   11    7   12    8    6    7    8    7   12    5    5    7    7    7    7    8
