spsp
18
2
500
32 12 21 64 64 2 11 4 38 55 3 55 25 43 48 1 32 28 
83 81 91 123 134 70 79 73 100 127 71 111 97 115 119 55 83 94 
10 10 
0.002 0.002 0.002 0.002 0.002 0.002 0.002 0.002 0.002 0.002 0.002 0.002 0.002 0.002 0.002 0.002 0.002 0.002 0.002 0.002 0.002 0.002 0.002 0.002 0.002 0.002 0.002 0.002 0.002 0.002 0.002 0.002 0.002 0.002 0.002 0.002 0.002 0.002 0.002 0.002 0.002 0.002 0.002 0.002 0.002 0.002 0.002 0.002 0.002 0.002 0.002 0.002 0.002 0.002 0.002 0.002 0.002 0.002 0.002 0.002 0.002 0.002 0.002 0.002 0.002 0.002 0.002 0.002 0.002 0.002 0.002 0.002 0.002 0.002 0.002 0.002 0.002 0.002 0.002 0.002 0.002 0.002 0.002 0.002 0.002 0.002 0.002 0.002 0.002 0.002 0.002 0.002 0.002 0.002 0.002 0.002 0.002 0.002 0.002 0.002 0.002 0.002 0.002 0.002 0.002 0.002 0.002 0.002 0.002 0.002 0.002 0.002 0.002 0.002 0.002 0.002 0.002 0.002 0.002 0.002 0.002 0.002 0.002 0.002 0.002 0.002 0.002 0.002 0.002 0.002 0.002 0.002 0.002 0.002 0.002 0.002 0.002 0.002 0.002 0.002 0.002 0.002 0.002 0.002 0.002 0.002 0.002 0.002 0.002 0.002 0.002 0.002 0.002 0.002 0.002 0.002 0.002 0.002 0.002 0.002 0.002 0.002 0.002 0.002 0.002 0.002 0.002 0.002 0.002 0.002 0.002 0.002 0.002 0.002 0.002 0.002 0.002 0.002 0.002 0.002 0.002 0.002 0.002 0.002 0.002 0.002 0.002 0.002 0.002 0.002 0.002 0.002 0.002 0.002 0.002 0.002 0.002 0.002 0.002 0.002 0.002 0.002 0.002 0.002 0.002 0.002 0.002 0.002 0.002 0.002 0.002 0.002 0.002 0.002 0.002 0.002 0.002 0.002 0.002 0.002 0.002 0.002 0.002 0.002 0.002 0.002 0.002 0.002 0.002 0.002 0.002 0.002 0.002 0.002 0.002 0.002 0.002 0.002 0.002 0.002 0.002 0.002 0.002 0.002 0.002 0.002 0.002 0.002 0.002 0.002 0.002 0.002 0.002 0.002 0.002 0.002 0.002 0.002 0.002 0.002 0.002 0.002 0.002 0.002 0.002 0.002 0.002 0.002 0.002 0.002 0.002 0.002 0.002 0.002 0.002 0.002 0.002 0.002 0.002 0.002 0.002 0.002 0.002 0.002 0.002 0.002 0.002 0.002 0.002 0.002 0.002 0.002 0.002 0.002 0.002 0.002 0.002 0.002 0.002 0.002 0.002 0.002 0.002 0.002 0.002 0.002 0.002 0.002 0.002 0.002 0.002 0.002 0.002 0.002 0.002 0.002 0.002 0.002 0.002 0.002 0.002 0.002 0.002 0.002 0.002 0.002 0.002 0.002 0.002 0.002 0.002 0.002 0.002 0.002 0.002 0.002 0.002 0.002 0.002 0.002 0.002 0.002 0.002 0.002 0.002 0.002 0.002 0.002 0.002 0.002 0.002 0.002 0.002 0.002 0.002 0.002 0.002 0.002 0.002 0.002 0.002 0.002 0.002 0.002 0.002 0.002 0.002 0.002 0.002 0.002 0.002 0.002 0.002 0.002 0.002 0.002 0.002 0.002 0.002 0.002 0.002 0.002 0.002 0.002 0.002 0.002 0.002 0.002 0.002 0.002 0.002 0.002 0.002 0.002 0.002 0.002 0.002 0.002 0.002 0.002 0.002 0.002 0.002 0.002 0.002 0.002 0.002 0.002 0.002 0.002 0.002 0.002 0.002 0.002 0.002 0.002 0.002 0.002 0.002 0.002 0.002 0.002 0.002 0.002 0.002 0.002 0.002 0.002 0.002 0.002 0.002 0.002 0.002 0.002 0.002 0.002 0.002 0.002 0.002 0.002 0.002 0.002 0.002 0.002 0.002 0.002 0.002 0.002 0.002 0.002 0.002 0.002 0.002 0.002 0.002 0.002 0.002 0.002 0.002 0.002 0.002 0.002 0.002 0.002 0.002 0.002 0.002 0.002 0.002 0.002 0.002 0.002 0.002 0.002 0.002 0.002 0.002 0.002 0.002 0.002 0.002 0.002 0.002 0.002 0.002 0.002 0.002 0.002 0.002 0.002 0.002 0.002 0.002 0.002 0.002 0.002 0.002 0.002 0.002 0.002 
  21   26   18   17   32   25   26   23   32   19   23   27   19   25   18   23   21   29
  53   43   31   48   38   28   50   47   35   50   46   37   40   44   32   32   41   44
  10    3    5    8    6    6    3   10    3    7    4    3    9    4    5    9    6    7
   8    7    2    3    5    7    8    9    8   10    7   10    7    2    4    4    4    6
   8   19   10   12    9   23   15    5   21   10   25   17   10   10   21    3    5    5
   9   14    5    6   10   10   12    9   14    5   11   14   12   11   15   14    8   13
  11    8   10   10   10   11    8   18   12   11    9    8   11   11    9    9   20    9   12   12   11    9    9   12    9    8   20   10   10   12   11   12    9   12   10    8   10   11   11    8   11   10   10   11    8   11   11   10   10   10    8   11    8   18    9   11    9   10   11   11    9   12   10   11    9   10   11   12   10   20    8   17   17    9   18   10   11   11    9   17   10   12   12    9    9   10    9   17   10    9    8    9   12   10    9   18    9    9   10   10    9   10   10    9   12   11   10    9   11    8    8   11   12    9    8   12   11   11    8    8   10   17    9    8   12   10   17    9    8   18   10   17   12    9   12    9   11   12   12   18   11    8    8    8    9   18   20    9    8   10    9   20   12   11    8   12   11    8   10   11   20    9   10    9   11   12   11    8   11   12   10    8   20   10   10   10   12    9   10   10    9   10   10   11   11   12    9   18    8   11   11   12   11   12    9    8   20   11   10    9   10   11   10   11   20    9    8    9   12    8    9   18   19   12   10    9    8   12   10   11   10   12    9    8    8   11   12   19   19   11   11    9    9   10    9   11   11    9    9   10    9   10   10   10    8    9    9    8   11   11    8   11    8   12   10   11    9   10    9    9   17   12   11   10   12   18   11   11   19   11   12   10    8    8   10   10   10   12    9    9    8   10   11    9   11   10   11   11    8   12    9   11   12   12   10   10   10    8    9    8    9   10   11   12   20    9   10    8   11   10    8   10   10    8   10   11   12   19   12   10    8    9   12    9   11    8    9   10    9   11   10   11    8    8   17   18   12   10   12   10    9   20   11    8   11   11   11    8   11   10    9   11    9   20   19   11   10    8   10   10   11   10   10   10   11   12   20   18   10    8   10   10    9   11   12   18    9    9   12    9   10   12   12   12   11   11   10   10   11    8   20   11   11    8   12    9   10    8   12   18   10    8   12   17   10   10   12   10   10    9   10   11   11    8   11    9   19    8   10   10    9   10   20   11    9   10   20   17   11   12   18   19   10   10    9   17   17    8   10   10    8    8   12    8   12   10   10   10   10    9   10   12   10   12    8    8    9    9   18   10    8   10   20    9   12    9   10   19   17    8   12   17    9    9   11   17   11   10   12   12    9   10   12   12    9   20   19   12    9    8    8   11   11    8   10   11   11    9   11    9
  21   28   24   21   26   24   21   20   24   18   20   21   28   18   26   25   26   23   26   58   22   27   21   22   72   20   19   28   23   18   29   27   18   19   21   29   20   25   18   73   25   70   21   23   19   28   18   29   28   21   28   21   23   21   18   21   18   21   23   72   26   22   26   25   23   20   24   26   18   21   20   23   23   20   18   19   27   27   67   21   22   28   29   18   22   21   23   24   58   24   27   22   18   24   21   28   29   22   18   22   22   21   22   64   69   26   18   22   22   58   20   25   28   26   27   28   22   28   26   19   66   21   18   22   27   24   23   21   20   66   22   27   20   20   24   27   28   71   22   19   28   22   23   25   27   60   26   26   60   75   21   20   22   23   28   21   27   23   22   21   23   23   26   25   74   27   18   18   26   23   29   19   26   20   27   25   21   23   18   20   69   24   24   24   24   29   24   25   23   21   25   22   19   18   20   22   19   26   19   29   28   27   25   25   23   22   27   18   18   29   21   22   66   26   29   18   19   18   18   29   19   29   21   25   27   24   21   23   71   21   22   23   21   23   22   22   20   69   26   23   20   22   66   27   26   26   20   25   28   25   26   60   25   25   28   61   22   19   25   60   25   73   18   23   28   28   29   28   25   19   19   20   25   18   18   25   23   21   28   67   26   71   22   28   24   73   26   25   28   21   21   27   25   26   25   23   18   22   26   70   22   20   26   26   20   19   76   25   27   20   27   24   20   24   18   21   26   18   26   25   74   21   27   28   18   18   24   20   29   25   21   70   19   19   24   22   29   22   20   23   26   25   24   28   27   20   19   19   25   67   24   23   21   20   19   25   18   28   29   23   27   64   22   19   29   18   20   28   24   21   20   22   20   25   62   20   70   28   25   20   27   29   27   20   21   23   26   28   18   74   20   23   76   27   20   19   27   21   22   21   27   24   22   18   22   26   24   22   65   24   21   28   29   19   63   21   24   19   27   22   29   20   18   70   28   25   28   27   18   18   20   62   26   27   26   19   18   26   28   18   26   63   25   21   26   28   19   23   23   27   25   63   23   24   25   24   19   18   18   23   20   26   19   76   22   25   22   20   27   24   29   28   66   23   28   23   20   27   20   21   26   23   28   19   26   27   18   18   23   58   22   19   19   64   23   22   20   24   26   28
  11   12   10   21   11   12   11   11   15   11   12   14   13   12   13   24   13   11   12   11   15   10   15   13   12   14   15   14   11   12   11   15   14   10   13   12   10   12   15   11   11   14   13   13   12   12   24   14   12   24   14   11   10   13   14   11   13   10   13   10   14   11   11   12   11   10   15   13   11   13   12   14   14   15   14   10   11   10   23   23   12   10   12   13   13   14   11   10   11   10   11   15   14   13   14   10   14   24   24   11   13   14   14   13   11   13   11   10   14   13   11   24   15   11   15   13   11   11   23   15   11   10   13   24   11   13   12   13   12   25   24   13   10   21   12   13   14   11   14   14   14   15   24   11   21   15   15   23   14   14   15   13   14   11   10   12   11   10   12   15   24   14   22   10   22   11   12   13   13   11   15   14   15   10   10   10   10   21   15   12   13   14   10   23   15   13   11   24   24   11   11   13   11   15   13   11   15   11   12   10   11   12   23   12   11   11   11   10   14   14   10   11   12   12   14   15   11   10   11   12   11   11   13   10   22   15   12   12   14   12   22   10   13   14   10   10   11   11   23   10   15   14   12   15   12   15   15   13   13   23   12   14   12   14   11   11   13   10   12   24   23   12   15   21   15   15   10   11   14   14   13   15   11   13   10   13   10   15   12   21   14   12   13   23   10   12   10   13   11   10   12   11   12   11   13   12   14   13   12   12   14   11   13   12   15   15   12   11   10   24   10   10   13   10   15   14   13   11   10   14   11   12   13   13   12   11   12   13   11   15   14   21   11   14   12   12   13   12   11   13   13   15   10   15   15   13   12   15   13   12   13   24   11   13   11   10   10   12   14   12   13   13   12   15   15   21   13   12   11   15   13   15   12   23   12   11   14   22   14   23   23   10   10   11   15   12   13   12   15   12   13   10   11   14   11   23   10   13   10   10   10   10   14   11   10   15   14   10   15   12   13   23   14   24   14   11   11   13   13   13   14   15   14   24   10   13   15   13   15   15   14   25   22   13   14   11   13   13   11   12   21   13   10   11   11   14   11   15   13   12   23   10   23   10   11   10   12   12   15   14   12   23   13   10   10   13   12   12   11   15   13   10   15   13   13   14   12   13   12   12   12   14   21   11   14   10   22   11   13   11   15   15   24   14   15   12   15   11   14   11
  18   15   15   18   17   18   18   15   16   29   14   14   12   13   12   15   15   14   13   16   15   18   28   29   14   30   14   13   18   12   17   16   18   13   11   12   15   15   16   12   15   17   15   16   15   13   14   16   15   18   13   30   13   18   13   12   18   12   29   16   14   16   17   12   25   13   12   15   17   12   13   15   16   18   13   13   17   14   12   13   13   15   15   16   14   14   14   14   15   18   16   15   12   12   16   15   16   14   18   14   12   14   14   12   14   16   28   13   14   12   18   17   11   14   14   30   12   14   16   29   15   18   15   17   16   15   12   12   25   17   15   16   13   14   15   12   17   30   18   15   17   18   28   16   15   12   14   11   17   15   15   15   15   15   30   15   15   13   14   13   18   13   12   12   17   18   13   15   18   15   14   12   14   14   16   29   12   12   16   13   17   14   14   15   14   13   15   15   16   15   30   18   16   12   26   29   16   12   16   15   17   17   12   15   15   16   16   26   28   26   13   14   12   30   15   17   16   16   15   14   11   13   12   13   17   28   12   16   17   13   28   15   16   29   29   11   12   12   14   15   17   15   18   14   12   28   16   18   14   15   15   13   14   18   14   29   16   25   13   27   18   14   12   16   29   14   13   18   13   13   27   12   17   14   11   13   13   14   13   13   15   14   13   13   12   16   12   16   14   18   14   13   15   18   17   14   29   28   18   14   11   17   15   15   18   12   13   14   14   30   17   18   17   13   14   17   12   14   14   15   14   13   17   18   15   15   12   13   13   15   13   15   17   16   28   17   15   14   16   18   17   15   14   14   18   17   12   16   15   18   14   17   12   14   15   16   14   18   18   17   13   14   17   16   14   15   15   28   17   17   12   12   13   16   16   15   17   16   17   13   14   12   12   16   12   15   16   12   12   17   14   16   14   13   14   13   15   15   16   13   14   18   14   13   15   15   12   17   14   14   15   14   15   18   13   17   12   12   13   14   17   13   16   15   13   25   13   13   17   18   17   14   18   16   14   18   13   25   18   17   15   15   29   17   27   16   13   15   18   14   17   18   30   16   14   15   12   14   30   12   15   11   12   14   15   13   17   16   16   18   17   16   12   29   13   18   13   16   14   13   18   13   16   18   18   18   13   11   16   18   15   17   18   14   11   17   13   12   13   25
  11   13   11   21    9   10   14   10   11    9   12   11   12   10   19   13   10   14   14    9    9   13    9   11   22   13   10   13   13   11   12   14   13   11   14   23   14   10    9   13   11    9   14   12   21   10   12   13   11    9   14   10   22   11   12   13   13    9   10   11   13   12   14   13    9    9   12   13   11   12   13   10   14   12   10   12   11   10   22   13   11    9   13    9   22   12   14   22   10   11   12    9    9   13   13    9   12    9   13    9   13   11    9   12   11    9   11   12   11   12   12   13   20   20    9   10   12    9   14   10   12    9   10    9    9   11   22   13   14   20   12   12   11   11   13   10   23   11   22   13   11   22   11   12   11    9   13   11    9   13    9   22   13   12   13   19   13   10   10   21   13   10   11    9   20   11   22    9   13   10   13   14   14   11    9   13   13   10   14   12   13   13    9   12   10   12   12   13   14   12   12    9   10   20    9   13   10    9   13   23   11   12   11   14   12    9   14   10   11   12    9   10    9   10   13   14   13   12    9   13    9   11    9   13   14   13   13   10   14   13   13   12   11   13   10   10   10   11   13   11   14   10   12    9   13   11   11   10   12   11   12   10   11   12    9   13   10   12   12   21    9   13   10   14   13   10    9   11   22   12   10    9   14   10   14   11   19   10    9   10   11   11   13   13   10   13   11   14   19    9   14   12   21   12   12   14    9   11   13   19   11   10   10   11   12   13   13   12   10   10    9   13   13   14   14   14   11   10   10    9   13   13    9   20   11   10   13   12   13   11   10   11   23   11    9   13    9   11    9   12   12   13   13   12   13   13    9   11   11   12   13   11   12    9   13   11   11   13   11   10   12   12    9   12   13   13   10   10   11   13    9    9   12   12   12   13   21    9   13   11   12   11   13   19    9   13   14    9    9    9   13   13    9   12    9   11   11   13   12   11   10   11   13   10   11   10   13   11   10    9   12   14   10   13   12   11   11   11   10   13   12   13   11   11   12   12   12   12   10   10   10   10   13   13   13   14    9   19   19   11   10   10   10   10   13   11   10    9   12    9   12   13   13    9   11   10   11   11    9   11   13   11   11   20    9   13   10   11   11   11   20   13   19   14   10   13   10   13   14   10    9   13   21    9    9   13   11    9   11    9    9    9    9   13   13   11   11    9   11   14
  28   23   33   29   26   31   22   31   22   22   24   33   21   22   26   70   28   25   28   23   33   35   33   83   81   24   33   23   27   31   28   30   26   27   71   25   30   32   27   32   26   28   22   25   30   35   33   29   25   30   25   31   27   73   34   29   35   29   23   31   28   34   32   29   24   31   32   30   29   82   26   34   22   33   75   27   28   24   23   21   29   31   33   25   24   27   23   23   24   76   24   25   33   30   32   25   32   74   23   25   24   28   21   22   32   27   33   32   22   32   82   32   32   34   30   35   23   21   23   24   31   24   25   81   32   28   29   25   33   21   28   23   34   32   32   21   25   25   30   33   30   31   29   27   34   32   30   29   80   25   28   24   35   85   25   25   30   30   23   35   34   91   30   23   21   34   32   25   22   34   21   24   25   32   25   33   27   31   24   22   25   30   24   34   23   34   27   25   30   22   21   25   24   29   24   31   24   24   24   22   22   32   32   35   24   30   33   21   25   24   28   28   34   24   26   32   34   34   26   22   28   29   31   23   26   74   27   25   85   31   27   26   89   28   30   26   25   28   25   30   34   30   24   32   32   71   22   22   23   34   28   31   23   31   28   34   30   22   23   29   34   34   32   27   22   28   24   30   25   24   32   33   23   23   32   34   23   35   30   25   31   78   33   27   28   27   32   24   24   22   30   30   28   28   26   34   30   22   32   73   32   22   31   22   92   27   22   23   22   32   29   26   28   32   28   87   29   24   32   72   21   28   25   29   86   28   35   26   22   75   32   28   28   23   25   32   27   27   31   33   32   23   25   34   28   30   26   87   22   72   27   24   30   30   34   34   91   30   25   82   28   25   22   31   35   30   32   28   29   32   29   71   30   23   25   23   25   22   30   28   30   22   23   83   27   34   73   26   23   23   27   23   29   34   24   28   29   22   76   32   33   24   22   26   27   27   35   23   26   85   22   21   31   27   70   32   35   27   34   33   22   26   23   31   23   22   24   25   25   34   32   24   23   25   31   35   23   33   29   25   23   22   27   24   33   23   26   22   73   92   30   22   29   26   72   25   35   22   28   73   27   31   23   30   27   30   34   22   34   32   23   23   31   30   21   28   23   35   32   23   34   26   21   28   30   23   34   21   27   70   34   31   80   30   34   89   30   28   32   91
  23   17   19   22   22   21   20   15   22   16   33   20   23   16   18   19   15   22   22   22   21   20   20   19   19   18   20   21   18   21   22   14   20   23   16   17   19   19   22   22   18   14   16   23   14   21   23   21   17   20   14   20   22   16   21   32   16   23   18   19   21   20   22   22   22   19   18   35   21   32   15   22   18   21   16   16   19   22   21   18   19   15   23   16   19   15   15   37   20   17   17   19   21   16   31   21   23   17   19   14   21   15   20   14   14   16   16   18   31   21   16   20   15   18   17   38   19   15   19   31   18   16   14   35   19   22   34   23   21   21   19   15   22   20   19   18   32   20   18   37   18   18   20   14   22   22   22   38   20   19   17   15   21   21   18   21   21   15   16   20   17   17   23   18   22   21   19   18   15   19   33   16   22   18   22   20   21   22   22   17   14   17   22   22   15   22   15   18   16   14   18   37   15   23   33   14   23   15   15   22   21   17   18   20   20   17   19   21   21   17   14   23   19   22   19   37   23   31   17   22   33   16   37   19   21   16   14   23   16   15   16   18   18   18   20   14   21   17   21   21   18   14   33   14   15   20   34   34   21   16   19   14   21   16   18   17   16   32   17   15   20   15   32   32   22   15   18   16   22   18   18   19   19   17   23   15   23   20   23   19   16   23   22   19   18   21   19   20   18   18   19   22   22   21   18   14   18   18   16   20   19   16   17   14   32   17   21   23   22   16   15   22   15   18   23   22   16   18   20   15   22   22   16   19   20   15   19   31   22   32   16   19   23   18   37   20   16   22   18   15   20   21   38   23   17   16   17   22   18   38   16   19   19   31   20   16   15   19   18   21   15   17   19   20   16   20   22   18   22   22   19   19   21   15   16   20   18   20   23   19   16   19   20   31   19   32   22   18   21   35   22   20   21   15   17   15   19   22   19   37   18   18   21   20   21   15   23   20   22   21   22   19   15   21   18   19   17   16   22   15   20   21   14   21   22   23   20   16   35   22   17   21   15   15   17   19   20   19   22   15   19   19   14   16   18   18   20   16   22   20   16   20   21   17   16   21   21   34   14   18   21   21   21   16   22   16   22   14   21   18   15   21   15   19   20   22   14   21   18   19   19   15   16   22   20   15   36   22   16   17   15   35   37   20   15   22   16   22   31   37
  12    7    8    8    8    6    6    7    5    5    7    6    5    8    7   11    6   12    8    5    7    7    8    6    6    8    8    7    6    7    8    8    5    7    7    8    6    5    6    8    6    5    5    6    5    8    7    5    5   11    5    7    6    7    6    7    6    6    6    6   13    8    7    5   11    6    5    6    8    7   13    7    6    6    8    7    6   12    6    6    5    8    6    7    8    5    7    5    5    6    5    6    7    6    6    8    7    6    6    5    5    6   11    6    7   12    6    5    8    6    7    7    6    7    7    5    7    6    5    6    8    5    7    7    8    7   11    5    6    7    8   11    8    6   12    8   13    7    7    7    6    6    6    8    6    7    7    6    7    7    6    5    5   11    6    6   12    6    7    7    7    7    5    6    6    7    8    8    7    5    7    8   12    8    7    6    6    5    7    8    6    7   11    7   12    5    5   11   13    6   11    7    8   11    7   11    7    6    6    7   11    5    6    8    8    7    6    6    7    7    7    6    6    6    6    6    8    7    6    8    6   11   12    7    7    6    6    7    7    8    6    7    8    7    6   12    6    6    7    7    7    7    6    7    7    7    7    6   12    8    8    7    6    8    5    6    6    6    7    6    5    7    7    7    7    6    7    6    6    5    6    7    7    8    8    6    7    8    6    6    7    6    6    7    6    5    6    8    6    8    7    5    7    6    8   13    8   12    5   13    8    5    7   12    6    7    6    7    5    7    5    6    7    6    7   13    6    6    6    8    8    6    7    6    8    7    7    7    5    7    5    5    6    7    6    5    6    6   11    6    5    6    7    6    8   12    6    7    8    6    7    6    8    8    7   11    7    8    6    7    6    5    6    7    8    6    7   11    6    7    7    7    5    7    6    6   12    8    8    8    7    5    7    6    8    6    8    6    5    8    8    7    6   11    8    6    5   13    7    5    7    6    7    8    6    6    7    7    7    6    6    5    5    6   13    7    6    6    5    6    7    8    6   12    6    6    5    7    7    6    7    6    7    6    7    5    6    5    5    6   11    7   12    6    8    7    5   12    5    7    5    7    5    5    5    6    7    7    7    7    7    5    5    6    7    6    7    6    7    5    5    5    6    7    7    8    6    5    5    6    7    6    6    7    7   13    7   11    7    6   12    7    5    7   11   13    7    6    5    6
  24   26   21   23   24   23   22   27   30   30   28   28   23   31   30   22   31   25   21   28   66   27   19   27   24   25   28   22   25   27   66   22   32   22   28   32   23   22   24   32   27   73   24   20   28   32   21   22   78   31   19   27   80   22   28   20   27   28   31   20   24   29   22   23   84   69   20   24   81   27   31   23   29   22   31   23   20   25   75   24   27   30   20   28   20   30   30   21   25   24   28   75   20   21   24   23   25   24   25   30   26   64   20   27   24   25   29   28   79   30   27   28   20   24   27   32   25   25   27   29   29   29   31   27   26   24   28   26   22   20   20   24   23   29   31   24   24   26   24   30   31   22   23   25   21   27   24   24   21   77   20   25   20   20   20   31   23   32   25   26   27   83   30   27   22   32   32   31   22   24   64   29   24   25   69   24   29   20   29   29   30   28   28   29   29   24   32   28   24   25   31   20   26   28   20   21   24   23   25   20   27   72   71   23   23   27   31   21   21   29   22   29   32   28   31   28   22   21   24   69   31   25   81   29   79   32   21   83   28   28   25   72   24   27   30   26   80   23   25   26   31   20   32   23   27   30   30   64   25   26   20   29   21   31   29   26   67   22   24   20   26   22   27   26   24   22   27   22   25   24   22   30   20   20   29   75   28   28   25   20   24   24   28   26   22   31   22   70   30   20   24   31   30   67   20   30   28   24   27   30   22   27   30   20   29   22   29   28   69   28   30   28   31   26   32   24   23   31   29   28   25   31   21   28   30   28   24   20   27   30   28   22   22   26   29   31   84   20   21   22   20   70   72   32   21   24   25   26   23   28   20   74   69   27   23   28   21   25   28   30   28   29   22   24   27   21   28   31   31   22   25   25   22   27   27   26   20   23   21   26   30   28   29   79   20   23   20   27   27   24   26   27   24   76   27   28   21   22   28   24   24   22   25   29   20   20   24   83   28   21   23   31   64   20   31   31   30   30   28   21   30   31   71   24   21   25   22   24   24   21   22   25   30   24   29   26   28   23   24   21   21   26   26   29   20   23   20   22   78   68   29   32   29   25   30   21   31   29   32   28   21   26   24   23   29   25   27   22   24   77   27   25   23   24   29   28   64   21   80   79   28   24   26   28   27   24   28   26   23   23   25   22   20   24   27   28   30   26   21   29
  10   22   14   11   13   24   13   13   15   13   13   10   14   13   13   10   14   12   11   14   14   13   23   13   14   15   12   12   10   15   12   14   11   10   11   14   12   15   25   12   11   12   11   12   10   22   11   11   15   14   14   12   14   12   12   11   10   22   10   15   13   10   12   13   14   14   11   13   11   11   13   10   11   10   13   14   12   13   12   11   14   12   15   14   15   14   15   10   12   12   11   12   14   15   24   14   12   13   11   25   10   12   12   13   10   12   11   15   15   14   11   12   13   12   25   10   10   14   13   13   15   14   14   23   11   11   14   15   10   13   11   15   10   12   13   11   10   22   10   10   21   25   13   14   12   11   12   12   14   14   13   13   14   10   11   14   13   12   15   22   15   14   12   11   12   13   11   14   15   25   13   14   15   10   14   10   12   14   13   10   10   14   23   12   12   15   10   15   15   10   13   25   12   15   13   14   14   13   10   15   15   22   13   11   14   13   11   10   12   13   10   10   10   11   12   12   11   11   11   10   10   11   11   11   11   13   11   21   11   13   13   13   10   11   11   12   10   12   14   11   10   11   15   22   12   15   12   14   11   14   11   14   11   12   12   15   12   12   12   13   21   13   11   10   23   15   10   15   12   15   11   10   13   12   11   23   13   10   15   13   10   13   12   15   22   12   14   14   15   14   10   12   13   22   13   13   13   12   14   14   15   10   15   15   23   14   11   10   15   15   14   11   14   10   15   14   10   15   21   14   14   14   12   10   13   10   12   12   13   25   10   12   11   12   11   11   15   14   13   15   14   15   10   14   14   15   13   11   11   11   10   15   15   10   15   23   15   13   11   23   11   10   10   11   14   12   11   11   15   13   10   13   12   11   13   15   10   12   10   12   11   11   12   12   14   11   13   10   14   10   10   15   23   22   21   23   12   13   11   15   13   14   14   10   13   13   14   11   14   12   22   13   11   22   13   15   10   23   13   13   10   10   12   15   15   14   15   15   10   12   21   13   11   14   12   10   15   10   12   13   10   14   12   10   10   13   11   10   12   13   13   11   12   11   14   25   11   11   22   15   11   15   10   14   12   10   14   14   24   14   10   12   13   12   12   15   25   13   10   23   11   15   13   13   13   24   24   12   15   15   14   12   14   15   14   13   15   13   14   14
  77   24   86   29   33   36   93   38   23   33   25   38   31   82   34   38   28   38   25   33   33   25   90   24   38   31   29   31   31   28   28   30   31   24   35   31   28   30   34   37   25   25   78   24   25   24   32   31   24   30   27   27   32   24   26   37   36   30   31   26   86   32   34   24   24   26   31   34   25   35   30   25  100   33   36  100   80   23   34   32   38   30   84   33   36   25   36   34   35   31   91   88   99   35   32   29   26   34   30   32   23   33   28   36   26   27   35   26   24   94   78   89   30   32   33   31   36   25   25   26   34   28   26   31   26   26   25   38   26   28   27   92   28   26   27   27   38   34   30   37   37   33   37   25   33   37   25   38   32   33   24   28   30   26   32   37   27   24  100   89   25   80   29   35   34   32   29   97   28   26   23   34   32   32   89   30   27   83   34   30   37   33   27   35   26   32   25   24   26   36   30   34   28   24   29   33   32   30   33   33   30   32   30   28   29   38   29   37   33   35   32   37   37   77   31   34   31   24   30   27   30   33   29   33   97   27   37   27   24   32   92   29   35   36   24   31   24   32   27   30   25   29   29   36   27   33   33   30   36   32   33   78   99   35   35   24   25   31   38   27   37   23   29   26   24   27   35   32   32   34   24   37   37   31   33   34   34   28   32   31   37   32   32   28   30   32   25   31   34   29   37   27   35   35   30   32   28   27   31   97   85   30   28   24   36   25   92   28   35   36   38   35   29   27   29   25   32   29   35   26   38   27   84   87   28   38   30   34   24   32   31   28   32   27   30   32   29   35   79   30   29   38   29   33   31   23   24   28   24   87   28   30   25   28   28   33   89   26   30   36   77   38   30   35   24   97   35   36   36   35   26   24   32   33   30   77   34   25   28   34   33   27   31   28   24   23   31   31   29   32   25   24   99   35   26   34   35   36   25   37   36   33   33   27   36   24   23   37   31   36   32   84   89   38   31   94   26   37   30   30   28   37   29   25   31   35   35   90   35   32   30   36   35   25   24   81   36   35   34   30   30   38   33   38   26   31   27   35   34   38   35   30   25   36   25   37   31   29   78   28   23   25   83   95   30   37   34   36   26   28   35   28   89   79   31   27   25   36   32   32   31   25   34   30   99   35   31   27   30   36   30   37   34   89   24   93   26   31   89   28
  19   26   17   17   23   25   26   25   16   24   16   21   24   18   21   23   19   20   22   17   19   21   23   22   24   21   21   23   20   23   22   18   22   16   18   19   18   18   16   23   23   25   19   19   21   19   19   23   16   25   18   23   23   20   16   17   21   25   21   20   55   68   19   23   24   19   24   19   18   18   24   18   26   23   18   17   23   19   18   25   20   23   19   26   20   20   22   19   19   25   18   57   22   26   22   19   19   25   24   20   26   24   26   17   20   24   17   24   22   26   17   57   17   23   24   19   22   17   22   18   18   23   25   21   23   23   56   20   21   21   23   24   20   21   22   25   24   23   18   23   18   16   17   24   22   56   21   20   22   20   20   18   18   18   17   22   25   21   20   25   18   18   20   20   24   20   22   24   23   24   18   23   23   17   24   18   65   16   25   21   25   24   17   25   53   18   21   25   24   22   68   18   26   22   19   22   17   24   25   18   23   25   24   17   25   18   18   26   23   24   26   21   18   19   23   19   19   18   22   16   20   18   19   20   23   23   25   16   22   18   17   22   22   21   25   17   20   24   23   24   19   25   20   26   23   22   53   26   52   23   18   24   22   16   22   17   53   21   23   26   58   16   65   17   57   16   57   22   22   24   25   16   17   17   24   19   21   59   20   68   17   25   19   23   19   19   19   64   23   24   18   17   21   23   21   64   66   19   22   19   20   17   25   22   24   55   65   25   54   21   23   21   59   26   25   22   21   25   18   24   17   55   19   22   25   21   21   20   19   16   21   60   19   20   25   20   19   20   21   25   24   23   22   16   21   17   65   24   22   24   20   21   16   18   24   19   16   56   25   26   17   23   18   23   25   17   24   24   18   66   24   19   25   20   24   64   20   18   24   19   24   60   23   21   17   68   16   26   25   18   17   18   16   17   19   18   18   66   18   19   18   16   26   19   19   18   25   26   23   18   65   21   17   22   19   16   16   16   21   23   25   17   19   24   16   21   23   26   23   25   25   18   21   21   17   23   17   17   25   24   25   20   25   21   19   24   16   26   25   18   23   18   26   18   26   23   17   22   17   17   58   19   21   16   63   23   25   19   20   22   24   22   61   21   68   16   20   25   17   21   20   25   18   63   21   17   19   16   26   17   19   22   20   20   25   65   20   26   21   25
  11   13   21   12   25   10   14   14   14   12   11   12   13   13   12   11   15   25   10   14   15   13   13   15   24   14   23   14   15   11   23   15   22   15   12   11   10   11   13   12   11   25   15   21   15   15   23   12   13   11   12   13   13   11   10   14   11   23   14   12   11   12   11   13   14   14   14   15   13   13   10   12   10   25   13   23   22   12   15   13   21   13   14   13   11   11   15   10   12   12   13   11   22   13   12   12   10   25   10   10   11   14   10   24   14   11   13   11   14   12   11   14   13   14   11   12   15   12   15   15   10   13   11   10   12   10   13   10   15   13   14   12   10   10   10   11   12   12   10   14   15   12   13   11   12   12   12   10   13   11   12   14   10   13   10   15   14   10   10   15   13   15   10   13   12   14   13   15   15   23   15   11   15   10   10   14   12   12   11   22   15   14   14   10   15   14   10   14   12   12   13   13   10   13   12   14   10   13   12   15   14   11   12   14   22   14   10   12   14   12   11   21   12   15   10   10   22   15   11   13   13   10   10   11   14   23   10   12   11   13   13   13   15   15   15   12   11   12   12   11   12   15   11   25   14   22   21   10   13   15   10   21   15   14   10   12   14   13   14   15   11   12   15   12   11   10   10   10   15   15   11   15   10   12   14   24   10   10   13   14   13   12   10   15   15   12   15   15   13   15   11   14   25   12   12   15   23   14   12   13   11   13   14   11   22   13   13   15   13   24   14   13   14   13   10   15   11   14   11   12   15   11   10   15   14   11   24   13   14   14   21   11   11   11   13   13   10   14   14   12   12   13   15   13   12   10   24   11   11   14   10   23   24   13   10   13   11   12   15   12   11   11   22   15   25   10   25   13   14   14   11   10   12   11   11   13   10   11   10   15   13   12   13   12   15   15   13   10   12   10   10   11   11   12   14   15   15   12   11   15   15   13   13   13   14   12   10   15   11   15   15   11   10   11   21   12   10   14   10   14   14   11   14   12   13   15   15   14   15   10   15   12   13   23   14   14   13   14   10   11   13   12   14   15   11   13   10   14   14   13   15   15   15   15   15   14   13   14   15   14   15   13   13   15   14   11   10   15   10   11   15   15   13   14   14   11   25   13   14   11   12   10   10   24   10   10   25   15   10   13   11   10   15   12   10   13   14   12   12   12
  13   14   12   15   10   15   12   14   14   12   12   15   10   12   22   10   11   12   13   10   12   15   24   12   11   10   15   14   12   10   10   12   10   13   10   10   10   15   11   11   13   15   12   11   12   11   12   25   15   15   13   25   11   10   14   13   13   14   11   14   14   14   14   11   13   11   14   10   15   13   13   11   12   11   21   13   25   12   13   11   11   23   12   12   14   14   12   11   15   11   11   11   12   10   22   10   12   24   11   14   10   15   25   12   10   11   10   13   12   14   11   11   12   11   14   15   10   15   12   11   25   15   13   13   11   10   10   12   13   12   23   14   15   13   10   25   14   13   15   13   10   15   14   13   15   10   10   12   14   14   14   13   15   10   24   10   11   14   14   11   10   10   13   11   24   12   21   15   23   11   12   10   11   14   21   22   25   14   14   10   21   11   10   11   22   13   13   15   24   15   10   10   11   11   21   14   11   14   21   10   12   14   22   12   12   12   15   11   14   23   11   12   11   10   14   13   12   10   10   11   14   10   14   12   10   13   12   13   15   15   14   12   12   10   15   13   15   15   13   15   10   10   11   15   10   23   11   14   15   11   14   23   14   11   23   11   13   15   14   11   10   11   23   11   12   13   13   10   12   15   15   12   15   12   12   12   10   15   13   15   13   15   10   14   14   15   14   14   15   11   12   15   10   12   10   15   23   10   10   13   14   11   10   10   13   12   13   13   14   24   13   11   10   13   11   10   15   14   10   13   25   14   12   12   15   15   12   14   12   12   15   21   14   23   12   13   14   13   11   13   10   14   10   15   13   11   10   13   10   10   11   13   10   11   11   10   12   13   10   15   11   10   13   11   13   23   14   13   10   11   14   15   12   15   22   15   12   13   14   25   15   12   13   14   14   13   13   23   22   12   11   25   13   14   14   10   22   10   12   14   13   11   11   14   12   11   10   12   14   13   11   10   12   11   15   11   10   10   15   10   11   15   10   10   24   10   15   15   14   12   21   25   11   14   15   24   14   14   15   10   11   12   12   13   10   10   12   11   15   12   11   13   12   25   22   11   15   14   15   14   11   13   14   15   15   10   23   14   12   12   13   14   12   10   22   14   12   22   13   12   15   10   11   12   15   13   11   13   14   11   15   15   13   12   21   14   15   10   13   13
  74   67   21   22   31   27   25   26   24   23   23   27   25   30   27   30   20   31   66   21   26   22   24   20   28   31   25   25   31   20   23   28   20   32   30   66   26   31   25   23   26   24   21   20   23   24   24   20   26   22   22   24   31   68   27   27   30   22   73   29   27   30   25   29   30   26   32   27   25   26   68   20   31   21   28   67   20   24   31   72   28   23   26   30   21   25   20   25   22   22   32   31   29   29   24   30   29   26   29   25   30   31   20   80   30   30   30   21   22   24   23   26   22   26   77   30   27   21   32   28   23   21   77   31   23   31   32   30   29   30   28   24   27   22   20   20   28   21   28   32   25   23   30   30   26   21   30   25   24   23   25   30   24   21   22   26   67   22   31   23   24   27   26   19   28   31   21   22   30   25   23   24   29   20   30   28   20   80   23   30   24   76   64   32   23   20   29   32   26   30   25   21   30   27   25   26   27   28   31   27   31   66   28   23   29   30   21   25   27   23   24   24   22   20   24   30   25   31   29   25   19   21   30   27   20   21   22   71   27   26   21   31   22   21   28   27   70   25   28   26   22   29   73   27   25   26   22   20   26   26   21   23   28   23   24   74   70   20   30   32   20   31   30   23   31   26   30   28   23   31   28   25   25   29   27   29   83   23   23   23   25   21   25   30   29   24   30   27   21   30   22   23   27   20   25   23   31   26   20   28   24   26   23   28   21   26   28   19   23   28   26   30   83   28   25   29   29   25   27   25   22   28   27   24   27   30   28   20   22   30   30   25   31   29   26   29   23   30   71   21   30   31   21   81   29   30   24   25   31   22   23   30   32   24   29   75   25   20   21   29   29   27   64   20   23   24   23   28   23   27   31   31   23   70   23   25   71   73   25   25   81   23   23   31   31   28   20   25   24   32   27   29   24   70   20   21   29   26   27   72   30   26   24   27   22   28   28   28   23   24   30   27   19   27   27   24   24   25   22   25   31   27   21   27   25   26   21   26   21   76   20   21   22   22   23   21   28   29   27   21   28   29   27   27   31   29   20   30   21   30   22   21   29   20   28   30   68   28   26   26   26   24   30   29   31   32   26   23   32   22   76   78   31   22   20   28   73   32   26   26   25   22   32   24   22   21   69   25   20   20   22   77   20   31   22   28   29   26   29   23
   4    4    3    4    3    4    3    4    5    3    4    5    3    5    7    4    4    4    5    7    3    4    5    5    5    8    4    3    4    5    4    4    4    4    4    4    3    5    4    4    4    4    4    5    4    4    5    4    4    5    4    5    4    3    4    3    4    5    4    3    3    4    3    5    3    7    4    3    4    4    4    4    7    4    5    5    5    5    5    4    4    5    5    8    4    5    4    4    5    4    4    7    3    4    5    4    5    4    4    4    5    4    3    5    5    7    5    5    7    4    5    5    5    3    4    4    4    4    5    5    8    4    4    5    4    4    4    7    4    4    4    4    5    5    5    4    3    3    3    4    5    5    3    4    7    5    4    5    7    4    5    5    4    4    3    7    4    4    4    4    5    5    4    7    4    3    3    4    4    4    3    4    4    4    7    3    3    3    4    3    5    4    4    4    5    4    3    4    4    4    7    4    4    5    3    4    4    4    5    4    5    5    4    4    4    8    3    4    5    3    5    4    4    4    3    5    4    4    4    4    5    5    4    4    4    4    4    5    4    4    3    4    5    4    4    7    3    4    5    3    4    5    4    5    4    5    7    4    5    3    4    4    5    4    4    4    5    4    4    4    7    3    4    7    4    4    3    7    5    3    4    3    7    5    7    5    5    5    4    4    5    5    5    4    5    4    4    4    5    4    4    4    8    3    4    4    8    3    4    3    3    4    4    7    4    4    3    3    3    4    3    4    4    4    5    4    5    5    4    5    4    5    8    5    3    4    4    4    5    4    5    4    5    4    5    5    5    5    5    4    4    3    3    4    4    4    4    4    4    3    4    4    4    4    5    5    4    4    5    4    5    7    4    4    3    4    7    4    5    5    4    7    5    4    8    4    4    8    5    5    4    4    4    4    4    5    4    3    5    4    8    3    4    5    7    4    5    4    5    8    4    3    8    4    3    5    5    4    7    4    5    4    3    5    5    3    4    5    4    4    5    4    4    4    4    4    7    4    5    3    5    4    4    4    4    3    4    5    4    8    3    4    5    4    5    4    4    3    4    4    4    4    5    7    4    4    4    7    4    4    5    5    4    4    4    5    4    5    7    4    5    5    4    3    5    4    4    5    4    4    5    5    4    4    3    4    4    4    4    4    5    3    5    5    4    3    4    3    5    5
   6    6    6   13    6    6    6    5    7    7    8    7    5    8    5   13   12    7    5    7   11   11    6    8   13    8    8    8    6    5    6    5    6    6   12    7    7    6    7    8    5    6    7    7   12    7    7    7    5    7    6    6    7    7    5    7    7    7    5    6    6    8   11    8    8    5    6   13    7    5   13    7    7    7    6    5    7    8    7    5   11    6   12    6    8   13   13    7    5    6    6    6    6   12    6    7    7    6    5   11    7    7    5    5   12    6    6    6    6    6   12    6    5    6    7    6    7    6    8    6    7    6    6    6    8    7    7    6    6    7   13    8    6    7    6   12    7    7    5   13    6    6    6    7   11    6    6    7    5    5    6    6    5    6    6    8    5    6    6    7    7    8    6    5    7    6    7    8    5    5    7    7   12   12    8    6    6    8    8    7    5    7    6    6    6   12    7    6    6    7    6    5    5    7    6   13    8    7    6    7    5    8   11    7    5    6    5    5    6    8    6    7    6    7    5   12    7    6    6    7    7    6    6    5    8    7    7   11    6    7   11    8    5   13    6    7    6    5    7    8    7    6    6    6   12    7    7   11    7    8   11    8   12    6   13    7    5    5    5    7    6    7    6    7    6    5    7    6    7   12    8    7    6    5    7    7    5    8    6    8    8    7    8    8    7    6    8    8   11    5    5    7    6    8    7    5    6    6    8    8    8    7   12   13    6   12   13    5    6    6    7    5    6    8    6   13    7   11    6    7    6    8    7    7    7    5    6    6    6    8    6   11    8    6    5    5    7    6    7    7    7    6    7    7    6   13    7    6    6   13   12    7    6    8    7    6    6    8    6    6    5    6    7    7    6    6    7    5    7   11    8    7    5    7   12    6    7    8    7    7    7    7   11   11    5    7    5    7    6    7    6    5   11    8    6    5    7    6    8   11    7   12    6    6    6    6    5    7    6    6    7   12    7    7    7    7   11    7    6    6    5    8   13    6    7    6    8    6    8    7    6    8    7    8    6    5    5    6    7    6    7    7    5    5    5    7    6    6    8    6    7    6    6    7    7    6    7    7    5    7    5    8   12    5    6    7    5    6   13   13    6    6    8    7    7    7    6    5    7    6   12   11    7    7    6   13    7    6    6    6    6    5    5    7    6    6    6    7    6   12
   6    5    6    7    7   11    7    7    5    6    5    7    8    8    7    5   12    7   11    7    7    7   12    6    6    6    8    8    6    6    6    8    7    5   12    6    7    6    7    6    6    6    8    8    6    5    8   11    6    7    6    8    7    7    7    7    8    6    7    7    7    5    6    7    7    7    5    6   11    6    6    6    5    5    6    8    6    5    7    5    6    8    8   13    6    6    8    6    7    7    6    6    6    7    7    6   11    8    7    8    8    8   12    7    7    8    6   13    5    6    7    5    6    7    6    6    6    6    7    6    7    6   13   12    6   11    7    5   11    8    7    5    8    6    8    8    7    8    7    8    6    8    7    7    5    5    8    7    8    6   11    7    7   11    6    6   11    6    7    8    7    7    5    7    5   11    7    8    6    7    7    8   12    7    7    6    8    6    7    6    5    7    6    7    7    5    8    5    7    7    7    8    8    7    8    7   12    6    6    6    7    5    8    7    6    5   13    5    6    6    7    6    6    6    5    6    8    5    8    6    7    7    7    5    6    5    7    5    5   13    6    6    7    6   13    6    6    5    7   11   13   11    7    6    6    7    8    6    6    8    6   13    6    5    6    7    5    6    5    8    7    7    6    5    7    6    5    8    8    7    6    6    8    6    6    7    8    7    6    6    7    5    8    8    6    7    8   11    6    8    5    8    7    7    6    5    7    7    7    7    6    8    5   11    8   12    6    5    7    8    5    6    8    8    6    5    6    5    7    5    7    5   11    6   13    7    6    7    7    6    7    7    7    6    6   12   11    6    7    6    5    8    5    8    6   11    6    6    8    5    6    6    6    7    5    5    7    6    7    5    7    7    8   12    7    6    6    6    6    7    8    5    6    6    6    8    5    8    6    5    7    8    7    6    8    5    5    6    7    7    7    6    7    7    6    7    6    5    7    7    8    7    7    6    6    7    5    5    7    7    7    7    6    5    7    5    7    8    5    7   11    5    7    8    6    6    5    6    5    8    8    7    8    7    8    8    5    5    8    8    5    6    6    6    8    7   11    7    6    5    7    6    5    7    7    8    6    5    7   11    5    8    6    6    6    6    7    6    6    8    8    6    5    7    7    5    8   13    7    5    7    6    8    8    6   11    5    7    8    5    7    7    5    7    7    7    6    5    8    7
   9   11   11   12   13   13   11   13   23   11   10   11   10   10   13    9   12   11   12    9   14    9   14   11    9   13   20   12   13   10   13   21   10   10    9   13   13   11   13   12   11   11   12   10   22   13   11   11   13   10   13   13   10    9   12   13   10   19   14   12   13    9   13   13   14   11   11   13   14   10   11   10   22   12   12    9   12   11   11   12   10   14   13   10   12   13   14   13   22   19   14   11   11   10   23   13   10   14   12   13   11   13   19    9   11   22    9   11    9   10   11    9   12   12   22   12    9   13   10   11   11   13   10    9    9   13   22   10    9   10   10   12    9   10   11   12   13   10   11   13   11   12   13   13   22   14   13   22   13   11    9   14   20   11   10    9   12    9   21    9   20   20   13   20   13   14   13    9   12   22    9   10   13   13   14    9   11   13   12   10   12   10    9   10   11    9   13   13   12   12   13   10   11    9   11   11   13   11   12   20   13   12   10   13   12   10    9   19    9   13   12   12   10   14    9   14   12   10   13    9   10   12   12   11   11   10   11   19   13   19   13   11   12    9   13   12   13   11   11   22    9   12   13   13   12   13   13    9    9   10   10    9   14   13   12   12   13   14   11   11   12   13    9   11   11   13   13   14   12   11   12   10   12   12   11    9   11   10   19   11   11   10    9   10   13   10   14   14   10   11   11    9   13    9   12    9   12    9   14   12   11   10   14   12   11   13   11   19   12   10   12   11   10   10   11   20   13   12   12   13    9   12   10    9    9   13   12   22   13   13    9   11   13   12   13   23   11   10   11   13   10   14   12   12   12    9   10   14   13    9    9   10   19   11   14   14   22   22   11   12    9   10   11   13    9    9   11   19   13   12   12   21   11    9   13   11   12   11   12   10    9   11   11   11   11   12   12   13   10   13    9   13   14   10    9   20   22   12   12    9   12   10   12   12   12   10   13   13   14   12    9   12    9   11    9   10   10   13   11   12    9   10   12   10   10   21   10   14    9   10   12   12   11   11   12   23   13   11   20   13   10   14    9   10    9   13   14   13    9   10   13   13   12   11   13   12    9   11   11    9   21   11   12   12   19    9   19   12   14   20    9   12   10    9   12   14    9   11   13   12   13   11    9   14   13   10   12    9   13   12   10    9   23   19   11   10   10   12   13   10
  16   18   20   14   18   17   17   13   20   14   16   19   18   29   20   21   30   20   16   19   17   13   30   13   13   20   17   14   13   30   17   20   14   19   14   15   21   16   14   19   20   16   16   20   21   16   17   17   13   21   32   19   16   16   21   21   20   16   15   18   14   35   13   16   19   20   20   15   15   14   15   20   15   15   21   16   13   30   17   20   29   21   21   19   16   17   15   19   20   13   15   19   16   14   14   17   17   18   19   29   16   15   19   29   18   19   13   19   19   14   16   32   20   17   15   14   16   29   14   13   14   18   15   18   20   15   13   17   17   15   14   16   18   16   16   17   20   14   13   19   18   21   17   33   16   18   19   21   19   17   21   19   19   15   16   18   30   29   18   19   21   18   15   20   20   19   15   18   32   19   14   21   34   14   35   15   14   14   14   14   15   20   19   15   21   18   13   21   20   15   15   20   20   21   14   21   19   17   19   33   21   16   30   34   16   35   29   16   18   18   34   16   15   19   20   14   35   16   13   19   18   20   18   18   34   34   17   17   17   18   21   18   17   21   19   16   15   17   13   18   20   19   17   19   14   17   15   18   14   15   14   21   16   16   14   14   17   20   14   20   16   14   14   14   17   21   14   13   16   17   18   13   20   16   17   16   20   15   17   15   17   19   20   16   15   19   15   21   14   21   19   15   20   17   16   17   21   33   14   15   19   15   21   16   14   14   16   17   20   19   16   15   15   18   17   21   18   17   21   30   15   18   14   13   16   17   21   19   20   14   15   17   19   19   31   20   20   21   17   33   21   18   21   19   19   18   17   20   32   19   20   17   21   21   16   15   17   19   20   20   17   21   16   18   17   16   15   16   15   15   21   16   14   17   19   21   15   18   20   33   19   17   21   19   14   29   17   18   19   13   20   16   34   34   21   21   15   18   30   18   21   21   15   19   18   18   20   18   16   14   20   20   17   18   32   14   21   20   19   16   33   16   16   35   19   17   18   19   17   33   16   15   13   15   18   17   16   30   33   20   29   19   17   20   20   16   20   16   18   17   20   13   15   20   20   20   19   18   15   13   14   14   15   17   18   14   16   14   19   20   15   18   15   19   13   14   17   18   30   18   29   21   35   17   15   16   15   16   21   18   15   34   21   20   33   20   14   20   17   17
   5    6    8   12    6    6    6    6    8    8   11    7    6    5    6    8    6    5    5    5    7    7    7    7    8    5   12    7    6    6    7    6    8    6    7    6    7    7    6    5    6    8    7    5    5    7    8    5    8    8    8   11    6    7    6    7    7    6    6    7    7    7    7    7    7    6    6    5   13    7   11    7    8    7    8    8   11    7    7    7    7    5    7    7    6    6    8    7    8    7    7    5    7    5    7    7    7    7    6    6    7   12    6    5   12    6    5   11    8    8    8    7   12    7    5    7    8    7    6    8    5    7    7    5    6    8    6    6    6    7    6    7    8    5   12   13    7    7    6    6    8    6    5    7    5    7    8    6    6    6    6    6    7    8   13    8   12    7    6    7    5    6    6    7    6    6    5    7    7    7    8   12    8    5    8    6    5    6    5   12    8    8    8    8    6    7    5    6    6    6    6    7    6    6    8    5    6    8    5    6    7    7    6    7    6    7    8    7   12    5    6   11    6    8    5    7    6    7    7    5    6    7    8    6    8    6   11    5    7    8    7    7    6    7    5    7    6    6    6    6    7    6    7   12    6   11    7    6    5    6    6    6    6    7    7   13    8    6    5    5    7    5    6   12    5    5    6    7    6    6    8    6    8    7    7    7   12    6    5    5    7    5    8    7   12    8    7    8    7    6   12    5   11    5    7    7    8    7    7    8    5    8   11    6   11    8    7    5    7    8   12    7    7    7    8    5    8    8    6    6    6    7    6    6    7    8    5    5    6    8    8    5    8   13    8    7    6    7    6    5    5    6    6    8    7    6    7    7    7    7   11    6   11    6    5   13    6    6    6    5    7    8    7    7    6    8    7    8   12    7    6    5    5    6    7    7    7    7    7    7   11    7    5    5   12    7    7    8    6    7    7   12    6   11    6    5    6    6    8    6    8    6    8    6    5    8    6    7    6    6   11    6    7    8    7    5    8    8   12    7    7    5    6   11   12    6    7    8    7    8    7   11    7    5    6    7    7    6    6    6    5    6    6    6   11    6    6    5    6    8    7    8    7    5    5    5    7    7    7    6    7    6    6    5    6    5    6    6    6    7    6    7    6    8    7    7    8    6   11    6    8    6    6    6    8    7    6    7    7    6    7   11   11    7    6    6    6   12    5    6
   9    7    7    6    7    7    9    6    7    6    6    9   13    9    7   13    7    7    8   13    7    8    9    8    6    9    9    8    8    8    7    8    9    8    7    9    9    8   15    7    7    6    9    9    8    7    6    8    7   15    9    9   14    9    9    7    9    9    9    7    7    7    8   15    7    8    6   15    9   13    9    6    7    9    9    8    7    9   15    9    7    8    9    8    9    9    7    6    6    8    6    7    6    8    7   14    7    6    9    8    9    9    9    7    6    9    8    6    8    8    8    7    8    7    8    9    7    8    7    9    7    7    9    7    6    6    6    8    9    6    8    6    6    8    9    9    8    9    6    9    9    8   13    7    9    8   13    9    7    6    7    8    8   14    9    8   13    7    9    7    7    9    8    8   13    9    6    7   15    8    7    9    9    7   15    9    7    9    6    8    7    8    7    8    7    9    6    7    8    9    9    8    8    7    7    6    8    9    7   14    7    6    9    7   13   13    8    6    9   15    8    7    8    7    9    8    8    9    8    6    7    7    7    8    8    6    9    9    7    8    9    9   14    7    8    8    8    7    6    7    9    6    8    6    8    8   15    7    9   14    8    9    8    9    7    9    7    9    9    6    6    7    9    6    6    9   15    8    8    6    7    7    8   15    7    7   15    7    7    8   14    8    7    9    8    7    8    6   13   14    8    9    8    9    8    9    7    9    9   15    9    6    9   14    9    7    7    8    6    9    8    7    6    9    9    9    6    8    9    9    7    6    8    7    6    6    8    7    6    8    8    8    6    9    7    7    7    7    7    7    9    9    8    8    9    9    8   13    7    7    8   15    7    8    8    9    8    7    8    6   15    7    6    8    8    7    6    7    8   14    8    7    6    8    8    8    9    8    8    7    7    8    9    6    6    8    8   15    6    8    6    9    8    7    8    7    6    9    8    6   15    8    8    6    8    9    9    9    7    8    8    8    9   13    7    7    8    7    8    8    8    7   15    6    9    9    7    9    6    9    6    9    8    7    9    6    9    8   14    8    9    8    7    8    8   13    9    9    7   13    8    9    7    9    7    9    9    6    9    8    9    8    8    9    7   14    9    9    9    9    7    8    8    9    8    7   14    7    9    6    9    8    7    8   13    9    6    9    7    8    7   13    8    7    7    8    7    7   14   15
  14   10   15   14   11   14   13   11   13   11   12   21   12   12   12   14   10   11   10   13   14   15   15   15   11   10   11   12   15   14   25   10   12   10   12   10   13   11   12   14   15   14   10   22   13   13   14   15   10   15   13   11   10   15   12   15   11   21   10   12   15   14   15   15   13   11   12   13   15   11   12   12   13   12   10   11   10   11   14   14   24   14   10   15   10   14   13   14   15   14   24   11   14   11   15   10   11   13   14   12   14   11   11   11   15   11   13   12   11   12   11   24   12   14   15   15   12   12   10   10   11   14   13   12   12   15   13   12   12   10   11   13   11   15   13   13   10   14   11   22   10   10   13   15   11   10   15   11   13   11   23   11   11   15   14   11   13   11   14   10   11   15   23   22   14   15   11   23   12   15   11   12   11   15   13   12   15   23   15   11   15   14   14   15   15   13   15   15   11   10   14   15   12   15   12   13   15   14   13   11   11   11   15   14   11   13   11   13   12   11   15   10   15   13   13   12   11   13   15   14   22   11   11   14   10   23   15   10   13   12   14   12   21   13   11   10   13   15   11   14   14   15   11   15   12   15   14   15   13   13   13   13   12   15   14   15   13   11   11   11   12   15   14   14   22   12   13   10   12   25   12   13   10   10   14   25   10   21   11   13   10   22   12   14   15   14   13   10   12   11   11   11   14   12   11   12   22   11   13   10   21   10   15   15   10   11   24   13   12   24   15   13   11   13   10   11   11   14   11   14   13   10   15   13   14   10   14   11   11   13   23   13   14   11   22   10   13   25   14   12   14   15   13   14   13   14   13   14   12   13   22   14   15   25   15   13   10   15   11   15   15   14   14   22   12   15   10   15   14   15   11   15   10   11   12   12   13   15   15   14   10   14   25   15   10   13   14   10   15   10   13   15   13   13   11   22   11   11   15   15   10   12   13   13   14   13   11   11   12   13   11   14   15   15   15   11   11   11   13   14   12   12   12   13   22   12   12   11   21   14   13   21   15   14   14   10   12   10   15   15   12   11   14   15   14   14   10   14   14   14   10   10   14   12   12   14   11   14   14   14   10   11   14   15   12   12   10   14   14   12   11   12   15   13   12   15   11   10   11   11   10   10   14   15   14   14   15   14   13   11   22   13   13   12   13   14   14   10   21   14
  13   11   11   15   10   11   12   11   11   10   13   15   13   13   10   14   12   11   15   14   12   13   13   24   25   14   12   15   15   24   12   15   15   11   14   14   12   13   10   11   13   11   13   11   15   25   10   15   11   12   14   10   11   12   12   13   12   15   14   15   14   13   14   15   11   15   10   15   22   15   11   11   23   22   13   12   15   12   13   12   10   14   15   13   15   11   13   13   10   13   14   10   10   10   10   11   23   12   10   11   14   12   10   10   14   13   10   14   10   12   12   14   14   13   14   14   10   15   10   22   10   10   13   23   10   12   23   13   12   25   11   14   14   15   11   13   21   12   14   14   10   10   11   14   14   11   15   14   25   10   11   12   14   11   14   13   21   12   21   11   14   11   10   10   10   12   14   15   12   13   13   12   11   12   10   14   15   14   13   10   25   14   14   10   14   13   11   10   10   14   11   10   22   10   12   13   12   10   10   24   14   12   11   10   14   15   13   12   13   15   12   12   13   13   14   10   10   12   23   13   12   14   13   10   10   15   12   12   13   10   21   14   11   12   14   15   15   12   10   15   14   12   14   24   23   15   14   12   10   10   11   12   13   13   11   13   15   11   15   11   15   10   13   15   21   14   11   10   14   11   10   14   12   14   10   13   14   24   15   13   12   11   12   12   22   15   12   14   25   23   12   14   13   10   12   13   10   12   25   12   14   12   13   21   12   15   14   10   12   10   14   13   13   13   13   25   15   11   11   14   11   10   10   13   10   25   10   15   14   10   10   13   11   11   15   22   15   10   11   11   10   15   12   14   12   14   11   14   15   13   10   13   13   15   14   10   15   14   14   10   12   14   10   15   14   15   14   11   15   12   11   12   21   12   14   13   15   14   12   15   12   12   13   11   11   14   15   12   12   15   13   12   14   12   13   13   12   12   11   11   15   13   13   11   21   21   24   10   10   10   15   12   14   10   13   10   13   12   12   25   13   24   13   10   21   12   24   10   21   14   10   11   12   10   13   25   13   10   21   11   12   11   10   12   10   12   12   14   10   10   14   11   12   24   11   10   13   13   25   12   25   15   10   12   11   13   15   25   21   12   11   14   10   23   14   13   15   13   15   12   11   13   15   11   11   14   10   13   14   11   13   25   10   12   14   14   15   14   11   12
  16   18   15   16   17   17   16   18   13   12   18   12   28   15   13   13   11   25   12   15   15   12   13   16   15   17   15   17   18   12   17   17   15   15   16   17   11   14   14   11   16   14   15   13   18   27   13   17   15   30   17   17   16   17   18   16   16   18   17   16   18   14   16   18   18   13   18   18   12   14   17   18   15   17   14   16   15   14   13   12   16   26   16   18   12   27   18   18   12   13   17   12   17   13   15   16   12   15   18   15   18   27   30   17   12   15   25   16   12   15   17   14   26   17   15   15   28   14   12   12   12   12   15   13   27   17   30   17   16   18   14   30   26   12   13   16   18   12   17   28   14   13   30   16   13   12   29   25   12   17   18   16   17   17   12   25   16   18   15   13   14   17   13   25   17   18   16   17   13   12   16   17   12   14   13   13   13   13   12   12   16   12   12   14   11   16   27   17   13   13   13   17   30   16   13   16   17   30   17   28   16   15   11   15   17   16   17   16   17   15   15   29   18   12   13   17   15   12   16   14   13   28   16   13   29   18   18   17   16   12   15   17   17   16   17   13   17   17   16   18   13   12   30   13   30   16   11   15   27   14   11   13   12   14   11   14   16   14   13   29   29   18   15   13   25   18   15   17   14   18   12   15   13   28   15   17   14   16   11   12   12   17   13   13   18   30   12   14   29   16   17   12   17   12   15   18   13   18   30   17   16   15   16   17   15   16   14   17   15   13   15   16   12   16   18   13   14   18   16   17   14   14   13   13   26   18   28   25   26   15   15   15   14   15   11   18   26   17   15   16   14   15   18   15   13   11   13   14   18   17   18   18   17   18   12   14   15   14   17   15   13   27   18   28   16   14   17   11   27   14   14   13   14   16   12   13   29   14   12   18   15   15   11   17   12   26   17   16   13   14   15   17   17   11   15   18   15   13   17   13   15   17   17   15   13   16   13   17   14   16   18   15   12   16   14   15   17   17   14   16   12   16   17   17   26   13   13   18   17   18   16   14   13   15   14   12   13   12   18   13   13   15   14   13   11   12   16   30   18   18   15   13   15   16   15   12   14   17   18   16   26   18   12   15   16   16   18   18   30   17   16   17   15   12   26   18   11   14   14   15   14   15   16   12   15   16   13   17   13   15   27   29   15   17   14   14   27   13   18   18
  11   11   20   11   10    9   13   10   12   12   13    9   12   13   13   10   12   13   10    9   10    9   14   11   10    9   19    9    9    9   12   13   11   13   21   14   22    9   13   10   14   10   13   11    9   10   10   11   10   14   10   12    9    9   10    9   10    9   13    9   10   11   10    9   11   10   13   11   13   12   13   11   10   11    9   12    9   13   13   10   11   11   21   12   13   13   22   12   11   11    9    9   12   10   12   10   10   10   19   10   10   12   12   12   11   14   10   20   12   11   14   14    9    9   11   12   23   10   21   10   11   14   12   14   12   10   13   13   10   13   14   13   20   10   21   13   12    9   11   14   22   12   11    9   21   10    9   11   14   10   14   22   11   13   10   13   10   12   12   11   12   14   11   10   12   11   10   20   11   11   22    9   11   14   10   11   10    9   12   10   10   11   10   14   14    9   11   12   14    9    9   13    9   10   11    9    9   10    9    9    9   11   13    9   10    9   19   22   10   13    9   22   13   11   13   12   11   14   12   12   10   10   22   12    9   23   12    9   11   10   21   12   10   10   12   13   11   13   10   19   21   14    9   12   14   10   11   13   11   23   19    9   11   10   10   10   13   21   10   11    9   12   13   19   12   10   10   14   13    9   12   11   11   21   14    9   13   12   12   12   12   10    9   12   10    9   13   13   11   11    9    9   21    9   11   14   12   12   10   11   13   20   11   11    9   14   10   12   22   11    9   12    9    9   23   22   14    9   12   22   10   22   10   11   20   21   14   11   19   11   10   11   11   11   13    9   12   14   19   10   11   14   14    9   13   19   12   11   12   12   10   23   10   13   14   11   12   10   10   19   12   14   20   12   13    9   12   12   10   10    9   12   12   11   11   12   23    9   12   13    9   12   11   11   13   14   12   13   10   13    9   11   12   12   14   12    9   13   13   22   12   12   20   14   13    9   14   11   10   11   14   12   14   12   11   12   12    9   13   10   12   10   13   11   11   12    9   12   13   13   10   12   14   11   12   13   11    9    9   12   10   10   11   12   20   23   12   13   12    9   13   13   13   13   10   14   12   20   10   11   12   12   12   13   14   12   12   11   12   13   13   11   11   12   11    9   23   10   10   13   14    9   13   21   14   11   13   12   11   13   12   13   10   20   13    9   11   13    9   11
  20   17   15   18   31   21   13   19   18   21   14   14   20   13   14   14   18   16   18   20   21   19   18   30   19   16   16   20   14   14   20   16   13   17   34   18   18   17   19   18   13   19   16   20   20   17   32   21   18   35   20   18   13   20   31   14   34   21   19   34   21   29   34   17   19   18   14   35   18   16   17   20   21   20   14   21   13   17   21   17   15   30   16   18   16   13   14   17   21   15   15   29   16   19   33   34   19   17   20   29   16   21   18   17   15   14   19   14   16   21   20   14   17   30   19   21   20   18   17   30   15   21   21   18   21   14   17   17   33   32   15   21   18   20   18   16   17   19   17   16   21   19   16   14   16   20   13   19   31   21   19   34   19   19   29   31   15   20   16   13   21   14   18   18   16   17   21   18   19   31   15   14   29   16   19   31   21   21   15   21   13   14   18   14   16   20   14   21   19   14   20   14   13   16   17   16   18   32   19   17   31   16   14   17   16   21   17   34   18   20   13   21   19   14   16   21   19   33   21   18   14   34   16   19   20   18   19   17   34   33   20   17   17   20   21   13   34   15   21   21   15   32   13   19   18   20   20   34   17   19   15   34   16   20   31   21   29   20   17   15   19   20   21   17   16   20   20   16   20   16   19   19   17   18   14   34   21   21   20   19   15   15   17   15   14   17   15   14   17   18   14   15   19   21   14   18   20   15   29   17   17   17   21   18   20   13   32   17   14   15   13   13   13   21   21   17   17   35   15   15   21   15   15   20   30   17   21   16   16   21   16   14   17   14   18   33   20   15   13   32   15   21   19   17   13   21   21   19   15   19   16   18   17   34   21   18   21   14   15   20   18   16   16   18   20   17   18   15   17   34   18   15   31   13   21   19   18   16   16   21   15   20   21   18   35   17   17   20   14   17   18   34   30   18   16   15   13   19   17   14   18   17   19   19   14   14   21   21   15   19   13   18   18   19   17   19   15   14   18   19   18   14   14   17   20   21   19   20   14   14   15   16   20   21   19   18   15   17   15   21   21   19   20   18   16   21   21   14   17   20   14   14   18   20   21   13   21   14   20   13   15   18   14   16   14   18   15   17   16   15   18   32   34   14   20   31   18   13   18   14   15   14   13   15   17   14   19   34   20   30   19   21   35   15   20   19   31   14   15   18
   7    7    8    7    7    7    6    7    5    6    6   12   13    6    8    7    7    7    6    5    5    6    5    6    7    6    8    5    7    5   11    6    8    7    7    7    6    6    7    5    6    7    6    7    7    6    8    7    6    6    8    7    7    5    5   11    7    8    6    5   12    7    7    6    6    7   11    7    8    8    7    8    7    6    7    6   13    8   11    5    6    8    6    5    6    5    7    5    8   11    8    8    7    7    6    6    8    6   12    6    6    7    5    7    8   12    5   12    5   13    6    6    5    5    5    7    7    7    8    7    6    7    6    6    7    5    5    7    8    6    6    7    6   12    7   11    5   13    8    7    7    7    8    6    7    7    5   11    7    6    7    7    7    6    7    8    6    7    7    8    5    6    5    5    7    6    5   13    6   12    6    8    7    6    7    8    6   12    8    6    6    7    6    7    6    8    6    7    8    6    5    6    6    6    6    8    7    7    8    7    6    7    8    8    5    6    8    7    6    6    8    5    7    6    6    5    6    7    5    6    6    6    6    6   12    7    7    5    8    6    7    6    5    6    6    6    6    5    5    7    5    8   13    8   11    6    7    7    6    7    7    6    7    6    5    6    6    8    6    6    6   13    6    7    5   11    7    7    6    6    6    8    7    6    6    8    8    5   13    7    5    6    5    7    6    5    7    7    5    5    8    8    6    7    5    8    6    7    5    5    7    6   12    6   12    5    5    8    8    7    5    8    6    5    7   11    6   11    5    5    7    6    7    6    5    7    8    7    5    7    7    7    7    5    8   12    6   12    6    5    7    7    7    7    6    7    7    8    5    5    5    5    7    6    7    5    6    8    5    8    8    8    7    7    8    5    6    7    7    6    7    5    8    6    7   11    6    7   13    5    5    8    6    7    8    8    8    7    8    7    7   13    8    6   11    6    6    6    7    6    7    5    6    8    7    8    8    5    6    8    6    6    7    8    6    6    6    8    7    5    6   12    6    6    7    8   11    7   12    6    8    6    5    6    8    7    8    6    8    5    6    6   11    6    7    5    7    7    6    7    8    5    6    7   11    6    7    7    7    5   12    5    7   12    7    7    5    5    6    8    8    6    5    6    6    7   11    7    6    5    7   12    7    8    6    6    7    6    5    7    6    7    7    7    6    6    7    6    5    6
  12   14   11   12   13   15   12   11   13   11   11   15   11   11   13   14   28   13   14   14   16   17   12   13   26   17   14   17   15   12   14   16   14   14   28   12   16   12   13   12   14   13   12   16   15   17   13   10   16   12   13   24   17   17   11   16   27   16   16   15   11   12   14   13   25   12   13   24   12   13   16   11   15   12   15   28   12   16   15   14   14   14   15   14   15   11   11   11   13   11   25   11   11   11   17   16   12   17   11   15   11   15   16   11   17   16   11   16   28   14   16   11   28   16   14   14   13   13   11   13   27   12   17   15   12   12   15   11   25   13   13   15   16   15   27   27   15   15   11   13   14   14   13   25   11   12   14   17   11   15   15   11   11   14   11   17   13   15   13   11   14   15   24   15   16   16   13   12   17   11   13   11   13   12   15   14   15   14   13   12   12   12   12   17   14   11   11   15   16   26   14   12   12   11   13   12   12   11   16   26   16   16   11   15   13   24   11   15   12   11   11   12   15   15   14   12   14   13   11   15   16   16   12   16   11   27   11   27   16   16   16   16   14   13   16   13   11   23   14   14   15   13   15   14   17   17   13   12   12   16   13   13   14   11   13   27   16   14   17   16   15   15   12   15   16   24   12   15   14   15   12   16   14   14   11   13   27   13   12   14   13   12   16   15   17   11   17   10   12   12   10   13   15   13   13   13   25   14   13   12   10   11   12   15   16   14   13   12   12   15   16   16   11   15   16   11   12   15   27   11   17   15   24   13   12   12   17   11   13   17   15   13   26   15   11   25   17   28   13   16   10   24   14   12   13   11   11   15   15   13   16   16   15   13   15   17   27   10   15   16   11   12   13   12   15   11   12   16   26   15   12   15   13   10   27   14   12   14   13   15   14   12   23   13   28   15   24   11   13   24   26   12   15   15   24   14   14   13   16   13   17   10   16   11   15   12   27   11   17   11   11   13   13   15   15   13   11   16   16   17   11   12   15   15   17   15   12   11   14   16   16   13   13   14   15   13   14   11   14   17   16   14   14   12   14   11   13   14   11   24   15   13   15   13   13   15   15   14   16   16   16   11   13   16   14   13   13   11   13   16   25   16   11   17   12   23   16   13   12   12   16   13   15   17   16   13   16   16   14   11   25   15   13   15   12   11   14   17   12   27
  21   17   17   32   34   14   14   18   15   15   19   14   14   32   17   20   16   18   15   17   13   16   20   14   13   14   16   16   18   21   17   20   35   16   21   17   17   29   18   19   19   13   13   21   19   21   20   31   20   20   21   34   21   16   13   21   20   18   21   17   15   20   19   16   16   13   17   33   19   15   18   18   14   18   31   17   33   15   34   16   30   19   18   17   31   31   18   13   19   18   18   14   21   15   15   21   18   14   21   15   19   17   31   16   17   20   14   20   17   19   18   20   20   20   14   17   30   18   20   17   13   19   21   15   13   17   19   33   18   21   31   15   35   16   16   18   20   14   29   21   20   16   14   32   14   14   18   19   21   33   21   16   30   17   16   18   16   18   15   14   18   14   21   20   18   14   17   20   19   17   20   21   21   14   19   19   20   20   18   16   20   20   14   17   32   19   35   17   30   17   20   15   18   14   14   15   21   15   14   17   18   30   17   20   20   13   20   16   15   21   17   19   18   14   19   14   34   17   19   20   19   19   14   14   18   16   17   19   19   16   21   33   13   20   33   20   16   30   17   17   14   15   20   14   21   15   19   33   14   14   34   17   21   20   21   35   20   18   20   16   20   19   21   17   16   19   15   15   20   17   15   18   21   15   15   18   19   13   20   21   20   15   20   13   17   18   16   34   16   32   21   18   13   14   13   14   15   14   15   15   20   35   20   16   21   15   19   19   14   14   17   18   21   17   18   16   19   13   17   19   16   15   15   17   18   19   21   18   16   15   35   16   20   30   15   20   17   17   16   21   15   21   34   18   19   20   14   19   14   20   18   21   17   15   18   20   18   16   15   15   21   16   17   13   15   21   13   21   17   14   16   35   20   20   15   13   19   17   16   16   19   18   20   18   15   16   16   18   17   14   20   18   19   17   21   15   16   13   16   20   18   14   17   19   19   21   20   21   14   17   21   16   21   19   21   31   21   13   19   17   19   16   18   16   16   14   21   14   17   15   17   20   35   34   18   18   16   18   16   14   35   19   21   15   14   13   17   14   16   20   18   15   32   18   17   14   20   21   16   18   32   20   20   20   19   16   15   34   20   20   20   16   16   19   29   17   16   18   21   20   17   16   14   16   16   21   13   14   32   18   30   14   19   19   19   17   14   20   20   20
  26   18   18   17   18   18   16   17   30   17   13   12   15   28   15   16   28   27   17   14   28   18   14   18   28   13   17   15   18   25   13   12   13   14   14   16   18   12   17   14   13   29   14   15   17   18   17   14   13   17   12   29   29   16   14   17   26   15   15   18   12   16   13   18   16   14   17   16   18   14   12   12   12   15   12   17   13   12   16   12   13   25   18   13   13   14   18   17   12   15   14   13   15   17   14   15   17   12   25   14   12   30   18   16   29   15   18   17   17   18   17   27   12   12   17   15   15   14   12   17   12   30   13   16   16   17   12   13   18   16   16   17   16   18   11   13   13   17   18   16   15   18   14   14   12   18   15   16   16   17   13   17   16   14   11   14   17   27   14   12   17   17   15   16   15   16   13   26   26   29   16   14   17   17   17   14   15   15   16   27   18   12   16   18   14   15   18   13   14   18   16   25   12   14   16   12   15   15   11   15   17   12   16   14   27   18   12   18   16   14   18   18   13   14   16   14   17   13   17   12   17   13   18   12   25   12   17   12   13   14   16   17   11   30   18   27   13   12   12   17   27   16   12   14   17   17   17   16   17   25   11   18   14   16   15   18   15   13   16   29   12   17   17   14   18   13   15   13   14   18   16   15   13   14   14   17   15   30   17   18   16   26   13   16   13   14   17   15   18   17   12   16   18   14   14   12   13   14   26   15   15   12   18   16   14   14   14   15   17   15   18   15   15   13   12   14   16   12   14   14   17   15   17   12   18   14   13   15   14   17   12   15   18   16   30   14   18   17   17   26   25   13   12   14   26   30   17   12   15   15   16   12   14   16   16   13   14   15   17   15   16   16   13   12   12   16   12   28   15   16   29   17   18   18   17   15   15   16   12   17   15   17   17   16   17   18   12   25   25   12   13   18   15   13   17   15   13   18   12   14   18   15   15   18   16   16   18   13   16   14   18   17   14   14   17   13   13   16   18   16   12   17   18   16   27   15   16   13   17   18   14   13   12   16   12   15   14   13   17   27   18   17   16   18   13   15   25   17   28   26   18   12   27   17   14   11   17   16   12   18   18   17   12   26   14   16   12   25   13   14   14   13   12   11   14   13   25   16   13   14   13   18   16   14   12   16   15   13   12   17   14   15   27   12   14   15   13   15   12   18
  14   13   17   11   25   16   14   14   25   14   16   13   16   13   16   15   12   15   13   11   15   26   17   15   15   16   17   14   13   15   11   11   15   17   14   27   15   14   26   16   14   26   14   16   24   14   11   14   13   17   14   16   15   14   17   26   17   24   12   11   12   14   11   16   13   11   12   14   16   14   16   11   25   14   13   12   12   17   17   16   14   12   13   17   11   12   11   15   13   15   16   14   15   17   23   17   25   14   14   14   15   16   13   15   16   17   16   17   13   14   26   12   12   27   25   11   13   15   24   16   17   14   16   16   14   11   16   15   17   15   12   14   16   27   12   14   25   24   14   11   28   14   14   11   13   13   11   13   17   17   15   25   12   12   11   11   23   17   14   16   15   11   13   13   13   14   16   11   16   26   11   13   17   11   13   12   12   14   11   15   14   13   10   13   13   14   11   12   13   26   23   13   27   11   15   16   13   13   11   11   14   15   15   11   25   13   27   17   15   13   26   16   13   11   16   13   13   12   14   16   11   12   11   12   12   27   13   12   11   11   12   13   10   12   11   11   27   15   12   13   12   11   15   25   16   13   28   13   14   15   12   17   15   12   11   11   24   23   11   24   25   13   12   15   17   24   16   14   15   16   17   11   12   13   13   16   13   14   23   15   16   10   17   11   15   10   13   16   27   12   16   11   16   16   16   16   13   14   16   12   24   12   15   11   16   11   16   13   14   16   13   12   17   12   15   13   14   16   12   11   23   14   14   12   11   12   13   16   15   14   24   14   13   17   14   13   16   12   12   16   13   11   12   14   11   11   14   15   11   10   14   16   12   11   16   12   14   13   16   12   14   11   15   27   12   16   16   27   11   11   17   16   16   11   24   11   13   16   10   16   12   26   14   17   13   13   12   12   14   17   16   15   13   13   17   23   12   16   12   15   14   17   15   16   13   11   11   12   14   12   12   13   14   12   24   15   16   17   14   15   14   11   15   11   12   10   28   12   16   15   15   15   11   12   16   14   16   13   16   16   16   14   14   13   12   15   14   26   15   14   15   16   16   13   15   16   11   11   11   14   13   16   11   14   12   16   12   13   11   15   17   14   12   11   14   12   16   16   27   16   12   11   27   15   16   11   16   27   13   17   13   17   16   12   24   13   14   15   15   12
  21   23   14   20   16   21   17   18   17   16   18   20   16   16   20   18   18   33   15   17   18   32   19   21   22   35   17   18   18   23   20   21   18   21   15   37   19   17   33   22   18   16   18   20   15   15   15   17   21   20   20   16   18   20   34   19   14   19   22   15   22   21   21   32   18   23   23   15   21   14   15   22   20   19   20   18   18   22   23   16   36   18   20   17   32   21   17   16   15   18   17   15   21   18   18   14   18   21   21   16   19   16   22   22   23   18   22   20   22   22   14   20   17   18   19   15   14   17   32   17   16   19   20   18   33   15   31   22   16   17   16   23   22   19   18   22   15   37   17   16   18   21   22   19   16   19   18   22   22   22   19   34   18   22   34   16   16   20   20   16   19   21   20   20   23   18   19   21   15   19   19   22   16   14   16   22   20   17   20   33   20   16   20   18   17   20   21   16   20   21   16   20   17   14   33   35   19   15   15   23   17   23   21   20   17   22   22   22   21   35   34   21   36   15   21   18   18   19   18   22   22   21   22   20   22   19   32   34   16   36   17   17   21   22   22   19   16   14   21   21   16   19   19   18   36   21   18   35   17   20   32   19   20   22   16   34   20   16   32   21   19   20   16   19   21   32   14   22   15   14   23   17   34   21   31   21   21   18   22   18   21   16   23   20   17   17   36   16   35   35   17   33   18   20   22   20   23   16   18   17   31   17   34   15   35   18   35   17   20   20   22   21   23   14   21   18   14   19   14   23   36   15   16   22   22   15   21   18   14   16   20   33   14   22   21   16   32   17   16   21   18   20   38   19   21   38   19   20   19   19   17   37   20   19   23   19   21   23   19   16   23   16   22   15   15   20   22   15   18   18   20   19   22   23   22   15   23   19   19   20   21   20   21   16   17   18   15   17   33   17   22   14   16   22   20   15   21   16   20   17   14   14   34   20   17   17   15   33   21   18   22   20   17   17   15   16   16   17   17   21   17   23   19   20   19   22   17   16   33   22   19   38   31   18   21   37   19   15   14   17   22   17   14   15   19   14   16   19   14   18   37   38   19   15   23   15   21   18   22   17   17   22   18   16   16   21   19   16   18   33   19   33   16   22   22   20   23   20   14   15   15   17   22   18   16   32   14   20   37   22   14   17   36   18   21   18   17   19   18   22
  32   20   21   16   20   14   20   20   16   17   19   19   20   34   20   14   20   16   20   21   21   19   13   14   20   15   20   20   14   21   15   20   13   19   17   15   21   21   18   21   34   16   21   18   19   18   21   17   14   18   21   16   18   21   18   18   18   31   18   19   21   18   19   14   32   20   21   21   15   13   18   31   20   18   20   18   21   17   21   20   15   17   14   16   32   13   21   19   20   17   16   17   29   20   18   35   19   20   14   16   14   34   16   18   15   19   18   21   20   21   18   32   14   17   19   16   19   19   16   19   17   14   18   13   19   20   18   16   13   20   16   13   19   15   19   14   19   21   17   32   33   32   15   20   21   15   32   17   20   19   17   16   19   31   34   21   14   14   18   31   20   14   20   20   19   34   19   19   20   19   35   20   21   19   17   21   21   13   17   30   20   17   20   14   16   16   19   19   18   14   21   19   16   19   17   18   19   16   14   15   18   34   16   15   16   18   20   15   30   13   15   18   17   21   21   16   17   20   14   21   29   21   21   15   17   20   14   21   14   21   15   15   15   15   15   21   16   13   15   35   19   13   15   17   17   20   35   14   20   15   14   17   31   19   33   19   21   15   29   16   19   18   21   18   14   16   18   20   18   14   20   20   21   18   21   20   20   21   29   21   18   15   19   21   21   14   18   17   15   21   18   16   17   15   32   13   17   15   33   20   14   19   20   17   14   20   14   21   18   21   21   21   13   19   18   15   20   21   16   15   21   35   15   19   15   16   16   29   15   34   16   18   16   20   21   30   20   16   21   15   15   18   17   29   14   14   20   21   33   21   17   18   13   14   21   18   30   19   17   30   14   18   19   21   15   14   19   17   19   17   15   17   16   14   14   20   17   15   19   29   14   13   18   15   13   18   17   15   18   17   16   21   15   17   18   21   15   20   18   32   17   35   20   13   14   20   21   19   19   21   18   21   18   18   14   19   13   15   15   29   17   18   17   15   16   15   16   17   19   14   20   33   15   21   16   19   21   19   16   20   16   19   34   16   15   31   29   15   16   14   18   15   19   29   13   17   16   13   20   20   14   17   13   16   17   15   15   15   18   16   20   20   14   17   18   13   19   14   15   14   15   19   14   16   31   20   32   18   19   16   15   19   21   14   16   19   14   16   31   14
  12   12    9   11   11   10    9   11    8    9   10    9   12    9   17   12   12   10   11    9   12    9   10    9    8   10    9    9    9   10   11    9   12    8    9   12    9   10   11    8   17   12   10   10    8   12   11   10   12    8   10   10   12   10   12    8   10   18   11   11    9   10   10   12    8   12   11   10   17    9    8   12   11    9    8   10    8    8   11    8    8   19   10   10   11    9   12   11   12   10    8   10   10   18   11   18   11   18   11   11   11   12    9   20    9   10   11   12    9    9   18   18   20   10   11    9   11    9   19    9    9   12   10   10    9    9   12   18   18    8   10   12   10   11    8   11   11   11    8   10    8    8   10    9   10   12   11   12    8   12   18    9    9    8   11    9   20   17    9    9   20   19    8   10    8   10   12    9    9   11   18   11   11    8   11   12   11    9   12   12    9   11    9   19   11   11   12   12    8   11    9    9   12   12    9   12   12   11   11   12   12   10   11   12   11   10   10   12   12    8   12   11   12   11    9    9   17   10   11   11    9    9   11   11   10    8   20    8   12    9   12   12    9   10    9   18   11   17    8   11    9   10   11   19   17   10    9    9   10   11   10    9    9   10   10   11    8   11   12   12    8   12   11   12    8    9   18   11    9   11   11   10   10    8   12   11    9    9   11    9   10   11    9    9   10   10    8   12   12   10   20   11    8   10   11    8    9   12   12   10    8   10   12    9   12   10   12   11   11    9   10    8   10   10    9    8    9    9    8   10    8   19   11   11   10   17   12   11   10   10   12    8   12   11   11   11    9    8   10    8   12   19   10   10    8   11   18    9   10   10    8   11    9   11   12    8   12   11   10   10    9    9   12    8   11    9   11   11    8   10   12   10    9   10    9   10   12    9   11   12    9   12   11    8    9   20    9   11   11   12    8   12    8    8   19    8   11   10   11   10   18   11   11   10    9   11    9   18   20    8    8   10    8    9    9   10   19   10   12   12   11   10   18   10   11   10   20   10   11   10   11    9    8   12    9    8   11    8    8    8    8   10   11   12   19   12   12   10    8   10   10    9   10   10    9    9    9   11    8    8   20    9    9    9   17   20   18   12    8   12   10    9   10   11   11   11    9   20   12   10   17   10   11    8   17   11   10   10   12   10    8   11   19    9    9    8   12   10   12    9
  18   13   14   18   13   14   17   15   15   29   16   14   17   19   13   29   12   15   28   14   13   17   18   15   19   14   15   14   20   32   13   16   14   15   13   15   18   15   14   18   19   18   14   29   20   19   16   27   20   18   18   14   19   20   19   14   16   14   16   31   15   14   16   16   18   18   19   14   12   13   18   19   19   13   17   29   32   17   18   31   27   20   19   18   19   19   18   13   18   30   12   14   15   17   19   19   18   19   20   13   16   18   20   18   16   15   28   20   18   20   16   17   16   15   18   20   17   19   33   19   17   18   14   14   18   17   19   16   14   13   16   18   13   15   17   13   12   15   18   16   14   18   17   19   14   15   18   16   17   17   16   13   15   32   15   13   14   14   15   27   17   19   15   14   32   18   20   20   19   17   18   16   15   16   17   16   19   16   13   19   15   18   13   14   15   18   17   15   14   17   30   32   14   15   17   18   13   29   14   14   12   14   18   19   20   17   17   18   17   16   14   14   18   18   18   13   17   17   19   14   19   14   16   13   19   17   16   14   13   13   20   13   18   14   19   14   13   14   19   16   19   15   13   19   19   17   17   16   15   19   31   18   19   15   16   19   17   19   19   16   17   16   12   19   14   13   17   19   17   17   20   14   15   14   19   16   19   20   14   17   14   13   18   17   18   20   13   14   13   28   13   12   14   18   17   12   12   18   32   14   16   20   17   14   20   16   15   30   16   13   15   17   16   15   14   19   12   14   28   19   13   18   15   14   31   15   13   12   17   15   15   17   19   13   19   17   20   19   17   28   12   16   13   32   29   15   16   16   19   13   13   14   12   19   14   12   18   18   14   30   14   19   16   16   13   13   16   13   32   30   16   14   14   15   13   14   20   17   18   20   13   13   18   15   15   16   14   19   12   15   32   17   12   16   30   30   32   17   13   17   16   16   15   12   14   18   27   15   16   17   15   16   16   15   12   20   32   16   19   13   15   17   13   16   16   17   17   13   17   29   17   14   20   28   19   15   16   18   14   17   16   17   19   16   31   13   19   16   16   20   14   16   12   18   15   15   18   31   15   17   19   19   13   19   15   14   17   32   16   13   27   20   20   16   27   16   16   27   18   18   15   28   13   17   12   19   18   18   14   12   18   16   20   15   16   13   13   17   13   14
